HMMER3/f [3.3.2 | Nov 2020]
NAME  vHMM_21192
LENG  195
ALPH  amino
RF    no
MM    no
CONS  yes
CS    no
MAP   yes
DATE  Sat Feb 27 13:44:01 2021
NSEQ  4
EFFN  0.402344
CKSUM 1761658657
STATS LOCAL MSV      -10.4461  0.70566
STATS LOCAL VITERBI  -11.3676  0.70566
STATS LOCAL FORWARD   -4.9006  0.70566
CUTOFF SCORE	358.88
TAXON	Cystoviridae
TXID	10877
PROTEIN	Membrane assembly
TYPE	Full-length
RANGE	Wide
HMM          A        C        D        E        F        G        H        I        K        L        M        N        P        Q        R        S        T        V        W        Y   
            m->m     m->i     m->d     i->m     i->i     d->m     d->d
  COMPO   2.34641  4.01392  2.93121  2.95141  3.37368  2.73025  3.78736  2.75912  2.87404  2.39088  3.57874  3.30496  3.08381  3.23588  3.14947  2.61901  2.83341  2.37116  5.13439  3.74690
          2.68618  4.42225  2.77519  2.73123  3.46354  2.40513  3.72494  3.29354  2.67741  2.69355  4.24690  2.90347  2.73739  3.18146  2.89801  2.37887  2.77519  2.98518  4.58477  3.61503
          0.03394  3.79585  4.51819  0.61958  0.77255  0.00000        *
      1   2.91144  4.47319  3.96799  3.55732  3.17835  3.77684  4.31030  2.34647  3.32892  1.78624  1.53332  3.84376  4.23852  3.71682  3.54291  3.25177  3.21604  2.34324  5.00794  3.76195      1 m - - -
          2.68618  4.42225  2.77519  2.73123  3.46354  2.40513  3.72494  3.29354  2.67741  2.69355  4.24690  2.90347  2.73739  3.18146  2.89801  2.37887  2.77519  2.98518  4.58477  3.61503
          0.03394  3.79585  4.51819  0.61958  0.77255  0.48576  0.95510
      2   2.74801  4.31390  4.01740  3.68015  3.49623  3.64235  4.49576  2.06134  3.54665  2.19812  3.47515  3.88167  4.20856  3.91289  3.76614  3.14265  3.11235  1.12783  5.26699  3.99291      2 v - - -
          2.68618  4.42225  2.77519  2.73123  3.46354  2.40513  3.72494  3.29354  2.67741  2.69355  4.24690  2.90347  2.73739  3.18146  2.89801  2.37887  2.77519  2.98518  4.58477  3.61503
          0.03394  3.79585  4.51819  0.61958  0.77255  0.48576  0.95510
      3   2.97152  4.41421  4.22264  3.83718  3.32466  3.98025  4.58086  1.17841  3.66364  1.92884  3.27443  4.09334  4.42066  4.02108  3.86910  3.46981  3.27286  1.84999  5.19813  3.92838      3 i - - -
          2.68618  4.42225  2.77519  2.73123  3.46354  2.40513  3.72494  3.29354  2.67741  2.69355  4.24690  2.90347  2.73739  3.18146  2.89801  2.37887  2.77519  2.98518  4.58477  3.61503
          0.03394  3.79585  4.51819  0.61958  0.77255  0.48576  0.95510
      4   2.57516  4.35592  3.23299  3.12383  4.26326  0.85784  4.24698  3.84589  3.29441  3.50933  4.48601  3.39780  3.74458  3.62500  3.53709  2.74524  3.05053  3.38922  5.37683  4.36324      4 g - - -
          2.68618  4.42225  2.77519  2.73123  3.46354  2.40513  3.72494  3.29354  2.67741  2.69355  4.24690  2.90347  2.73739  3.18146  2.89801  2.37887  2.77519  2.98518  4.58477  3.61503
          0.03394  3.79585  4.51819  0.61958  0.77255  0.48576  0.95510
      5   3.07102  4.55716  4.06533  3.70691  3.10991  3.88283  4.38674  2.31233  3.47532  0.97587  3.16059  3.98955  4.33279  3.86210  3.66310  3.44769  3.36958  2.32936  4.95932  3.66429      5 l - - -
          2.68618  4.42225  2.77519  2.73123  3.46354  2.40513  3.72494  3.29354  2.67741  2.69355  4.24690  2.90347  2.73739  3.18146  2.89801  2.37887  2.77519  2.98518  4.58477  3.61503
          0.03394  3.79585  4.51819  0.61958  0.77255  0.48576  0.95510
      6   3.07102  4.55716  4.06533  3.70691  3.10991  3.88283  4.38674  2.31233  3.47532  0.97587  3.16059  3.98955  4.33279  3.86210  3.66310  3.44769  3.36958  2.32936  4.95932  3.66429      6 l - - -
          2.68618  4.42225  2.77519  2.73123  3.46354  2.40513  3.72494  3.29354  2.67741  2.69355  4.24690  2.90347  2.73739  3.18146  2.89801  2.37887  2.77519  2.98518  4.58477  3.61503
          0.03394  3.79585  4.51819  0.61958  0.77255  0.48576  0.95510
      7   2.90473  4.86144  3.07543  2.71386  4.23027  3.40035  3.72182  3.65519  1.14858  3.23810  4.20559  3.14102  3.90771  2.91909  2.42439  2.95288  3.16474  3.36797  5.31804  4.12045      7 k - - -
          2.68618  4.42225  2.77519  2.73123  3.46354  2.40513  3.72494  3.29354  2.67741  2.69355  4.24690  2.90347  2.73739  3.18146  2.89801  2.37887  2.77519  2.98518  4.58477  3.61503
          0.03394  3.79585  4.51819  0.61958  0.77255  0.48576  0.95510
      8   3.14008  4.66011  3.72657  3.44335  2.30224  3.74197  3.58859  3.16031  3.30306  2.63360  3.84391  3.63166  4.21853  3.62755  3.50176  3.28379  3.42693  3.02751  3.94245  1.10351      8 y - - -
          2.68618  4.42225  2.77519  2.73123  3.46354  2.40513  3.72494  3.29354  2.67741  2.69355  4.24690  2.90347  2.73739  3.18146  2.89801  2.37887  2.77519  2.98518  4.58477  3.61503
          0.03394  3.79585  4.51819  0.61958  0.77255  0.48576  0.95510
      9   3.07102  4.55716  4.06533  3.70691  3.10991  3.88283  4.38674  2.31233  3.47532  0.97587  3.16059  3.98955  4.33279  3.86210  3.66310  3.44769  3.36958  2.32936  4.95932  3.66429      9 l - - -
          2.68618  4.42225  2.77519  2.73123  3.46354  2.40513  3.72494  3.29354  2.67741  2.69355  4.24690  2.90347  2.73739  3.18146  2.89801  2.37887  2.77519  2.98518  4.58477  3.61503
          0.03394  3.79585  4.51819  0.61958  0.77255  0.48576  0.95510
     10   2.37506  4.21928  3.36343  3.11426  3.90438  3.06047  4.13698  3.02232  3.05568  2.88842  3.94560  3.33461  3.75891  3.45489  3.31686  2.57569  1.30895  2.72553  5.34910  4.12161     10 t - - -
          2.68618  4.42225  2.77519  2.73123  3.46354  2.40513  3.72494  3.29354  2.67741  2.69355  4.24690  2.90347  2.73739  3.18146  2.89801  2.37887  2.77519  2.98518  4.58477  3.61503
          0.03394  3.79585  4.51819  0.61958  0.77255  0.48576  0.95510
     11   2.65622  4.42412  3.25549  3.08508  4.08325  3.11607  4.16735  3.61068  3.13612  3.24522  4.29321  3.39853  0.98330  3.52735  3.38874  2.82178  3.09223  3.26464  5.28914  4.20354     11 p - - -
          2.68618  4.42225  2.77519  2.73123  3.46354  2.40513  3.72494  3.29354  2.67741  2.69355  4.24690  2.90347  2.73739  3.18146  2.89801  2.37887  2.77519  2.98518  4.58477  3.61503
          0.03394  3.79585  4.51819  0.61958  0.77255  0.48576  0.95510
     12   1.13028  4.15731  3.38741  3.17741  3.97841  2.98341  4.20816  3.09276  3.19172  2.97759  4.01968  3.34558  3.71559  3.54047  3.44632  2.50918  2.78132  2.76062  5.41337  4.20549     12 a - - -
          2.68618  4.42225  2.77519  2.73123  3.46354  2.40513  3.72494  3.29354  2.67741  2.69355  4.24690  2.90347  2.73739  3.18146  2.89801  2.37887  2.77519  2.98518  4.58477  3.61503
          0.03394  3.79585  4.51819  0.61958  0.77255  0.48576  0.95510
     13   2.95375  4.35825  4.42515  3.94040  3.37734  4.15009  4.69644  1.33299  3.79959  1.90298  3.22553  4.19724  4.51704  4.09983  4.02434  3.53487  3.23261  1.51910  5.30829  4.08632     13 i - - -
          2.68618  4.42225  2.77519  2.73123  3.46354  2.40513  3.72494  3.29354  2.67741  2.69355  4.24690  2.90347  2.73739  3.18146  2.89801  2.37887  2.77519  2.98518  4.58477  3.61503
          0.03394  3.79585  4.51819  0.61958  0.77255  0.48576  0.95510
     14   2.90473  4.86144  3.07543  2.71386  4.23027  3.40035  3.72182  3.65519  1.14858  3.23810  4.20559  3.14102  3.90771  2.91909  2.42439  2.95288  3.16474  3.36797  5.31804  4.12045     14 k - - -
          2.68618  4.42225  2.77519  2.73123  3.46354  2.40513  3.72494  3.29354  2.67741  2.69355  4.24690  2.90347  2.73739  3.18146  2.89801  2.37887  2.77519  2.98518  4.58477  3.61503
          0.03394  3.79585  4.51819  0.61958  0.77255  0.48576  0.95510
     15   2.74801  4.31390  4.01740  3.68015  3.49623  3.64235  4.49576  2.06134  3.54665  2.19812  3.47515  3.88167  4.20856  3.91289  3.76614  3.14265  3.11235  1.12783  5.26699  3.99291     15 v - - -
          2.68618  4.42225  2.77519  2.73123  3.46354  2.40513  3.72494  3.29354  2.67741  2.69355  4.24690  2.90347  2.73739  3.18146  2.89801  2.37887  2.77519  2.98518  4.58477  3.61503
          0.03394  3.79585  4.51819  0.61958  0.77255  0.48576  0.95510
     16   2.82391  4.80348  2.85654  2.61232  3.96119  3.31750  3.76918  3.58217  2.43905  3.09197  4.12421  3.07053  3.87128  1.37714  2.72383  2.87594  3.12199  3.31731  5.24801  3.93728     16 q - - -
          2.68618  4.42225  2.77519  2.73123  3.46354  2.40513  3.72494  3.29354  2.67741  2.69355  4.24690  2.90347  2.73739  3.18146  2.89801  2.37887  2.77519  2.98518  4.58477  3.61503
          0.03394  3.79585  4.51819  0.61958  0.77255  0.48576  0.95510
     17   2.91144  4.47319  3.96799  3.55732  3.17835  3.77684  4.31030  2.34647  3.32892  1.78624  1.53332  3.84376  4.23852  3.71682  3.54291  3.25177  3.21604  2.34324  5.00794  3.76195     17 m - - -
          2.68618  4.42225  2.77519  2.73123  3.46354  2.40513  3.72494  3.29354  2.67741  2.69355  4.24690  2.90347  2.73739  3.18146  2.89801  2.37887  2.77519  2.98518  4.58477  3.61503
          0.03394  3.79585  4.51819  0.61958  0.77255  0.48576  0.95510
     18   1.13028  4.15731  3.38741  3.17741  3.97841  2.98341  4.20816  3.09276  3.19172  2.97759  4.01968  3.34558  3.71559  3.54047  3.44632  2.50918  2.78132  2.76062  5.41337  4.20549     18 a - - -
          2.68618  4.42225  2.77519  2.73123  3.46354  2.40513  3.72494  3.29354  2.67741  2.69355  4.24690  2.90347  2.73739  3.18146  2.89801  2.37887  2.77519  2.98518  4.58477  3.61503
          0.03394  3.79585  4.51819  0.61958  0.77255  0.48576  0.95510
     19   1.13028  4.15731  3.38741  3.17741  3.97841  2.98341  4.20816  3.09276  3.19172  2.97759  4.01968  3.34558  3.71559  3.54047  3.44632  2.50918  2.78132  2.76062  5.41337  4.20549     19 a - - -
          2.68618  4.42225  2.77519  2.73123  3.46354  2.40513  3.72494  3.29354  2.67741  2.69355  4.24690  2.90347  2.73739  3.18146  2.89801  2.37887  2.77519  2.98518  4.58477  3.61503
          0.03394  3.79585  4.51819  0.61958  0.77255  0.48576  0.95510
     20   2.92233  4.76304  3.40551  2.93532  4.09822  3.42248  3.77472  3.63624  2.21532  3.16631  4.17040  3.29997  3.93052  3.00054  1.10248  3.01132  3.19466  3.36399  5.21352  4.04414     20 r - - -
          2.68618  4.42225  2.77519  2.73123  3.46354  2.40513  3.72494  3.29354  2.67741  2.69355  4.24690  2.90347  2.73739  3.18146  2.89801  2.37887  2.77519  2.98518  4.58477  3.61503
          0.03394  3.79585  4.51819  0.61958  0.77255  0.48576  0.95510
     21   1.13028  4.15731  3.38741  3.17741  3.97841  2.98341  4.20816  3.09276  3.19172  2.97759  4.01968  3.34558  3.71559  3.54047  3.44632  2.50918  2.78132  2.76062  5.41337  4.20549     21 a - - -
          2.68618  4.42225  2.77519  2.73123  3.46354  2.40513  3.72494  3.29354  2.67741  2.69355  4.24690  2.90347  2.73739  3.18146  2.89801  2.37887  2.77519  2.98518  4.58477  3.61503
          0.03394  3.79585  4.51819  0.61958  0.77255  0.48576  0.95510
     22   3.07102  4.55716  4.06533  3.70691  3.10991  3.88283  4.38674  2.31233  3.47532  0.97587  3.16059  3.98955  4.33279  3.86210  3.66310  3.44769  3.36958  2.32936  4.95932  3.66429     22 l - - -
          2.68618  4.42225  2.77519  2.73123  3.46354  2.40513  3.72494  3.29354  2.67741  2.69355  4.24690  2.90347  2.73739  3.18146  2.89801  2.37887  2.77519  2.98518  4.58477  3.61503
          0.03394  3.79585  4.51819  0.61958  0.77255  0.48576  0.95510
     23   2.57516  4.35592  3.23299  3.12383  4.26326  0.85784  4.24698  3.84589  3.29441  3.50933  4.48601  3.39780  3.74458  3.62500  3.53709  2.74524  3.05053  3.38922  5.37683  4.36324     23 g - - -
          2.68618  4.42225  2.77519  2.73123  3.46354  2.40513  3.72494  3.29354  2.67741  2.69355  4.24690  2.90347  2.73739  3.18146  2.89801  2.37887  2.77519  2.98518  4.58477  3.61503
          0.03394  3.79585  4.51819  0.61958  0.77255  0.48576  0.95510
     24   3.07102  4.55716  4.06533  3.70691  3.10991  3.88283  4.38674  2.31233  3.47532  0.97587  3.16059  3.98955  4.33279  3.86210  3.66310  3.44769  3.36958  2.32936  4.95932  3.66429     24 l - - -
          2.68618  4.42225  2.77519  2.73123  3.46354  2.40513  3.72494  3.29354  2.67741  2.69355  4.24690  2.90347  2.73739  3.18146  2.89801  2.37887  2.77519  2.98518  4.58477  3.61503
          0.03394  3.79585  4.51819  0.61958  0.77255  0.48576  0.95510
     25   2.28072  4.19900  3.14304  2.95724  4.00083  2.93045  4.06826  3.51397  3.02571  3.24092  4.17490  3.19308  3.66335  3.38155  3.31277  1.21285  2.75547  3.06599  5.37995  4.08441     25 s - - -
          2.68618  4.42225  2.77519  2.73123  3.46354  2.40513  3.72494  3.29354  2.67741  2.69355  4.24690  2.90347  2.73739  3.18146  2.89801  2.37887  2.77519  2.98518  4.58477  3.61503
          0.03394  3.79585  4.51819  0.61958  0.77255  0.48576  0.95510
     26   2.65622  4.42412  3.25549  3.08508  4.08325  3.11607  4.16735  3.61068  3.13612  3.24522  4.29321  3.39853  0.98330  3.52735  3.38874  2.82178  3.09223  3.26464  5.28914  4.20354     26 p - - -
          2.68618  4.42225  2.77519  2.73123  3.46354  2.40513  3.72494  3.29354  2.67741  2.69355  4.24690  2.90347  2.73739  3.18146  2.89801  2.37887  2.77519  2.98518  4.58477  3.61503
          0.03394  3.79585  4.51819  0.61958  0.77255  0.48576  0.95510
     27   1.13028  4.15731  3.38741  3.17741  3.97841  2.98341  4.20816  3.09276  3.19172  2.97759  4.01968  3.34558  3.71559  3.54047  3.44632  2.50918  2.78132  2.76062  5.41337  4.20549     27 a - - -
          2.68618  4.42225  2.77519  2.73123  3.46354  2.40513  3.72494  3.29354  2.67741  2.69355  4.24690  2.90347  2.73739  3.18146  2.89801  2.37887  2.77519  2.98518  4.58477  3.61503
          0.03394  3.79585  4.51819  0.61958  0.77255  0.48576  0.95510
     28   2.89002  4.97982  2.46164  1.13983  4.31705  3.22719  3.81005  3.75576  2.68114  3.38625  4.36581  2.89548  3.82878  3.02872  3.08035  2.88163  3.19441  3.44836  5.50331  4.22786     28 e - - -
          2.68618  4.42225  2.77519  2.73123  3.46354  2.40513  3.72494  3.29354  2.67741  2.69355  4.24690  2.90347  2.73739  3.18146  2.89801  2.37887  2.77519  2.98518  4.58477  3.61503
          0.03394  3.79585  4.51819  0.61958  0.77255  0.48576  0.95510
     29   2.74801  4.31390  4.01740  3.68015  3.49623  3.64235  4.49576  2.06134  3.54665  2.19812  3.47515  3.88167  4.20856  3.91289  3.76614  3.14265  3.11235  1.12783  5.26699  3.99291     29 v - - -
          2.68618  4.42225  2.77519  2.73123  3.46354  2.40513  3.72494  3.29354  2.67741  2.69355  4.24690  2.90347  2.73739  3.18146  2.89801  2.37887  2.77519  2.98518  4.58477  3.61503
          0.03394  3.79585  4.51819  0.61958  0.77255  0.48576  0.95510
     30   1.13028  4.15731  3.38741  3.17741  3.97841  2.98341  4.20816  3.09276  3.19172  2.97759  4.01968  3.34558  3.71559  3.54047  3.44632  2.50918  2.78132  2.76062  5.41337  4.20549     30 a - - -
          2.68618  4.42225  2.77519  2.73123  3.46354  2.40513  3.72494  3.29354  2.67741  2.69355  4.24690  2.90347  2.73739  3.18146  2.89801  2.37887  2.77519  2.98518  4.58477  3.61503
          0.03394  3.79585  4.51819  0.61958  0.77255  0.48576  0.95510
     31   1.13028  4.15731  3.38741  3.17741  3.97841  2.98341  4.20816  3.09276  3.19172  2.97759  4.01968  3.34558  3.71559  3.54047  3.44632  2.50918  2.78132  2.76062  5.41337  4.20549     31 a - - -
          2.68618  4.42225  2.77519  2.73123  3.46354  2.40513  3.72494  3.29354  2.67741  2.69355  4.24690  2.90347  2.73739  3.18146  2.89801  2.37887  2.77519  2.98518  4.58477  3.61503
          0.03394  3.79585  4.51819  0.61958  0.77255  0.48576  0.95510
     32   2.97152  4.41421  4.22264  3.83718  3.32466  3.98025  4.58086  1.17841  3.66364  1.92884  3.27443  4.09334  4.42066  4.02108  3.86910  3.46981  3.27286  1.84999  5.19813  3.92838     32 i - - -
          2.68618  4.42225  2.77519  2.73123  3.46354  2.40513  3.72494  3.29354  2.67741  2.69355  4.24690  2.90347  2.73739  3.18146  2.89801  2.37887  2.77519  2.98518  4.58477  3.61503
          0.03394  3.79585  4.51819  0.61958  0.77255  0.48576  0.95510
     33   2.91040  5.02118  1.03459  2.29415  4.38876  3.15538  3.86864  3.96018  2.93912  3.58318  4.56156  2.84580  3.80303  3.10913  3.44324  2.88288  3.24807  3.60825  5.57214  4.27689     33 d - - -
          2.68618  4.42225  2.77519  2.73123  3.46354  2.40513  3.72494  3.29354  2.67741  2.69355  4.24690  2.90347  2.73739  3.18146  2.89801  2.37887  2.77519  2.98518  4.58477  3.61503
          0.03394  3.79585  4.51819  0.61958  0.77255  0.48576  0.95510
     34   2.57516  4.35592  3.23299  3.12383  4.26326  0.85784  4.24698  3.84589  3.29441  3.50933  4.48601  3.39780  3.74458  3.62500  3.53709  2.74524  3.05053  3.38922  5.37683  4.36324     34 g - - -
          2.68618  4.42225  2.77519  2.73123  3.46354  2.40513  3.72494  3.29354  2.67741  2.69355  4.24690  2.90347  2.73739  3.18146  2.89801  2.37887  2.77519  2.98518  4.58477  3.61503
          0.03394  3.79585  4.51819  0.61958  0.77255  0.48576  0.95510
     35   2.37506  4.21928  3.36343  3.11426  3.90438  3.06047  4.13698  3.02232  3.05568  2.88842  3.94560  3.33461  3.75891  3.45489  3.31686  2.57569  1.30895  2.72553  5.34910  4.12161     35 t - - -
          2.68618  4.42225  2.77519  2.73123  3.46354  2.40513  3.72494  3.29354  2.67741  2.69355  4.24690  2.90347  2.73739  3.18146  2.89801  2.37887  2.77519  2.98518  4.58477  3.61503
          0.03394  3.79585  4.51819  0.61958  0.77255  0.48576  0.95510
     36   3.07102  4.55716  4.06533  3.70691  3.10991  3.88283  4.38674  2.31233  3.47532  0.97587  3.16059  3.98955  4.33279  3.86210  3.66310  3.44769  3.36958  2.32936  4.95932  3.66429     36 l - - -
          2.68618  4.42225  2.77519  2.73123  3.46354  2.40513  3.72494  3.29354  2.67741  2.69355  4.24690  2.90347  2.73739  3.18146  2.89801  2.37887  2.77519  2.98518  4.58477  3.61503
          0.03394  3.79585  4.51819  0.61958  0.77255  0.48576  0.95510
     37   2.57516  4.35592  3.23299  3.12383  4.26326  0.85784  4.24698  3.84589  3.29441  3.50933  4.48601  3.39780  3.74458  3.62500  3.53709  2.74524  3.05053  3.38922  5.37683  4.36324     37 g - - -
          2.68618  4.42225  2.77519  2.73123  3.46354  2.40513  3.72494  3.29354  2.67741  2.69355  4.24690  2.90347  2.73739  3.18146  2.89801  2.37887  2.77519  2.98518  4.58477  3.61503
          0.03394  3.79585  4.51819  0.61958  0.77255  0.48576  0.95510
     38   2.92233  4.76304  3.40551  2.93532  4.09822  3.42248  3.77472  3.63624  2.21532  3.16631  4.17040  3.29997  3.93052  3.00054  1.10248  3.01132  3.19466  3.36399  5.21352  4.04414     38 r - - -
          2.68618  4.42225  2.77519  2.73123  3.46354  2.40513  3.72494  3.29354  2.67741  2.69355  4.24690  2.90347  2.73739  3.18146  2.89801  2.37887  2.77519  2.98518  4.58477  3.61503
          0.03394  3.79585  4.51819  0.61958  0.77255  0.48576  0.95510
     39   2.74801  4.31390  4.01740  3.68015  3.49623  3.64235  4.49576  2.06134  3.54665  2.19812  3.47515  3.88167  4.20856  3.91289  3.76614  3.14265  3.11235  1.12783  5.26699  3.99291     39 v - - -
          2.68618  4.42225  2.77519  2.73123  3.46354  2.40513  3.72494  3.29354  2.67741  2.69355  4.24690  2.90347  2.73739  3.18146  2.89801  2.37887  2.77519  2.98518  4.58477  3.61503
          0.03394  3.79585  4.51819  0.61958  0.77255  0.48576  0.95510
     40   2.28072  4.19900  3.14304  2.95724  4.00083  2.93045  4.06826  3.51397  3.02571  3.24092  4.17490  3.19308  3.66335  3.38155  3.31277  1.21285  2.75547  3.06599  5.37995  4.08441     40 s - - -
          2.68618  4.42225  2.77519  2.73123  3.46354  2.40513  3.72494  3.29354  2.67741  2.69355  4.24690  2.90347  2.73739  3.18146  2.89801  2.37887  2.77519  2.98518  4.58477  3.61503
          0.03394  3.79585  4.51819  0.61958  0.77255  0.48576  0.95510
     41   1.13028  4.15731  3.38741  3.17741  3.97841  2.98341  4.20816  3.09276  3.19172  2.97759  4.01968  3.34558  3.71559  3.54047  3.44632  2.50918  2.78132  2.76062  5.41337  4.20549     41 a - - -
          2.68618  4.42225  2.77519  2.73123  3.46354  2.40513  3.72494  3.29354  2.67741  2.69355  4.24690  2.90347  2.73739  3.18146  2.89801  2.37887  2.77519  2.98518  4.58477  3.61503
          0.03394  3.79585  4.51819  0.61958  0.77255  0.48576  0.95510
     42   2.91144  4.47319  3.96799  3.55732  3.17835  3.77684  4.31030  2.34647  3.32892  1.78624  1.53332  3.84376  4.23852  3.71682  3.54291  3.25177  3.21604  2.34324  5.00794  3.76195     42 m - - -
          2.68618  4.42225  2.77519  2.73123  3.46354  2.40513  3.72494  3.29354  2.67741  2.69355  4.24690  2.90347  2.73739  3.18146  2.89801  2.37887  2.77519  2.98518  4.58477  3.61503
          0.03394  3.79585  4.51819  0.61958  0.77255  0.48576  0.95510
     43   2.65622  4.42412  3.25549  3.08508  4.08325  3.11607  4.16735  3.61068  3.13612  3.24522  4.29321  3.39853  0.98330  3.52735  3.38874  2.82178  3.09223  3.26464  5.28914  4.20354     43 p - - -
          2.68618  4.42225  2.77519  2.73123  3.46354  2.40513  3.72494  3.29354  2.67741  2.69355  4.24690  2.90347  2.73739  3.18146  2.89801  2.37887  2.77519  2.98518  4.58477  3.61503
          0.03394  3.79585  4.51819  0.61958  0.77255  0.48576  0.95510
     44   1.13028  4.15731  3.38741  3.17741  3.97841  2.98341  4.20816  3.09276  3.19172  2.97759  4.01968  3.34558  3.71559  3.54047  3.44632  2.50918  2.78132  2.76062  5.41337  4.20549     44 a - - -
          2.68618  4.42225  2.77519  2.73123  3.46354  2.40513  3.72494  3.29354  2.67741  2.69355  4.24690  2.90347  2.73739  3.18146  2.89801  2.37887  2.77519  2.98518  4.58477  3.61503
          0.03394  3.79585  4.51819  0.61958  0.77255  0.48576  0.95510
     45   2.74801  4.31390  4.01740  3.68015  3.49623  3.64235  4.49576  2.06134  3.54665  2.19812  3.47515  3.88167  4.20856  3.91289  3.76614  3.14265  3.11235  1.12783  5.26699  3.99291     45 v - - -
          2.68618  4.42225  2.77519  2.73123  3.46354  2.40513  3.72494  3.29354  2.67741  2.69355  4.24690  2.90347  2.73739  3.18146  2.89801  2.37887  2.77519  2.98518  4.58477  3.61503
          0.03394  3.79585  4.51819  0.61958  0.77255  0.48576  0.95510
     46   1.13028  4.15731  3.38741  3.17741  3.97841  2.98341  4.20816  3.09276  3.19172  2.97759  4.01968  3.34558  3.71559  3.54047  3.44632  2.50918  2.78132  2.76062  5.41337  4.20549     46 a - - -
          2.68618  4.42225  2.77519  2.73123  3.46354  2.40513  3.72494  3.29354  2.67741  2.69355  4.24690  2.90347  2.73739  3.18146  2.89801  2.37887  2.77519  2.98518  4.58477  3.61503
          0.03394  3.79585  4.51819  0.61958  0.77255  0.48576  0.95510
     47   2.74801  4.31390  4.01740  3.68015  3.49623  3.64235  4.49576  2.06134  3.54665  2.19812  3.47515  3.88167  4.20856  3.91289  3.76614  3.14265  3.11235  1.12783  5.26699  3.99291     47 v - - -
          2.68618  4.42225  2.77519  2.73123  3.46354  2.40513  3.72494  3.29354  2.67741  2.69355  4.24690  2.90347  2.73739  3.18146  2.89801  2.37887  2.77519  2.98518  4.58477  3.61503
          0.03394  3.79585  4.51819  0.61958  0.77255  0.48576  0.95510
     48   2.74801  4.31390  4.01740  3.68015  3.49623  3.64235  4.49576  2.06134  3.54665  2.19812  3.47515  3.88167  4.20856  3.91289  3.76614  3.14265  3.11235  1.12783  5.26699  3.99291     48 v - - -
          2.68618  4.42225  2.77519  2.73123  3.46354  2.40513  3.72494  3.29354  2.67741  2.69355  4.24690  2.90347  2.73739  3.18146  2.89801  2.37887  2.77519  2.98518  4.58477  3.61503
          0.03394  3.79585  4.51819  0.61958  0.77255  0.48576  0.95510
     49   3.07102  4.55716  4.06533  3.70691  3.10991  3.88283  4.38674  2.31233  3.47532  0.97587  3.16059  3.98955  4.33279  3.86210  3.66310  3.44769  3.36958  2.32936  4.95932  3.66429     49 l - - -
          2.68618  4.42225  2.77519  2.73123  3.46354  2.40513  3.72494  3.29354  2.67741  2.69355  4.24690  2.90347  2.73739  3.18146  2.89801  2.37887  2.77519  2.98518  4.58477  3.61503
          0.03394  3.79585  4.51819  0.61958  0.77255  0.48576  0.95510
     50   2.57516  4.35592  3.23299  3.12383  4.26326  0.85784  4.24698  3.84589  3.29441  3.50933  4.48601  3.39780  3.74458  3.62500  3.53709  2.74524  3.05053  3.38922  5.37683  4.36324     50 g - - -
          2.68618  4.42225  2.77519  2.73123  3.46354  2.40513  3.72494  3.29354  2.67741  2.69355  4.24690  2.90347  2.73739  3.18146  2.89801  2.37887  2.77519  2.98518  4.58477  3.61503
          0.03394  3.79585  4.51819  0.61958  0.77255  0.48576  0.95510
     51   2.57516  4.35592  3.23299  3.12383  4.26326  0.85784  4.24698  3.84589  3.29441  3.50933  4.48601  3.39780  3.74458  3.62500  3.53709  2.74524  3.05053  3.38922  5.37683  4.36324     51 g - - -
          2.68618  4.42225  2.77519  2.73123  3.46354  2.40513  3.72494  3.29354  2.67741  2.69355  4.24690  2.90347  2.73739  3.18146  2.89801  2.37887  2.77519  2.98518  4.58477  3.61503
          0.03394  3.79585  4.51819  0.61958  0.77255  0.48576  0.95510
     52   2.90473  4.86144  3.07543  2.71386  4.23027  3.40035  3.72182  3.65519  1.14858  3.23810  4.20559  3.14102  3.90771  2.91909  2.42439  2.95288  3.16474  3.36797  5.31804  4.12045     52 k - - -
          2.68618  4.42225  2.77519  2.73123  3.46354  2.40513  3.72494  3.29354  2.67741  2.69355  4.24690  2.90347  2.73739  3.18146  2.89801  2.37887  2.77519  2.98518  4.58477  3.61503
          0.03394  3.79585  4.51819  0.61958  0.77255  0.48576  0.95510
     53   2.65622  4.42412  3.25549  3.08508  4.08325  3.11607  4.16735  3.61068  3.13612  3.24522  4.29321  3.39853  0.98330  3.52735  3.38874  2.82178  3.09223  3.26464  5.28914  4.20354     53 p - - -
          2.68618  4.42225  2.77519  2.73123  3.46354  2.40513  3.72494  3.29354  2.67741  2.69355  4.24690  2.90347  2.73739  3.18146  2.89801  2.37887  2.77519  2.98518  4.58477  3.61503
          0.03394  3.79585  4.51819  0.61958  0.77255  0.48576  0.95510
     54   3.07102  4.55716  4.06533  3.70691  3.10991  3.88283  4.38674  2.31233  3.47532  0.97587  3.16059  3.98955  4.33279  3.86210  3.66310  3.44769  3.36958  2.32936  4.95932  3.66429     54 l - - -
          2.68618  4.42225  2.77519  2.73123  3.46354  2.40513  3.72494  3.29354  2.67741  2.69355  4.24690  2.90347  2.73739  3.18146  2.89801  2.37887  2.77519  2.98518  4.58477  3.61503
          0.03394  3.79585  4.51819  0.61958  0.77255  0.48576  0.95510
     55   2.28072  4.19900  3.14304  2.95724  4.00083  2.93045  4.06826  3.51397  3.02571  3.24092  4.17490  3.19308  3.66335  3.38155  3.31277  1.21285  2.75547  3.06599  5.37995  4.08441     55 s - - -
          2.68618  4.42225  2.77519  2.73123  3.46354  2.40513  3.72494  3.29354  2.67741  2.69355  4.24690  2.90347  2.73739  3.18146  2.89801  2.37887  2.77519  2.98518  4.58477  3.61503
          0.03394  3.79585  4.51819  0.61958  0.77255  0.48576  0.95510
     56   3.07102  4.55716  4.06533  3.70691  3.10991  3.88283  4.38674  2.31233  3.47532  0.97587  3.16059  3.98955  4.33279  3.86210  3.66310  3.44769  3.36958  2.32936  4.95932  3.66429     56 l - - -
          2.68618  4.42225  2.77519  2.73123  3.46354  2.40513  3.72494  3.29354  2.67741  2.69355  4.24690  2.90347  2.73739  3.18146  2.89801  2.37887  2.77519  2.98518  4.58477  3.61503
          0.03394  3.79585  4.51819  0.61958  0.77255  0.48576  0.95510
     57   1.13028  4.15731  3.38741  3.17741  3.97841  2.98341  4.20816  3.09276  3.19172  2.97759  4.01968  3.34558  3.71559  3.54047  3.44632  2.50918  2.78132  2.76062  5.41337  4.20549     57 a - - -
          2.68618  4.42225  2.77519  2.73123  3.46354  2.40513  3.72494  3.29354  2.67741  2.69355  4.24690  2.90347  2.73739  3.18146  2.89801  2.37887  2.77519  2.98518  4.58477  3.61503
          0.03394  3.79585  4.51819  0.61958  0.77255  0.48576  0.95510
     58   2.37506  4.21928  3.36343  3.11426  3.90438  3.06047  4.13698  3.02232  3.05568  2.88842  3.94560  3.33461  3.75891  3.45489  3.31686  2.57569  1.30895  2.72553  5.34910  4.12161     58 t - - -
          2.68618  4.42225  2.77519  2.73123  3.46354  2.40513  3.72494  3.29354  2.67741  2.69355  4.24690  2.90347  2.73739  3.18146  2.89801  2.37887  2.77519  2.98518  4.58477  3.61503
          0.03394  3.79585  4.51819  0.61958  0.77255  0.48576  0.95510
     59   2.97152  4.41421  4.22264  3.83718  3.32466  3.98025  4.58086  1.17841  3.66364  1.92884  3.27443  4.09334  4.42066  4.02108  3.86910  3.46981  3.27286  1.84999  5.19813  3.92838     59 i - - -
          2.68618  4.42225  2.77519  2.73123  3.46354  2.40513  3.72494  3.29354  2.67741  2.69355  4.24690  2.90347  2.73739  3.18146  2.89801  2.37887  2.77519  2.98518  4.58477  3.61503
          0.03394  3.79585  4.51819  0.61958  0.77255  0.48576  0.95510
     60   1.13028  4.15731  3.38741  3.17741  3.97841  2.98341  4.20816  3.09276  3.19172  2.97759  4.01968  3.34558  3.71559  3.54047  3.44632  2.50918  2.78132  2.76062  5.41337  4.20549     60 a - - -
          2.68618  4.42225  2.77519  2.73123  3.46354  2.40513  3.72494  3.29354  2.67741  2.69355  4.24690  2.90347  2.73739  3.18146  2.89801  2.37887  2.77519  2.98518  4.58477  3.61503
          0.03394  3.79585  4.51819  0.61958  0.77255  0.48576  0.95510
     61   2.28072  4.19900  3.14304  2.95724  4.00083  2.93045  4.06826  3.51397  3.02571  3.24092  4.17490  3.19308  3.66335  3.38155  3.31277  1.21285  2.75547  3.06599  5.37995  4.08441     61 s - - -
          2.68618  4.42225  2.77519  2.73123  3.46354  2.40513  3.72494  3.29354  2.67741  2.69355  4.24690  2.90347  2.73739  3.18146  2.89801  2.37887  2.77519  2.98518  4.58477  3.61503
          0.03394  3.79585  4.51819  0.61958  0.77255  0.48576  0.95510
     62   2.74801  4.31390  4.01740  3.68015  3.49623  3.64235  4.49576  2.06134  3.54665  2.19812  3.47515  3.88167  4.20856  3.91289  3.76614  3.14265  3.11235  1.12783  5.26699  3.99291     62 v - - -
          2.68618  4.42225  2.77519  2.73123  3.46354  2.40513  3.72494  3.29354  2.67741  2.69355  4.24690  2.90347  2.73739  3.18146  2.89801  2.37887  2.77519  2.98518  4.58477  3.61503
          0.03394  3.79585  4.51819  0.61958  0.77255  0.48576  0.95510
     63   2.74801  4.31390  4.01740  3.68015  3.49623  3.64235  4.49576  2.06134  3.54665  2.19812  3.47515  3.88167  4.20856  3.91289  3.76614  3.14265  3.11235  1.12783  5.26699  3.99291     63 v - - -
          2.68618  4.42225  2.77519  2.73123  3.46354  2.40513  3.72494  3.29354  2.67741  2.69355  4.24690  2.90347  2.73739  3.18146  2.89801  2.37887  2.77519  2.98518  4.58477  3.61503
          0.03394  3.79585  4.51819  0.61958  0.77255  0.48576  0.95510
     64   2.28072  4.19900  3.14304  2.95724  4.00083  2.93045  4.06826  3.51397  3.02571  3.24092  4.17490  3.19308  3.66335  3.38155  3.31277  1.21285  2.75547  3.06599  5.37995  4.08441     64 s - - -
          2.68618  4.42225  2.77519  2.73123  3.46354  2.40513  3.72494  3.29354  2.67741  2.69355  4.24690  2.90347  2.73739  3.18146  2.89801  2.37887  2.77519  2.98518  4.58477  3.61503
          0.03394  3.79585  4.51819  0.61958  0.77255  0.48576  0.95510
     65   2.91040  5.02118  1.03459  2.29415  4.38876  3.15538  3.86864  3.96018  2.93912  3.58318  4.56156  2.84580  3.80303  3.10913  3.44324  2.88288  3.24807  3.60825  5.57214  4.27689     65 d - - -
          2.68618  4.42225  2.77519  2.73123  3.46354  2.40513  3.72494  3.29354  2.67741  2.69355  4.24690  2.90347  2.73739  3.18146  2.89801  2.37887  2.77519  2.98518  4.58477  3.61503
          0.03394  3.79585  4.51819  0.61958  0.77255  0.48576  0.95510
     66   1.13028  4.15731  3.38741  3.17741  3.97841  2.98341  4.20816  3.09276  3.19172  2.97759  4.01968  3.34558  3.71559  3.54047  3.44632  2.50918  2.78132  2.76062  5.41337  4.20549     66 a - - -
          2.68618  4.42225  2.77519  2.73123  3.46354  2.40513  3.72494  3.29354  2.67741  2.69355  4.24690  2.90347  2.73739  3.18146  2.89801  2.37887  2.77519  2.98518  4.58477  3.61503
          0.03394  3.79585  4.51819  0.61958  0.77255  0.48576  0.95510
     67   2.66303  4.65377  2.67206  2.55081  4.00554  3.13494  3.86464  3.70128  2.76297  3.35754  4.31478  1.30149  3.78399  3.13892  3.11357  2.73422  3.04338  3.33127  5.32061  3.96066     67 n - - -
          2.68618  4.42225  2.77519  2.73123  3.46354  2.40513  3.72494  3.29354  2.67741  2.69355  4.24690  2.90347  2.73739  3.18146  2.89801  2.37887  2.77519  2.98518  4.58477  3.61503
          0.03394  3.79585  4.51819  0.61958  0.77255  0.48576  0.95510
     68   2.65622  4.42412  3.25549  3.08508  4.08325  3.11607  4.16735  3.61068  3.13612  3.24522  4.29321  3.39853  0.98330  3.52735  3.38874  2.82178  3.09223  3.26464  5.28914  4.20354     68 p - - -
          2.68618  4.42225  2.77519  2.73123  3.46354  2.40513  3.72494  3.29354  2.67741  2.69355  4.24690  2.90347  2.73739  3.18146  2.89801  2.37887  2.77519  2.98518  4.58477  3.61503
          0.03394  3.79585  4.51819  0.61958  0.77255  0.48576  0.95510
     69   2.28072  4.19900  3.14304  2.95724  4.00083  2.93045  4.06826  3.51397  3.02571  3.24092  4.17490  3.19308  3.66335  3.38155  3.31277  1.21285  2.75547  3.06599  5.37995  4.08441     69 s - - -
          2.68618  4.42225  2.77519  2.73123  3.46354  2.40513  3.72494  3.29354  2.67741  2.69355  4.24690  2.90347  2.73739  3.18146  2.89801  2.37887  2.77519  2.98518  4.58477  3.61503
          0.03394  3.79585  4.51819  0.61958  0.77255  0.48576  0.95510
     70   1.13028  4.15731  3.38741  3.17741  3.97841  2.98341  4.20816  3.09276  3.19172  2.97759  4.01968  3.34558  3.71559  3.54047  3.44632  2.50918  2.78132  2.76062  5.41337  4.20549     70 a - - -
          2.68618  4.42225  2.77519  2.73123  3.46354  2.40513  3.72494  3.29354  2.67741  2.69355  4.24690  2.90347  2.73739  3.18146  2.89801  2.37887  2.77519  2.98518  4.58477  3.61503
          0.03394  3.79585  4.51819  0.61958  0.77255  0.48576  0.95510
     71   2.37506  4.21928  3.36343  3.11426  3.90438  3.06047  4.13698  3.02232  3.05568  2.88842  3.94560  3.33461  3.75891  3.45489  3.31686  2.57569  1.30895  2.72553  5.34910  4.12161     71 t - - -
          2.68618  4.42225  2.77519  2.73123  3.46354  2.40513  3.72494  3.29354  2.67741  2.69355  4.24690  2.90347  2.73739  3.18146  2.89801  2.37887  2.77519  2.98518  4.58477  3.61503
          0.03394  3.79585  4.51819  0.61958  0.77255  0.48576  0.95510
     72   2.74801  4.31390  4.01740  3.68015  3.49623  3.64235  4.49576  2.06134  3.54665  2.19812  3.47515  3.88167  4.20856  3.91289  3.76614  3.14265  3.11235  1.12783  5.26699  3.99291     72 v - - -
          2.68618  4.42225  2.77519  2.73123  3.46354  2.40513  3.72494  3.29354  2.67741  2.69355  4.24690  2.90347  2.73739  3.18146  2.89801  2.37887  2.77519  2.98518  4.58477  3.61503
          0.03394  3.79585  4.51819  0.61958  0.77255  0.48576  0.95510
     73   2.57516  4.35592  3.23299  3.12383  4.26326  0.85784  4.24698  3.84589  3.29441  3.50933  4.48601  3.39780  3.74458  3.62500  3.53709  2.74524  3.05053  3.38922  5.37683  4.36324     73 g - - -
          2.68618  4.42225  2.77519  2.73123  3.46354  2.40513  3.72494  3.29354  2.67741  2.69355  4.24690  2.90347  2.73739  3.18146  2.89801  2.37887  2.77519  2.98518  4.58477  3.61503
          0.03394  3.79585  4.51819  0.61958  0.77255  0.48576  0.95510
     74   1.13028  4.15731  3.38741  3.17741  3.97841  2.98341  4.20816  3.09276  3.19172  2.97759  4.01968  3.34558  3.71559  3.54047  3.44632  2.50918  2.78132  2.76062  5.41337  4.20549     74 a - - -
          2.68618  4.42225  2.77519  2.73123  3.46354  2.40513  3.72494  3.29354  2.67741  2.69355  4.24690  2.90347  2.73739  3.18146  2.89801  2.37887  2.77519  2.98518  4.58477  3.61503
          0.03394  3.79585  4.51819  0.61958  0.77255  0.48576  0.95510
     75   3.07102  4.55716  4.06533  3.70691  3.10991  3.88283  4.38674  2.31233  3.47532  0.97587  3.16059  3.98955  4.33279  3.86210  3.66310  3.44769  3.36958  2.32936  4.95932  3.66429     75 l - - -
          2.68618  4.42225  2.77519  2.73123  3.46354  2.40513  3.72494  3.29354  2.67741  2.69355  4.24690  2.90347  2.73739  3.18146  2.89801  2.37887  2.77519  2.98518  4.58477  3.61503
          0.03394  3.79585  4.51819  0.61958  0.77255  0.48576  0.95510
     76   2.91144  4.47319  3.96799  3.55732  3.17835  3.77684  4.31030  2.34647  3.32892  1.78624  1.53332  3.84376  4.23852  3.71682  3.54291  3.25177  3.21604  2.34324  5.00794  3.76195     76 m - - -
          2.68618  4.42225  2.77519  2.73123  3.46354  2.40513  3.72494  3.29354  2.67741  2.69355  4.24690  2.90347  2.73739  3.18146  2.89801  2.37887  2.77519  2.98518  4.58477  3.61503
          0.03394  3.79585  4.51819  0.61958  0.77255  0.48576  0.95510
     77   2.65622  4.42412  3.25549  3.08508  4.08325  3.11607  4.16735  3.61068  3.13612  3.24522  4.29321  3.39853  0.98330  3.52735  3.38874  2.82178  3.09223  3.26464  5.28914  4.20354     77 p - - -
          2.68618  4.42225  2.77519  2.73123  3.46354  2.40513  3.72494  3.29354  2.67741  2.69355  4.24690  2.90347  2.73739  3.18146  2.89801  2.37887  2.77519  2.98518  4.58477  3.61503
          0.03394  3.79585  4.51819  0.61958  0.77255  0.48576  0.95510
     78   1.13028  4.15731  3.38741  3.17741  3.97841  2.98341  4.20816  3.09276  3.19172  2.97759  4.01968  3.34558  3.71559  3.54047  3.44632  2.50918  2.78132  2.76062  5.41337  4.20549     78 a - - -
          2.68618  4.42225  2.77519  2.73123  3.46354  2.40513  3.72494  3.29354  2.67741  2.69355  4.24690  2.90347  2.73739  3.18146  2.89801  2.37887  2.77519  2.98518  4.58477  3.61503
          0.03394  3.79585  4.51819  0.61958  0.77255  0.48576  0.95510
     79   2.74801  4.31390  4.01740  3.68015  3.49623  3.64235  4.49576  2.06134  3.54665  2.19812  3.47515  3.88167  4.20856  3.91289  3.76614  3.14265  3.11235  1.12783  5.26699  3.99291     79 v - - -
          2.68618  4.42225  2.77519  2.73123  3.46354  2.40513  3.72494  3.29354  2.67741  2.69355  4.24690  2.90347  2.73739  3.18146  2.89801  2.37887  2.77519  2.98518  4.58477  3.61503
          0.03394  3.79585  4.51819  0.61958  0.77255  0.48576  0.95510
     80   2.82391  4.80348  2.85654  2.61232  3.96119  3.31750  3.76918  3.58217  2.43905  3.09197  4.12421  3.07053  3.87128  1.37714  2.72383  2.87594  3.12199  3.31731  5.24801  3.93728     80 q - - -
          2.68618  4.42225  2.77519  2.73123  3.46354  2.40513  3.72494  3.29354  2.67741  2.69355  4.24690  2.90347  2.73739  3.18146  2.89801  2.37887  2.77519  2.98518  4.58477  3.61503
          0.03394  3.79585  4.51819  0.61958  0.77255  0.48576  0.95510
     81   2.57516  4.35592  3.23299  3.12383  4.26326  0.85784  4.24698  3.84589  3.29441  3.50933  4.48601  3.39780  3.74458  3.62500  3.53709  2.74524  3.05053  3.38922  5.37683  4.36324     81 g - - -
          2.68618  4.42225  2.77519  2.73123  3.46354  2.40513  3.72494  3.29354  2.67741  2.69355  4.24690  2.90347  2.73739  3.18146  2.89801  2.37887  2.77519  2.98518  4.58477  3.61503
          0.03394  3.79585  4.51819  0.61958  0.77255  0.48576  0.95510
     82   2.91144  4.47319  3.96799  3.55732  3.17835  3.77684  4.31030  2.34647  3.32892  1.78624  1.53332  3.84376  4.23852  3.71682  3.54291  3.25177  3.21604  2.34324  5.00794  3.76195     82 m - - -
          2.68618  4.42225  2.77519  2.73123  3.46354  2.40513  3.72494  3.29354  2.67741  2.69355  4.24690  2.90347  2.73739  3.18146  2.89801  2.37887  2.77519  2.98518  4.58477  3.61503
          0.03394  3.79585  4.51819  0.61958  0.77255  0.48576  0.95510
     83   2.74801  4.31390  4.01740  3.68015  3.49623  3.64235  4.49576  2.06134  3.54665  2.19812  3.47515  3.88167  4.20856  3.91289  3.76614  3.14265  3.11235  1.12783  5.26699  3.99291     83 v - - -
          2.68618  4.42225  2.77519  2.73123  3.46354  2.40513  3.72494  3.29354  2.67741  2.69355  4.24690  2.90347  2.73739  3.18146  2.89801  2.37887  2.77519  2.98518  4.58477  3.61503
          0.03394  3.79585  4.51819  0.61958  0.77255  0.48576  0.95510
     84   2.28072  4.19900  3.14304  2.95724  4.00083  2.93045  4.06826  3.51397  3.02571  3.24092  4.17490  3.19308  3.66335  3.38155  3.31277  1.21285  2.75547  3.06599  5.37995  4.08441     84 s - - -
          2.68618  4.42225  2.77519  2.73123  3.46354  2.40513  3.72494  3.29354  2.67741  2.69355  4.24690  2.90347  2.73739  3.18146  2.89801  2.37887  2.77519  2.98518  4.58477  3.61503
          0.03394  3.79585  4.51819  0.61958  0.77255  0.48576  0.95510
     85   2.28072  4.19900  3.14304  2.95724  4.00083  2.93045  4.06826  3.51397  3.02571  3.24092  4.17490  3.19308  3.66335  3.38155  3.31277  1.21285  2.75547  3.06599  5.37995  4.08441     85 s - - -
          2.68618  4.42225  2.77519  2.73123  3.46354  2.40513  3.72494  3.29354  2.67741  2.69355  4.24690  2.90347  2.73739  3.18146  2.89801  2.37887  2.77519  2.98518  4.58477  3.61503
          0.03394  3.79585  4.51819  0.61958  0.77255  0.48576  0.95510
     86   2.91040  5.02118  1.03459  2.29415  4.38876  3.15538  3.86864  3.96018  2.93912  3.58318  4.56156  2.84580  3.80303  3.10913  3.44324  2.88288  3.24807  3.60825  5.57214  4.27689     86 d - - -
          2.68618  4.42225  2.77519  2.73123  3.46354  2.40513  3.72494  3.29354  2.67741  2.69355  4.24690  2.90347  2.73739  3.18146  2.89801  2.37887  2.77519  2.98518  4.58477  3.61503
          0.03394  3.79585  4.51819  0.61958  0.77255  0.48576  0.95510
     87   2.89002  4.97982  2.46164  1.13983  4.31705  3.22719  3.81005  3.75576  2.68114  3.38625  4.36581  2.89548  3.82878  3.02872  3.08035  2.88163  3.19441  3.44836  5.50331  4.22786     87 e - - -
          2.68618  4.42225  2.77519  2.73123  3.46354  2.40513  3.72494  3.29354  2.67741  2.69355  4.24690  2.90347  2.73739  3.18146  2.89801  2.37887  2.77519  2.98518  4.58477  3.61503
          0.03394  3.79585  4.51819  0.61958  0.77255  0.48576  0.95510
     88   2.57516  4.35592  3.23299  3.12383  4.26326  0.85784  4.24698  3.84589  3.29441  3.50933  4.48601  3.39780  3.74458  3.62500  3.53709  2.74524  3.05053  3.38922  5.37683  4.36324     88 g - - -
          2.68618  4.42225  2.77519  2.73123  3.46354  2.40513  3.72494  3.29354  2.67741  2.69355  4.24690  2.90347  2.73739  3.18146  2.89801  2.37887  2.77519  2.98518  4.58477  3.61503
          0.03394  3.79585  4.51819  0.61958  0.77255  0.48576  0.95510
     89   1.13028  4.15731  3.38741  3.17741  3.97841  2.98341  4.20816  3.09276  3.19172  2.97759  4.01968  3.34558  3.71559  3.54047  3.44632  2.50918  2.78132  2.76062  5.41337  4.20549     89 a - - -
          2.68618  4.42225  2.77519  2.73123  3.46354  2.40513  3.72494  3.29354  2.67741  2.69355  4.24690  2.90347  2.73739  3.18146  2.89801  2.37887  2.77519  2.98518  4.58477  3.61503
          0.03394  3.79585  4.51819  0.61958  0.77255  0.48576  0.95510
     90   2.28072  4.19900  3.14304  2.95724  4.00083  2.93045  4.06826  3.51397  3.02571  3.24092  4.17490  3.19308  3.66335  3.38155  3.31277  1.21285  2.75547  3.06599  5.37995  4.08441     90 s - - -
          2.68618  4.42225  2.77519  2.73123  3.46354  2.40513  3.72494  3.29354  2.67741  2.69355  4.24690  2.90347  2.73739  3.18146  2.89801  2.37887  2.77519  2.98518  4.58477  3.61503
          0.03394  3.79585  4.51819  0.61958  0.77255  0.48576  0.95510
     91   1.13028  4.15731  3.38741  3.17741  3.97841  2.98341  4.20816  3.09276  3.19172  2.97759  4.01968  3.34558  3.71559  3.54047  3.44632  2.50918  2.78132  2.76062  5.41337  4.20549     91 a - - -
          2.68618  4.42225  2.77519  2.73123  3.46354  2.40513  3.72494  3.29354  2.67741  2.69355  4.24690  2.90347  2.73739  3.18146  2.89801  2.37887  2.77519  2.98518  4.58477  3.61503
          0.03394  3.79585  4.51819  0.61958  0.77255  0.48576  0.95510
     92   3.07102  4.55716  4.06533  3.70691  3.10991  3.88283  4.38674  2.31233  3.47532  0.97587  3.16059  3.98955  4.33279  3.86210  3.66310  3.44769  3.36958  2.32936  4.95932  3.66429     92 l - - -
          2.68618  4.42225  2.77519  2.73123  3.46354  2.40513  3.72494  3.29354  2.67741  2.69355  4.24690  2.90347  2.73739  3.18146  2.89801  2.37887  2.77519  2.98518  4.58477  3.61503
          0.03394  3.79585  4.51819  0.61958  0.77255  0.48576  0.95510
     93   1.13028  4.15731  3.38741  3.17741  3.97841  2.98341  4.20816  3.09276  3.19172  2.97759  4.01968  3.34558  3.71559  3.54047  3.44632  2.50918  2.78132  2.76062  5.41337  4.20549     93 a - - -
          2.68618  4.42225  2.77519  2.73123  3.46354  2.40513  3.72494  3.29354  2.67741  2.69355  4.24690  2.90347  2.73739  3.18146  2.89801  2.37887  2.77519  2.98518  4.58477  3.61503
          0.03394  3.79585  4.51819  0.61958  0.77255  0.48576  0.95510
     94   2.82669  5.03387  2.70558  2.10049  4.38191  3.36746  3.60323  3.76514  1.55594  3.31205  4.18238  2.89987  3.84792  2.75910  2.45280  2.81012  3.05677  3.43658  5.45007  4.16609     94 k - - -
          2.68618  4.42225  2.77519  2.73123  3.46354  2.40513  3.72494  3.29354  2.67741  2.69355  4.24690  2.90347  2.73739  3.18146  2.89801  2.37887  2.77519  2.98518  4.58477  3.61503
          0.03394  3.79585  4.51819  0.61958  0.77255  0.48576  0.95510
     95   2.37506  4.21928  3.36343  3.11426  3.90438  3.06047  4.13698  3.02232  3.05568  2.88842  3.94560  3.33461  3.75891  3.45489  3.31686  2.57569  1.30895  2.72553  5.34910  4.12161     95 t - - -
          2.68618  4.42225  2.77519  2.73123  3.46354  2.40513  3.72494  3.29354  2.67741  2.69355  4.24690  2.90347  2.73739  3.18146  2.89801  2.37887  2.77519  2.98518  4.58477  3.61503
          0.03394  3.79585  4.51819  0.61958  0.77255  0.48576  0.95510
     96   2.74801  4.31390  4.01740  3.68015  3.49623  3.64235  4.49576  2.06134  3.54665  2.19812  3.47515  3.88167  4.20856  3.91289  3.76614  3.14265  3.11235  1.12783  5.26699  3.99291     96 v - - -
          2.68618  4.42225  2.77519  2.73123  3.46354  2.40513  3.72494  3.29354  2.67741  2.69355  4.24690  2.90347  2.73739  3.18146  2.89801  2.37887  2.77519  2.98518  4.58477  3.61503
          0.03394  3.79585  4.51819  0.61958  0.77255  0.48576  0.95510
     97   2.74801  4.31390  4.01740  3.68015  3.49623  3.64235  4.49576  2.06134  3.54665  2.19812  3.47515  3.88167  4.20856  3.91289  3.76614  3.14265  3.11235  1.12783  5.26699  3.99291     97 v - - -
          2.68618  4.42225  2.77519  2.73123  3.46354  2.40513  3.72494  3.29354  2.67741  2.69355  4.24690  2.90347  2.73739  3.18146  2.89801  2.37887  2.77519  2.98518  4.58477  3.61503
          0.03394  3.79585  4.51819  0.61958  0.77255  0.48576  0.95510
     98   2.57516  4.35592  3.23299  3.12383  4.26326  0.85784  4.24698  3.84589  3.29441  3.50933  4.48601  3.39780  3.74458  3.62500  3.53709  2.74524  3.05053  3.38922  5.37683  4.36324     98 g - - -
          2.68618  4.42225  2.77519  2.73123  3.46354  2.40513  3.72494  3.29354  2.67741  2.69355  4.24690  2.90347  2.73739  3.18146  2.89801  2.37887  2.77519  2.98518  4.58477  3.61503
          0.03394  3.79585  4.51819  0.61958  0.77255  0.48576  0.95510
     99   3.16360  4.58872  4.13284  3.83446  1.14617  3.86796  3.84818  2.69866  3.74379  2.08748  3.44153  3.93390  4.32968  3.93351  3.88243  3.43640  3.46543  2.68337  4.12325  2.50121     99 f - - -
          2.68618  4.42225  2.77519  2.73123  3.46354  2.40513  3.72494  3.29354  2.67741  2.69355  4.24690  2.90347  2.73739  3.18146  2.89801  2.37887  2.77519  2.98518  4.58477  3.61503
          0.03394  3.79585  4.51819  0.61958  0.77255  0.48576  0.95510
    100   2.91144  4.47319  3.96799  3.55732  3.17835  3.77684  4.31030  2.34647  3.32892  1.78624  1.53332  3.84376  4.23852  3.71682  3.54291  3.25177  3.21604  2.34324  5.00794  3.76195    100 m - - -
          2.68618  4.42225  2.77519  2.73123  3.46354  2.40513  3.72494  3.29354  2.67741  2.69355  4.24690  2.90347  2.73739  3.18146  2.89801  2.37887  2.77519  2.98518  4.58477  3.61503
          0.03394  3.79585  4.51819  0.61958  0.77255  0.48576  0.95510
    101   2.89002  4.97982  2.46164  1.13983  4.31705  3.22719  3.81005  3.75576  2.68114  3.38625  4.36581  2.89548  3.82878  3.02872  3.08035  2.88163  3.19441  3.44836  5.50331  4.22786    101 e - - -
          2.68618  4.42225  2.77519  2.73123  3.46354  2.40513  3.72494  3.29354  2.67741  2.69355  4.24690  2.90347  2.73739  3.18146  2.89801  2.37887  2.77519  2.98518  4.58477  3.61503
          0.03394  3.79585  4.51819  0.61958  0.77255  0.48576  0.95510
    102   2.28072  4.19900  3.14304  2.95724  4.00083  2.93045  4.06826  3.51397  3.02571  3.24092  4.17490  3.19308  3.66335  3.38155  3.31277  1.21285  2.75547  3.06599  5.37995  4.08441    102 s - - -
          2.68618  4.42225  2.77519  2.73123  3.46354  2.40513  3.72494  3.29354  2.67741  2.69355  4.24690  2.90347  2.73739  3.18146  2.89801  2.37887  2.77519  2.98518  4.58477  3.61503
          0.03394  3.79585  4.51819  0.61958  0.77255  0.48576  0.95510
    103   2.91040  5.02118  1.03459  2.29415  4.38876  3.15538  3.86864  3.96018  2.93912  3.58318  4.56156  2.84580  3.80303  3.10913  3.44324  2.88288  3.24807  3.60825  5.57214  4.27689    103 d - - -
          2.68618  4.42225  2.77519  2.73123  3.46354  2.40513  3.72494  3.29354  2.67741  2.69355  4.24690  2.90347  2.73739  3.18146  2.89801  2.37887  2.77519  2.98518  4.58477  3.61503
          0.03394  3.79585  4.51819  0.61958  0.77255  0.48576  0.95510
    104   2.65622  4.42412  3.25549  3.08508  4.08325  3.11607  4.16735  3.61068  3.13612  3.24522  4.29321  3.39853  0.98330  3.52735  3.38874  2.82178  3.09223  3.26464  5.28914  4.20354    104 p - - -
          2.68618  4.42225  2.77519  2.73123  3.46354  2.40513  3.72494  3.29354  2.67741  2.69355  4.24690  2.90347  2.73739  3.18146  2.89801  2.37887  2.77519  2.98518  4.58477  3.61503
          0.03394  3.79585  4.51819  0.61958  0.77255  0.48576  0.95510
    105   2.66303  4.65377  2.67206  2.55081  4.00554  3.13494  3.86464  3.70128  2.76297  3.35754  4.31478  1.30149  3.78399  3.13892  3.11357  2.73422  3.04338  3.33127  5.32061  3.96066    105 n - - -
          2.68618  4.42225  2.77519  2.73123  3.46354  2.40513  3.72494  3.29354  2.67741  2.69355  4.24690  2.90347  2.73739  3.18146  2.89801  2.37887  2.77519  2.98518  4.58477  3.61503
          0.03394  3.79585  4.51819  0.61958  0.77255  0.48576  0.95510
    106   2.28072  4.19900  3.14304  2.95724  4.00083  2.93045  4.06826  3.51397  3.02571  3.24092  4.17490  3.19308  3.66335  3.38155  3.31277  1.21285  2.75547  3.06599  5.37995  4.08441    106 s - - -
          2.68618  4.42225  2.77519  2.73123  3.46354  2.40513  3.72494  3.29354  2.67741  2.69355  4.24690  2.90347  2.73739  3.18146  2.89801  2.37887  2.77519  2.98518  4.58477  3.61503
          0.03394  3.79585  4.51819  0.61958  0.77255  0.48576  0.95510
    107   2.91040  5.02118  1.03459  2.29415  4.38876  3.15538  3.86864  3.96018  2.93912  3.58318  4.56156  2.84580  3.80303  3.10913  3.44324  2.88288  3.24807  3.60825  5.57214  4.27689    107 d - - -
          2.68618  4.42225  2.77519  2.73123  3.46354  2.40513  3.72494  3.29354  2.67741  2.69355  4.24690  2.90347  2.73739  3.18146  2.89801  2.37887  2.77519  2.98518  4.58477  3.61503
          0.03394  3.79585  4.51819  0.61958  0.77255  0.48576  0.95510
    108   2.74801  4.31390  4.01740  3.68015  3.49623  3.64235  4.49576  2.06134  3.54665  2.19812  3.47515  3.88167  4.20856  3.91289  3.76614  3.14265  3.11235  1.12783  5.26699  3.99291    108 v - - -
          2.68618  4.42225  2.77519  2.73123  3.46354  2.40513  3.72494  3.29354  2.67741  2.69355  4.24690  2.90347  2.73739  3.18146  2.89801  2.37887  2.77519  2.98518  4.58477  3.61503
          0.03394  3.79585  4.51819  0.61958  0.77255  0.48576  0.95510
    109   3.07102  4.55716  4.06533  3.70691  3.10991  3.88283  4.38674  2.31233  3.47532  0.97587  3.16059  3.98955  4.33279  3.86210  3.66310  3.44769  3.36958  2.32936  4.95932  3.66429    109 l - - -
          2.68618  4.42225  2.77519  2.73123  3.46354  2.40513  3.72494  3.29354  2.67741  2.69355  4.24690  2.90347  2.73739  3.18146  2.89801  2.37887  2.77519  2.98518  4.58477  3.61503
          0.03394  3.79585  4.51819  0.61958  0.77255  0.48576  0.95510
    110   2.74801  4.31390  4.01740  3.68015  3.49623  3.64235  4.49576  2.06134  3.54665  2.19812  3.47515  3.88167  4.20856  3.91289  3.76614  3.14265  3.11235  1.12783  5.26699  3.99291    110 v - - -
          2.68618  4.42225  2.77519  2.73123  3.46354  2.40513  3.72494  3.29354  2.67741  2.69355  4.24690  2.90347  2.73739  3.18146  2.89801  2.37887  2.77519  2.98518  4.58477  3.61503
          0.03394  3.79585  4.51819  0.61958  0.77255  0.48576  0.95510
    111   2.82391  4.80348  2.85654  2.61232  3.96119  3.31750  3.76918  3.58217  2.43905  3.09197  4.12421  3.07053  3.87128  1.37714  2.72383  2.87594  3.12199  3.31731  5.24801  3.93728    111 q - - -
          2.68618  4.42225  2.77519  2.73123  3.46354  2.40513  3.72494  3.29354  2.67741  2.69355  4.24690  2.90347  2.73739  3.18146  2.89801  2.37887  2.77519  2.98518  4.58477  3.61503
          0.03394  3.79585  4.51819  0.61958  0.77255  0.48576  0.95510
    112   3.07102  4.55716  4.06533  3.70691  3.10991  3.88283  4.38674  2.31233  3.47532  0.97587  3.16059  3.98955  4.33279  3.86210  3.66310  3.44769  3.36958  2.32936  4.95932  3.66429    112 l - - -
          2.68618  4.42225  2.77519  2.73123  3.46354  2.40513  3.72494  3.29354  2.67741  2.69355  4.24690  2.90347  2.73739  3.18146  2.89801  2.37887  2.77519  2.98518  4.58477  3.61503
          0.03394  3.79585  4.51819  0.61958  0.77255  0.48576  0.95510
    113   3.07102  4.55716  4.06533  3.70691  3.10991  3.88283  4.38674  2.31233  3.47532  0.97587  3.16059  3.98955  4.33279  3.86210  3.66310  3.44769  3.36958  2.32936  4.95932  3.66429    113 l - - -
          2.68618  4.42225  2.77519  2.73123  3.46354  2.40513  3.72494  3.29354  2.67741  2.69355  4.24690  2.90347  2.73739  3.18146  2.89801  2.37887  2.77519  2.98518  4.58477  3.61503
          0.03394  3.79585  4.51819  0.61958  0.77255  0.48576  0.95510
    114   2.91708  4.74495  3.05658  2.81070  3.23529  3.38640  1.31508  3.60785  2.65608  3.11075  4.14924  3.22238  3.93573  3.17650  2.92545  2.98902  3.21864  3.34463  4.70109  3.18872    114 h - - -
          2.68618  4.42225  2.77519  2.73123  3.46354  2.40513  3.72494  3.29354  2.67741  2.69355  4.24690  2.90347  2.73739  3.18146  2.89801  2.37887  2.77519  2.98518  4.58477  3.61503
          0.03394  3.79585  4.51819  0.61958  0.77255  0.48576  0.95510
    115   2.90473  4.86144  3.07543  2.71386  4.23027  3.40035  3.72182  3.65519  1.14858  3.23810  4.20559  3.14102  3.90771  2.91909  2.42439  2.95288  3.16474  3.36797  5.31804  4.12045    115 k - - -
          2.68618  4.42225  2.77519  2.73123  3.46354  2.40513  3.72494  3.29354  2.67741  2.69355  4.24690  2.90347  2.73739  3.18146  2.89801  2.37887  2.77519  2.98518  4.58477  3.61503
          0.03394  3.79585  4.51819  0.61958  0.77255  0.48576  0.95510
    116   2.74801  4.31390  4.01740  3.68015  3.49623  3.64235  4.49576  2.06134  3.54665  2.19812  3.47515  3.88167  4.20856  3.91289  3.76614  3.14265  3.11235  1.12783  5.26699  3.99291    116 v - - -
          2.68618  4.42225  2.77519  2.73123  3.46354  2.40513  3.72494  3.29354  2.67741  2.69355  4.24690  2.90347  2.73739  3.18146  2.89801  2.37887  2.77519  2.98518  4.58477  3.61503
          0.03394  3.79585  4.51819  0.61958  0.77255  0.48576  0.95510
    117   2.28072  4.19900  3.14304  2.95724  4.00083  2.93045  4.06826  3.51397  3.02571  3.24092  4.17490  3.19308  3.66335  3.38155  3.31277  1.21285  2.75547  3.06599  5.37995  4.08441    117 s - - -
          2.68618  4.42225  2.77519  2.73123  3.46354  2.40513  3.72494  3.29354  2.67741  2.69355  4.24690  2.90347  2.73739  3.18146  2.89801  2.37887  2.77519  2.98518  4.58477  3.61503
          0.03394  3.79585  4.51819  0.61958  0.77255  0.48576  0.95510
    118   2.46647  4.53852  2.63992  2.46643  4.14314  3.05841  3.80319  3.68775  2.68117  3.32860  4.19172  1.79458  3.70688  3.02386  3.07090  2.15700  2.85339  3.25758  5.45641  4.08941    118 n - - -
          2.68618  4.42225  2.77519  2.73123  3.46354  2.40513  3.72494  3.29354  2.67741  2.69355  4.24690  2.90347  2.73739  3.18146  2.89801  2.37887  2.77519  2.98518  4.58477  3.61503
          0.03394  3.79585  4.51819  0.61958  0.77255  0.48576  0.95510
    119   3.07102  4.55716  4.06533  3.70691  3.10991  3.88283  4.38674  2.31233  3.47532  0.97587  3.16059  3.98955  4.33279  3.86210  3.66310  3.44769  3.36958  2.32936  4.95932  3.66429    119 l - - -
          2.68618  4.42225  2.77519  2.73123  3.46354  2.40513  3.72494  3.29354  2.67741  2.69355  4.24690  2.90347  2.73739  3.18146  2.89801  2.37887  2.77519  2.98518  4.58477  3.61503
          0.03394  3.79585  4.51819  0.61958  0.77255  0.48576  0.95510
    120   2.65622  4.42412  3.25549  3.08508  4.08325  3.11607  4.16735  3.61068  3.13612  3.24522  4.29321  3.39853  0.98330  3.52735  3.38874  2.82178  3.09223  3.26464  5.28914  4.20354    120 p - - -
          2.68618  4.42225  2.77519  2.73123  3.46354  2.40513  3.72494  3.29354  2.67741  2.69355  4.24690  2.90347  2.73739  3.18146  2.89801  2.37887  2.77519  2.98518  4.58477  3.61503
          0.03394  3.79585  4.51819  0.61958  0.77255  0.48576  0.95510
    121   2.97152  4.41421  4.22264  3.83718  3.32466  3.98025  4.58086  1.17841  3.66364  1.92884  3.27443  4.09334  4.42066  4.02108  3.86910  3.46981  3.27286  1.84999  5.19813  3.92838    121 i - - -
          2.68618  4.42225  2.77519  2.73123  3.46354  2.40513  3.72494  3.29354  2.67741  2.69355  4.24690  2.90347  2.73739  3.18146  2.89801  2.37887  2.77519  2.98518  4.58477  3.61503
          0.03394  3.79585  4.51819  0.61958  0.77255  0.48576  0.95510
    122   2.74801  4.31390  4.01740  3.68015  3.49623  3.64235  4.49576  2.06134  3.54665  2.19812  3.47515  3.88167  4.20856  3.91289  3.76614  3.14265  3.11235  1.12783  5.26699  3.99291    122 v - - -
          2.68618  4.42225  2.77519  2.73123  3.46354  2.40513  3.72494  3.29354  2.67741  2.69355  4.24690  2.90347  2.73739  3.18146  2.89801  2.37887  2.77519  2.98518  4.58477  3.61503
          0.03394  3.79585  4.51819  0.61958  0.77255  0.48576  0.95510
    123   2.57516  4.35592  3.23299  3.12383  4.26326  0.85784  4.24698  3.84589  3.29441  3.50933  4.48601  3.39780  3.74458  3.62500  3.53709  2.74524  3.05053  3.38922  5.37683  4.36324    123 g - - -
          2.68618  4.42225  2.77519  2.73123  3.46354  2.40513  3.72494  3.29354  2.67741  2.69355  4.24690  2.90347  2.73739  3.18146  2.89801  2.37887  2.77519  2.98518  4.58477  3.61503
          0.03394  3.79585  4.51819  0.61958  0.77255  0.48576  0.95510
    124   3.16360  4.58872  4.13284  3.83446  1.14617  3.86796  3.84818  2.69866  3.74379  2.08748  3.44153  3.93390  4.32968  3.93351  3.88243  3.43640  3.46543  2.68337  4.12325  2.50121    124 f - - -
          2.68618  4.42225  2.77519  2.73123  3.46354  2.40513  3.72494  3.29354  2.67741  2.69355  4.24690  2.90347  2.73739  3.18146  2.89801  2.37887  2.77519  2.98518  4.58477  3.61503
          0.03394  3.79585  4.51819  0.61958  0.77255  0.48576  0.95510
    125   2.57516  4.35592  3.23299  3.12383  4.26326  0.85784  4.24698  3.84589  3.29441  3.50933  4.48601  3.39780  3.74458  3.62500  3.53709  2.74524  3.05053  3.38922  5.37683  4.36324    125 g - - -
          2.68618  4.42225  2.77519  2.73123  3.46354  2.40513  3.72494  3.29354  2.67741  2.69355  4.24690  2.90347  2.73739  3.18146  2.89801  2.37887  2.77519  2.98518  4.58477  3.61503
          0.03394  3.79585  4.51819  0.61958  0.77255  0.48576  0.95510
    126   2.91040  5.02118  1.03459  2.29415  4.38876  3.15538  3.86864  3.96018  2.93912  3.58318  4.56156  2.84580  3.80303  3.10913  3.44324  2.88288  3.24807  3.60825  5.57214  4.27689    126 d - - -
          2.68618  4.42225  2.77519  2.73123  3.46354  2.40513  3.72494  3.29354  2.67741  2.69355  4.24690  2.90347  2.73739  3.18146  2.89801  2.37887  2.77519  2.98518  4.58477  3.61503
          0.03394  3.79585  4.51819  0.61958  0.77255  0.48576  0.95510
    127   2.37506  4.21928  3.36343  3.11426  3.90438  3.06047  4.13698  3.02232  3.05568  2.88842  3.94560  3.33461  3.75891  3.45489  3.31686  2.57569  1.30895  2.72553  5.34910  4.12161    127 t - - -
          2.68618  4.42225  2.77519  2.73123  3.46354  2.40513  3.72494  3.29354  2.67741  2.69355  4.24690  2.90347  2.73739  3.18146  2.89801  2.37887  2.77519  2.98518  4.58477  3.61503
          0.03394  3.79585  4.51819  0.61958  0.77255  0.48576  0.95510
    128   2.82391  4.80348  2.85654  2.61232  3.96119  3.31750  3.76918  3.58217  2.43905  3.09197  4.12421  3.07053  3.87128  1.37714  2.72383  2.87594  3.12199  3.31731  5.24801  3.93728    128 q - - -
          2.68618  4.42225  2.77519  2.73123  3.46354  2.40513  3.72494  3.29354  2.67741  2.69355  4.24690  2.90347  2.73739  3.18146  2.89801  2.37887  2.77519  2.98518  4.58477  3.61503
          0.03394  3.79585  4.51819  0.61958  0.77255  0.48576  0.95510
    129   3.14008  4.66011  3.72657  3.44335  2.30224  3.74197  3.58859  3.16031  3.30306  2.63360  3.84391  3.63166  4.21853  3.62755  3.50176  3.28379  3.42693  3.02751  3.94245  1.10351    129 y - - -
          2.68618  4.42225  2.77519  2.73123  3.46354  2.40513  3.72494  3.29354  2.67741  2.69355  4.24690  2.90347  2.73739  3.18146  2.89801  2.37887  2.77519  2.98518  4.58477  3.61503
          0.03394  3.79585  4.51819  0.61958  0.77255  0.48576  0.95510
    130   1.13028  4.15731  3.38741  3.17741  3.97841  2.98341  4.20816  3.09276  3.19172  2.97759  4.01968  3.34558  3.71559  3.54047  3.44632  2.50918  2.78132  2.76062  5.41337  4.20549    130 a - - -
          2.68618  4.42225  2.77519  2.73123  3.46354  2.40513  3.72494  3.29354  2.67741  2.69355  4.24690  2.90347  2.73739  3.18146  2.89801  2.37887  2.77519  2.98518  4.58477  3.61503
          0.03394  3.79585  4.51819  0.61958  0.77255  0.48576  0.95510
    131   2.91040  5.02118  1.03459  2.29415  4.38876  3.15538  3.86864  3.96018  2.93912  3.58318  4.56156  2.84580  3.80303  3.10913  3.44324  2.88288  3.24807  3.60825  5.57214  4.27689    131 d - - -
          2.68618  4.42225  2.77519  2.73123  3.46354  2.40513  3.72494  3.29354  2.67741  2.69355  4.24690  2.90347  2.73739  3.18146  2.89801  2.37887  2.77519  2.98518  4.58477  3.61503
          0.03394  3.79585  4.51819  0.61958  0.77255  0.48576  0.95510
    132   2.65622  4.42412  3.25549  3.08508  4.08325  3.11607  4.16735  3.61068  3.13612  3.24522  4.29321  3.39853  0.98330  3.52735  3.38874  2.82178  3.09223  3.26464  5.28914  4.20354    132 p - - -
          2.68618  4.42225  2.77519  2.73123  3.46354  2.40513  3.72494  3.29354  2.67741  2.69355  4.24690  2.90347  2.73739  3.18146  2.89801  2.37887  2.77519  2.98518  4.58477  3.61503
          0.03394  3.79585  4.51819  0.61958  0.77255  0.48576  0.95510
    133   1.13028  4.15731  3.38741  3.17741  3.97841  2.98341  4.20816  3.09276  3.19172  2.97759  4.01968  3.34558  3.71559  3.54047  3.44632  2.50918  2.78132  2.76062  5.41337  4.20549    133 a - - -
          2.68618  4.42225  2.77519  2.73123  3.46354  2.40513  3.72494  3.29354  2.67741  2.69355  4.24690  2.90347  2.73739  3.18146  2.89801  2.37887  2.77519  2.98518  4.58477  3.61503
          0.03394  3.79585  4.51819  0.61958  0.77255  0.48576  0.95510
    134   2.91040  5.02118  1.03459  2.29415  4.38876  3.15538  3.86864  3.96018  2.93912  3.58318  4.56156  2.84580  3.80303  3.10913  3.44324  2.88288  3.24807  3.60825  5.57214  4.27689    134 d - - -
          2.68618  4.42225  2.77519  2.73123  3.46354  2.40513  3.72494  3.29354  2.67741  2.69355  4.24690  2.90347  2.73739  3.18146  2.89801  2.37887  2.77519  2.98518  4.58477  3.61503
          0.03394  3.79585  4.51819  0.61958  0.77255  0.48576  0.95510
    135   3.16360  4.58872  4.13284  3.83446  1.14617  3.86796  3.84818  2.69866  3.74379  2.08748  3.44153  3.93390  4.32968  3.93351  3.88243  3.43640  3.46543  2.68337  4.12325  2.50121    135 f - - -
          2.68618  4.42225  2.77519  2.73123  3.46354  2.40513  3.72494  3.29354  2.67741  2.69355  4.24690  2.90347  2.73739  3.18146  2.89801  2.37887  2.77519  2.98518  4.58477  3.61503
          0.03394  3.79585  4.51819  0.61958  0.77255  0.48576  0.95510
    136   3.07102  4.55716  4.06533  3.70691  3.10991  3.88283  4.38674  2.31233  3.47532  0.97587  3.16059  3.98955  4.33279  3.86210  3.66310  3.44769  3.36958  2.32936  4.95932  3.66429    136 l - - -
          2.68618  4.42225  2.77519  2.73123  3.46354  2.40513  3.72494  3.29354  2.67741  2.69355  4.24690  2.90347  2.73739  3.18146  2.89801  2.37887  2.77519  2.98518  4.58477  3.61503
          0.03394  3.79585  4.51819  0.61958  0.77255  0.48576  0.95510
    137   1.13028  4.15731  3.38741  3.17741  3.97841  2.98341  4.20816  3.09276  3.19172  2.97759  4.01968  3.34558  3.71559  3.54047  3.44632  2.50918  2.78132  2.76062  5.41337  4.20549    137 a - - -
          2.68618  4.42225  2.77519  2.73123  3.46354  2.40513  3.72494  3.29354  2.67741  2.69355  4.24690  2.90347  2.73739  3.18146  2.89801  2.37887  2.77519  2.98518  4.58477  3.61503
          0.03394  3.79585  4.51819  0.61958  0.77255  0.48576  0.95510
    138   2.90473  4.86144  3.07543  2.71386  4.23027  3.40035  3.72182  3.65519  1.14858  3.23810  4.20559  3.14102  3.90771  2.91909  2.42439  2.95288  3.16474  3.36797  5.31804  4.12045    138 k - - -
          2.68618  4.42225  2.77519  2.73123  3.46354  2.40513  3.72494  3.29354  2.67741  2.69355  4.24690  2.90347  2.73739  3.18146  2.89801  2.37887  2.77519  2.98518  4.58477  3.61503
          0.03394  3.79585  4.51819  0.61958  0.77255  0.48576  0.95510
    139   2.57516  4.35592  3.23299  3.12383  4.26326  0.85784  4.24698  3.84589  3.29441  3.50933  4.48601  3.39780  3.74458  3.62500  3.53709  2.74524  3.05053  3.38922  5.37683  4.36324    139 g - - -
          2.68618  4.42225  2.77519  2.73123  3.46354  2.40513  3.72494  3.29354  2.67741  2.69355  4.24690  2.90347  2.73739  3.18146  2.89801  2.37887  2.77519  2.98518  4.58477  3.61503
          0.03394  3.79585  4.51819  0.61958  0.77255  0.48576  0.95510
    140   2.74801  4.31390  4.01740  3.68015  3.49623  3.64235  4.49576  2.06134  3.54665  2.19812  3.47515  3.88167  4.20856  3.91289  3.76614  3.14265  3.11235  1.12783  5.26699  3.99291    140 v - - -
          2.68618  4.42225  2.77519  2.73123  3.46354  2.40513  3.72494  3.29354  2.67741  2.69355  4.24690  2.90347  2.73739  3.18146  2.89801  2.37887  2.77519  2.98518  4.58477  3.61503
          0.03394  3.79585  4.51819  0.61958  0.77255  0.48576  0.95510
    141   3.16360  4.58872  4.13284  3.83446  1.14617  3.86796  3.84818  2.69866  3.74379  2.08748  3.44153  3.93390  4.32968  3.93351  3.88243  3.43640  3.46543  2.68337  4.12325  2.50121    141 f - - -
          2.68618  4.42225  2.77519  2.73123  3.46354  2.40513  3.72494  3.29354  2.67741  2.69355  4.24690  2.90347  2.73739  3.18146  2.89801  2.37887  2.77519  2.98518  4.58477  3.61503
          0.03394  3.79585  4.51819  0.61958  0.77255  0.48576  0.95510
    142   2.65622  4.42412  3.25549  3.08508  4.08325  3.11607  4.16735  3.61068  3.13612  3.24522  4.29321  3.39853  0.98330  3.52735  3.38874  2.82178  3.09223  3.26464  5.28914  4.20354    142 p - - -
          2.68618  4.42225  2.77519  2.73123  3.46354  2.40513  3.72494  3.29354  2.67741  2.69355  4.24690  2.90347  2.73739  3.18146  2.89801  2.37887  2.77519  2.98518  4.58477  3.61503
          0.03394  3.79585  4.51819  0.61958  0.77255  0.48576  0.95510
    143   3.07102  4.55716  4.06533  3.70691  3.10991  3.88283  4.38674  2.31233  3.47532  0.97587  3.16059  3.98955  4.33279  3.86210  3.66310  3.44769  3.36958  2.32936  4.95932  3.66429    143 l - - -
          2.68618  4.42225  2.77519  2.73123  3.46354  2.40513  3.72494  3.29354  2.67741  2.69355  4.24690  2.90347  2.73739  3.18146  2.89801  2.37887  2.77519  2.98518  4.58477  3.61503
          0.03394  3.79585  4.51819  0.61958  0.77255  0.48576  0.95510
    144   2.97152  4.41421  4.22264  3.83718  3.32466  3.98025  4.58086  1.17841  3.66364  1.92884  3.27443  4.09334  4.42066  4.02108  3.86910  3.46981  3.27286  1.84999  5.19813  3.92838    144 i - - -
          2.68618  4.42225  2.77519  2.73123  3.46354  2.40513  3.72494  3.29354  2.67741  2.69355  4.24690  2.90347  2.73739  3.18146  2.89801  2.37887  2.77519  2.98518  4.58477  3.61503
          0.03394  3.79585  4.51819  0.61958  0.77255  0.48576  0.95510
    145   2.92233  4.76304  3.40551  2.93532  4.09822  3.42248  3.77472  3.63624  2.21532  3.16631  4.17040  3.29997  3.93052  3.00054  1.10248  3.01132  3.19466  3.36399  5.21352  4.04414    145 r - - -
          2.68618  4.42225  2.77519  2.73123  3.46354  2.40513  3.72494  3.29354  2.67741  2.69355  4.24690  2.90347  2.73739  3.18146  2.89801  2.37887  2.77519  2.98518  4.58477  3.61503
          0.03394  3.79585  4.51819  0.61958  0.77255  0.48576  0.95510
    146   2.90473  4.86144  3.07543  2.71386  4.23027  3.40035  3.72182  3.65519  1.14858  3.23810  4.20559  3.14102  3.90771  2.91909  2.42439  2.95288  3.16474  3.36797  5.31804  4.12045    146 k - - -
          2.68618  4.42225  2.77519  2.73123  3.46354  2.40513  3.72494  3.29354  2.67741  2.69355  4.24690  2.90347  2.73739  3.18146  2.89801  2.37887  2.77519  2.98518  4.58477  3.61503
          0.03394  3.79585  4.51819  0.61958  0.77255  0.48576  0.95510
    147   2.65622  4.42412  3.25549  3.08508  4.08325  3.11607  4.16735  3.61068  3.13612  3.24522  4.29321  3.39853  0.98330  3.52735  3.38874  2.82178  3.09223  3.26464  5.28914  4.20354    147 p - - -
          2.68618  4.42225  2.77519  2.73123  3.46354  2.40513  3.72494  3.29354  2.67741  2.69355  4.24690  2.90347  2.73739  3.18146  2.89801  2.37887  2.77519  2.98518  4.58477  3.61503
          0.03394  3.79585  4.51819  0.61958  0.77255  0.48576  0.95510
    148   2.89002  4.97982  2.46164  1.13983  4.31705  3.22719  3.81005  3.75576  2.68114  3.38625  4.36581  2.89548  3.82878  3.02872  3.08035  2.88163  3.19441  3.44836  5.50331  4.22786    148 e - - -
          2.68618  4.42225  2.77519  2.73123  3.46354  2.40513  3.72494  3.29354  2.67741  2.69355  4.24690  2.90347  2.73739  3.18146  2.89801  2.37887  2.77519  2.98518  4.58477  3.61503
          0.03394  3.79585  4.51819  0.61958  0.77255  0.48576  0.95510
    149   2.74801  4.31390  4.01740  3.68015  3.49623  3.64235  4.49576  2.06134  3.54665  2.19812  3.47515  3.88167  4.20856  3.91289  3.76614  3.14265  3.11235  1.12783  5.26699  3.99291    149 v - - -
          2.68618  4.42225  2.77519  2.73123  3.46354  2.40513  3.72494  3.29354  2.67741  2.69355  4.24690  2.90347  2.73739  3.18146  2.89801  2.37887  2.77519  2.98518  4.58477  3.61503
          0.03394  3.79585  4.51819  0.61958  0.77255  0.48576  0.95510
    150   2.89002  4.97982  2.46164  1.13983  4.31705  3.22719  3.81005  3.75576  2.68114  3.38625  4.36581  2.89548  3.82878  3.02872  3.08035  2.88163  3.19441  3.44836  5.50331  4.22786    150 e - - -
          2.68618  4.42225  2.77519  2.73123  3.46354  2.40513  3.72494  3.29354  2.67741  2.69355  4.24690  2.90347  2.73739  3.18146  2.89801  2.37887  2.77519  2.98518  4.58477  3.61503
          0.03394  3.79585  4.51819  0.61958  0.77255  0.48576  0.95510
    151   2.74801  4.31390  4.01740  3.68015  3.49623  3.64235  4.49576  2.06134  3.54665  2.19812  3.47515  3.88167  4.20856  3.91289  3.76614  3.14265  3.11235  1.12783  5.26699  3.99291    151 v - - -
          2.68618  4.42225  2.77519  2.73123  3.46354  2.40513  3.72494  3.29354  2.67741  2.69355  4.24690  2.90347  2.73739  3.18146  2.89801  2.37887  2.77519  2.98518  4.58477  3.61503
          0.03394  3.79585  4.51819  0.61958  0.77255  0.48576  0.95510
    152   2.82391  4.80348  2.85654  2.61232  3.96119  3.31750  3.76918  3.58217  2.43905  3.09197  4.12421  3.07053  3.87128  1.37714  2.72383  2.87594  3.12199  3.31731  5.24801  3.93728    152 q - - -
          2.68618  4.42225  2.77519  2.73123  3.46354  2.40513  3.72494  3.29354  2.67741  2.69355  4.24690  2.90347  2.73739  3.18146  2.89801  2.37887  2.77519  2.98518  4.58477  3.61503
          0.03394  3.79585  4.51819  0.61958  0.77255  0.48576  0.95510
    153   1.13028  4.15731  3.38741  3.17741  3.97841  2.98341  4.20816  3.09276  3.19172  2.97759  4.01968  3.34558  3.71559  3.54047  3.44632  2.50918  2.78132  2.76062  5.41337  4.20549    153 a - - -
          2.68618  4.42225  2.77519  2.73123  3.46354  2.40513  3.72494  3.29354  2.67741  2.69355  4.24690  2.90347  2.73739  3.18146  2.89801  2.37887  2.77519  2.98518  4.58477  3.61503
          0.03394  3.79585  4.51819  0.61958  0.77255  0.48576  0.95510
    154   1.13028  4.15731  3.38741  3.17741  3.97841  2.98341  4.20816  3.09276  3.19172  2.97759  4.01968  3.34558  3.71559  3.54047  3.44632  2.50918  2.78132  2.76062  5.41337  4.20549    154 a - - -
          2.68618  4.42225  2.77519  2.73123  3.46354  2.40513  3.72494  3.29354  2.67741  2.69355  4.24690  2.90347  2.73739  3.18146  2.89801  2.37887  2.77519  2.98518  4.58477  3.61503
          0.03394  3.79585  4.51819  0.61958  0.77255  0.48576  0.95510
    155   2.65622  4.42412  3.25549  3.08508  4.08325  3.11607  4.16735  3.61068  3.13612  3.24522  4.29321  3.39853  0.98330  3.52735  3.38874  2.82178  3.09223  3.26464  5.28914  4.20354    155 p - - -
          2.68618  4.42225  2.77519  2.73123  3.46354  2.40513  3.72494  3.29354  2.67741  2.69355  4.24690  2.90347  2.73739  3.18146  2.89801  2.37887  2.77519  2.98518  4.58477  3.61503
          0.03394  3.79585  4.51819  0.61958  0.77255  0.48576  0.95510
    156   3.16360  4.58872  4.13284  3.83446  1.14617  3.86796  3.84818  2.69866  3.74379  2.08748  3.44153  3.93390  4.32968  3.93351  3.88243  3.43640  3.46543  2.68337  4.12325  2.50121    156 f - - -
          2.68618  4.42225  2.77519  2.73123  3.46354  2.40513  3.72494  3.29354  2.67741  2.69355  4.24690  2.90347  2.73739  3.18146  2.89801  2.37887  2.77519  2.98518  4.58477  3.61503
          0.03394  3.79585  4.51819  0.61958  0.77255  0.48576  0.95510
    157   2.37506  4.21928  3.36343  3.11426  3.90438  3.06047  4.13698  3.02232  3.05568  2.88842  3.94560  3.33461  3.75891  3.45489  3.31686  2.57569  1.30895  2.72553  5.34910  4.12161    157 t - - -
          2.68618  4.42225  2.77519  2.73123  3.46354  2.40513  3.72494  3.29354  2.67741  2.69355  4.24690  2.90347  2.73739  3.18146  2.89801  2.37887  2.77519  2.98518  4.58477  3.61503
          0.03394  3.79585  4.51819  0.61958  0.77255  0.48576  0.95510
    158   2.50529  1.11030  4.00376  3.72743  3.73826  3.14268  4.39159  2.87105  3.55442  2.78917  3.90878  3.73489  3.84355  3.90392  3.69174  2.77646  2.96590  2.62041  5.16861  4.02596    158 c - - -
          2.68618  4.42225  2.77519  2.73123  3.46354  2.40513  3.72494  3.29354  2.67741  2.69355  4.24690  2.90347  2.73739  3.18146  2.89801  2.37887  2.77519  2.98518  4.58477  3.61503
          0.03394  3.79585  4.51819  0.61958  0.77255  0.48576  0.95510
    159   2.92233  4.76304  3.40551  2.93532  4.09822  3.42248  3.77472  3.63624  2.21532  3.16631  4.17040  3.29997  3.93052  3.00054  1.10248  3.01132  3.19466  3.36399  5.21352  4.04414    159 r - - -
          2.68618  4.42225  2.77519  2.73123  3.46354  2.40513  3.72494  3.29354  2.67741  2.69355  4.24690  2.90347  2.73739  3.18146  2.89801  2.37887  2.77519  2.98518  4.58477  3.61503
          0.03394  3.79585  4.51819  0.61958  0.77255  0.48576  0.95510
    160   2.82391  4.80348  2.85654  2.61232  3.96119  3.31750  3.76918  3.58217  2.43905  3.09197  4.12421  3.07053  3.87128  1.37714  2.72383  2.87594  3.12199  3.31731  5.24801  3.93728    160 q - - -
          2.68618  4.42225  2.77519  2.73123  3.46354  2.40513  3.72494  3.29354  2.67741  2.69355  4.24690  2.90347  2.73739  3.18146  2.89801  2.37887  2.77519  2.98518  4.58477  3.61503
          0.03394  3.79585  4.51819  0.61958  0.77255  0.48576  0.95510
    161   2.50529  1.11030  4.00376  3.72743  3.73826  3.14268  4.39159  2.87105  3.55442  2.78917  3.90878  3.73489  3.84355  3.90392  3.69174  2.77646  2.96590  2.62041  5.16861  4.02596    161 c - - -
          2.68618  4.42225  2.77519  2.73123  3.46354  2.40513  3.72494  3.29354  2.67741  2.69355  4.24690  2.90347  2.73739  3.18146  2.89801  2.37887  2.77519  2.98518  4.58477  3.61503
          0.03394  3.79585  4.51819  0.61958  0.77255  0.48576  0.95510
    162   2.91040  5.02118  1.03459  2.29415  4.38876  3.15538  3.86864  3.96018  2.93912  3.58318  4.56156  2.84580  3.80303  3.10913  3.44324  2.88288  3.24807  3.60825  5.57214  4.27689    162 d - - -
          2.68618  4.42225  2.77519  2.73123  3.46354  2.40513  3.72494  3.29354  2.67741  2.69355  4.24690  2.90347  2.73739  3.18146  2.89801  2.37887  2.77519  2.98518  4.58477  3.61503
          0.03394  3.79585  4.51819  0.61958  0.77255  0.48576  0.95510
    163   2.91708  4.74495  3.05658  2.81070  3.23529  3.38640  1.31508  3.60785  2.65608  3.11075  4.14924  3.22238  3.93573  3.17650  2.92545  2.98902  3.21864  3.34463  4.70109  3.18872    163 h - - -
          2.68618  4.42225  2.77519  2.73123  3.46354  2.40513  3.72494  3.29354  2.67741  2.69355  4.24690  2.90347  2.73739  3.18146  2.89801  2.37887  2.77519  2.98518  4.58477  3.61503
          0.03394  3.79585  4.51819  0.61958  0.77255  0.48576  0.95510
    164   2.74801  4.31390  4.01740  3.68015  3.49623  3.64235  4.49576  2.06134  3.54665  2.19812  3.47515  3.88167  4.20856  3.91289  3.76614  3.14265  3.11235  1.12783  5.26699  3.99291    164 v - - -
          2.68618  4.42225  2.77519  2.73123  3.46354  2.40513  3.72494  3.29354  2.67741  2.69355  4.24690  2.90347  2.73739  3.18146  2.89801  2.37887  2.77519  2.98518  4.58477  3.61503
          0.03394  3.79585  4.51819  0.61958  0.77255  0.48576  0.95510
    165   2.91040  5.02118  1.03459  2.29415  4.38876  3.15538  3.86864  3.96018  2.93912  3.58318  4.56156  2.84580  3.80303  3.10913  3.44324  2.88288  3.24807  3.60825  5.57214  4.27689    165 d - - -
          2.68618  4.42225  2.77519  2.73123  3.46354  2.40513  3.72494  3.29354  2.67741  2.69355  4.24690  2.90347  2.73739  3.18146  2.89801  2.37887  2.77519  2.98518  4.58477  3.61503
          0.03394  3.79585  4.51819  0.61958  0.77255  0.48576  0.95510
    166   2.91708  4.74495  3.05658  2.81070  3.23529  3.38640  1.31508  3.60785  2.65608  3.11075  4.14924  3.22238  3.93573  3.17650  2.92545  2.98902  3.21864  3.34463  4.70109  3.18872    166 h - - -
          2.68618  4.42225  2.77519  2.73123  3.46354  2.40513  3.72494  3.29354  2.67741  2.69355  4.24690  2.90347  2.73739  3.18146  2.89801  2.37887  2.77519  2.98518  4.58477  3.61503
          0.03394  3.79585  4.51819  0.61958  0.77255  0.48576  0.95510
    167   2.97152  4.41421  4.22264  3.83718  3.32466  3.98025  4.58086  1.17841  3.66364  1.92884  3.27443  4.09334  4.42066  4.02108  3.86910  3.46981  3.27286  1.84999  5.19813  3.92838    167 i - - -
          2.68618  4.42225  2.77519  2.73123  3.46354  2.40513  3.72494  3.29354  2.67741  2.69355  4.24690  2.90347  2.73739  3.18146  2.89801  2.37887  2.77519  2.98518  4.58477  3.61503
          0.03394  3.79585  4.51819  0.61958  0.77255  0.48576  0.95510
    168   2.37506  4.21928  3.36343  3.11426  3.90438  3.06047  4.13698  3.02232  3.05568  2.88842  3.94560  3.33461  3.75891  3.45489  3.31686  2.57569  1.30895  2.72553  5.34910  4.12161    168 t - - -
          2.68618  4.42225  2.77519  2.73123  3.46354  2.40513  3.72494  3.29354  2.67741  2.69355  4.24690  2.90347  2.73739  3.18146  2.89801  2.37887  2.77519  2.98518  4.58477  3.61503
          0.03394  3.79585  4.51819  0.61958  0.77255  0.48576  0.95510
    169   2.91040  5.02118  1.03459  2.29415  4.38876  3.15538  3.86864  3.96018  2.93912  3.58318  4.56156  2.84580  3.80303  3.10913  3.44324  2.88288  3.24807  3.60825  5.57214  4.27689    169 d - - -
          2.68618  4.42225  2.77519  2.73123  3.46354  2.40513  3.72494  3.29354  2.67741  2.69355  4.24690  2.90347  2.73739  3.18146  2.89801  2.37887  2.77519  2.98518  4.58477  3.61503
          0.03394  3.79585  4.51819  0.61958  0.77255  0.48576  0.95510
    170   2.74801  4.31390  4.01740  3.68015  3.49623  3.64235  4.49576  2.06134  3.54665  2.19812  3.47515  3.88167  4.20856  3.91289  3.76614  3.14265  3.11235  1.12783  5.26699  3.99291    170 v - - -
          2.68618  4.42225  2.77519  2.73123  3.46354  2.40513  3.72494  3.29354  2.67741  2.69355  4.24690  2.90347  2.73739  3.18146  2.89801  2.37887  2.77519  2.98518  4.58477  3.61503
          0.03394  3.79585  4.51819  0.61958  0.77255  0.48576  0.95510
    171   2.65622  4.42412  3.25549  3.08508  4.08325  3.11607  4.16735  3.61068  3.13612  3.24522  4.29321  3.39853  0.98330  3.52735  3.38874  2.82178  3.09223  3.26464  5.28914  4.20354    171 p - - -
          2.68618  4.42225  2.77519  2.73123  3.46354  2.40513  3.72494  3.29354  2.67741  2.69355  4.24690  2.90347  2.73739  3.18146  2.89801  2.37887  2.77519  2.98518  4.58477  3.61503
          0.03394  3.79585  4.51819  0.61958  0.77255  0.48576  0.95510
    172   2.82391  4.80348  2.85654  2.61232  3.96119  3.31750  3.76918  3.58217  2.43905  3.09197  4.12421  3.07053  3.87128  1.37714  2.72383  2.87594  3.12199  3.31731  5.24801  3.93728    172 q - - -
          2.68618  4.42225  2.77519  2.73123  3.46354  2.40513  3.72494  3.29354  2.67741  2.69355  4.24690  2.90347  2.73739  3.18146  2.89801  2.37887  2.77519  2.98518  4.58477  3.61503
          0.03394  3.79585  4.51819  0.61958  0.77255  0.48576  0.95510
    173   2.37506  4.21928  3.36343  3.11426  3.90438  3.06047  4.13698  3.02232  3.05568  2.88842  3.94560  3.33461  3.75891  3.45489  3.31686  2.57569  1.30895  2.72553  5.34910  4.12161    173 t - - -
          2.68618  4.42225  2.77519  2.73123  3.46354  2.40513  3.72494  3.29354  2.67741  2.69355  4.24690  2.90347  2.73739  3.18146  2.89801  2.37887  2.77519  2.98518  4.58477  3.61503
          0.03394  3.79585  4.51819  0.61958  0.77255  0.48576  0.95510
    174   2.28072  4.19900  3.14304  2.95724  4.00083  2.93045  4.06826  3.51397  3.02571  3.24092  4.17490  3.19308  3.66335  3.38155  3.31277  1.21285  2.75547  3.06599  5.37995  4.08441    174 s - - -
          2.68618  4.42225  2.77519  2.73123  3.46354  2.40513  3.72494  3.29354  2.67741  2.69355  4.24690  2.90347  2.73739  3.18146  2.89801  2.37887  2.77519  2.98518  4.58477  3.61503
          0.03394  3.79585  4.51819  0.61958  0.77255  0.48576  0.95510
    175   2.37506  4.21928  3.36343  3.11426  3.90438  3.06047  4.13698  3.02232  3.05568  2.88842  3.94560  3.33461  3.75891  3.45489  3.31686  2.57569  1.30895  2.72553  5.34910  4.12161    175 t - - -
          2.68618  4.42225  2.77519  2.73123  3.46354  2.40513  3.72494  3.29354  2.67741  2.69355  4.24690  2.90347  2.73739  3.18146  2.89801  2.37887  2.77519  2.98518  4.58477  3.61503
          0.03394  3.79585  4.51819  0.61958  0.77255  0.48576  0.95510
    176   3.12591  4.54322  4.30289  3.85198  1.63139  4.11289  3.98155  2.38341  3.70930  1.54307  3.11195  4.01032  4.44086  3.89302  3.87742  3.48789  3.37520  2.41443  4.28530  2.71676    176 l - - -
          2.68618  4.42225  2.77519  2.73123  3.46354  2.40513  3.72494  3.29354  2.67741  2.69355  4.24690  2.90347  2.73739  3.18146  2.89801  2.37887  2.77519  2.98518  4.58477  3.61503
          0.03394  3.79585  4.51819  0.61958  0.77255  0.48576  0.95510
    177   2.74801  4.31390  4.01740  3.68015  3.49623  3.64235  4.49576  2.06134  3.54665  2.19812  3.47515  3.88167  4.20856  3.91289  3.76614  3.14265  3.11235  1.12783  5.26699  3.99291    177 v - - -
          2.68618  4.42225  2.77519  2.73123  3.46354  2.40513  3.72494  3.29354  2.67741  2.69355  4.24690  2.90347  2.73739  3.18146  2.89801  2.37887  2.77519  2.98518  4.58477  3.61503
          0.03394  3.79585  4.51819  0.61958  0.77255  0.48576  0.95510
    178   2.91708  4.74495  3.05658  2.81070  3.23529  3.38640  1.31508  3.60785  2.65608  3.11075  4.14924  3.22238  3.93573  3.17650  2.92545  2.98902  3.21864  3.34463  4.70109  3.18872    178 h - - -
          2.68618  4.42225  2.77519  2.73123  3.46354  2.40513  3.72494  3.29354  2.67741  2.69355  4.24690  2.90347  2.73739  3.18146  2.89801  2.37887  2.77519  2.98518  4.58477  3.61503
          0.03394  3.79585  4.51819  0.61958  0.77255  0.48576  0.95510
    179   2.90473  4.86144  3.07543  2.71386  4.23027  3.40035  3.72182  3.65519  1.14858  3.23810  4.20559  3.14102  3.90771  2.91909  2.42439  2.95288  3.16474  3.36797  5.31804  4.12045    179 k - - -
          2.68618  4.42225  2.77519  2.73123  3.46354  2.40513  3.72494  3.29354  2.67741  2.69355  4.24690  2.90347  2.73739  3.18146  2.89801  2.37887  2.77519  2.98518  4.58477  3.61503
          0.03394  3.79585  4.51819  0.61958  0.77255  0.48576  0.95510
    180   2.50529  1.11030  4.00376  3.72743  3.73826  3.14268  4.39159  2.87105  3.55442  2.78917  3.90878  3.73489  3.84355  3.90392  3.69174  2.77646  2.96590  2.62041  5.16861  4.02596    180 c - - -
          2.68618  4.42225  2.77519  2.73123  3.46354  2.40513  3.72494  3.29354  2.67741  2.69355  4.24690  2.90347  2.73739  3.18146  2.89801  2.37887  2.77519  2.98518  4.58477  3.61503
          0.03394  3.79585  4.51819  0.61958  0.77255  0.48576  0.95510
    181   2.37506  4.21928  3.36343  3.11426  3.90438  3.06047  4.13698  3.02232  3.05568  2.88842  3.94560  3.33461  3.75891  3.45489  3.31686  2.57569  1.30895  2.72553  5.34910  4.12161    181 t - - -
          2.68618  4.42225  2.77519  2.73123  3.46354  2.40513  3.72494  3.29354  2.67741  2.69355  4.24690  2.90347  2.73739  3.18146  2.89801  2.37887  2.77519  2.98518  4.58477  3.61503
          0.03394  3.79585  4.51819  0.61958  0.77255  0.48576  0.95510
    182   2.28072  4.19900  3.14304  2.95724  4.00083  2.93045  4.06826  3.51397  3.02571  3.24092  4.17490  3.19308  3.66335  3.38155  3.31277  1.21285  2.75547  3.06599  5.37995  4.08441    182 s - - -
          2.68618  4.42225  2.77519  2.73123  3.46354  2.40513  3.72494  3.29354  2.67741  2.69355  4.24690  2.90347  2.73739  3.18146  2.89801  2.37887  2.77519  2.98518  4.58477  3.61503
          0.03394  3.79585  4.51819  0.61958  0.77255  0.48576  0.95510
    183   2.50529  1.11030  4.00376  3.72743  3.73826  3.14268  4.39159  2.87105  3.55442  2.78917  3.90878  3.73489  3.84355  3.90392  3.69174  2.77646  2.96590  2.62041  5.16861  4.02596    183 c - - -
          2.68618  4.42225  2.77519  2.73123  3.46354  2.40513  3.72494  3.29354  2.67741  2.69355  4.24690  2.90347  2.73739  3.18146  2.89801  2.37887  2.77519  2.98518  4.58477  3.61503
          0.03394  3.79585  4.51819  0.61958  0.77255  0.48576  0.95510
    184   2.57516  4.35592  3.23299  3.12383  4.26326  0.85784  4.24698  3.84589  3.29441  3.50933  4.48601  3.39780  3.74458  3.62500  3.53709  2.74524  3.05053  3.38922  5.37683  4.36324    184 g - - -
          2.68618  4.42225  2.77519  2.73123  3.46354  2.40513  3.72494  3.29354  2.67741  2.69355  4.24690  2.90347  2.73739  3.18146  2.89801  2.37887  2.77519  2.98518  4.58477  3.61503
          0.03394  3.79585  4.51819  0.61958  0.77255  0.48576  0.95510
    185   3.16360  4.58872  4.13284  3.83446  1.14617  3.86796  3.84818  2.69866  3.74379  2.08748  3.44153  3.93390  4.32968  3.93351  3.88243  3.43640  3.46543  2.68337  4.12325  2.50121    185 f - - -
          2.68618  4.42225  2.77519  2.73123  3.46354  2.40513  3.72494  3.29354  2.67741  2.69355  4.24690  2.90347  2.73739  3.18146  2.89801  2.37887  2.77519  2.98518  4.58477  3.61503
          0.03394  3.79585  4.51819  0.61958  0.77255  0.48576  0.95510
    186   2.74801  4.31390  4.01740  3.68015  3.49623  3.64235  4.49576  2.06134  3.54665  2.19812  3.47515  3.88167  4.20856  3.91289  3.76614  3.14265  3.11235  1.12783  5.26699  3.99291    186 v - - -
          2.68618  4.42225  2.77519  2.73123  3.46354  2.40513  3.72494  3.29354  2.67741  2.69355  4.24690  2.90347  2.73739  3.18146  2.89801  2.37887  2.77519  2.98518  4.58477  3.61503
          0.03394  3.79585  4.51819  0.61958  0.77255  0.48576  0.95510
    187   2.82391  4.80348  2.85654  2.61232  3.96119  3.31750  3.76918  3.58217  2.43905  3.09197  4.12421  3.07053  3.87128  1.37714  2.72383  2.87594  3.12199  3.31731  5.24801  3.93728    187 q - - -
          2.68618  4.42225  2.77519  2.73123  3.46354  2.40513  3.72494  3.29354  2.67741  2.69355  4.24690  2.90347  2.73739  3.18146  2.89801  2.37887  2.77519  2.98518  4.58477  3.61503
          0.03394  3.79585  4.51819  0.61958  0.77255  0.48576  0.95510
    188   2.91144  4.47319  3.96799  3.55732  3.17835  3.77684  4.31030  2.34647  3.32892  1.78624  1.53332  3.84376  4.23852  3.71682  3.54291  3.25177  3.21604  2.34324  5.00794  3.76195    188 m - - -
          2.68618  4.42225  2.77519  2.73123  3.46354  2.40513  3.72494  3.29354  2.67741  2.69355  4.24690  2.90347  2.73739  3.18146  2.89801  2.37887  2.77519  2.98518  4.58477  3.61503
          0.03394  3.79585  4.51819  0.61958  0.77255  0.48576  0.95510
    189   2.74801  4.31390  4.01740  3.68015  3.49623  3.64235  4.49576  2.06134  3.54665  2.19812  3.47515  3.88167  4.20856  3.91289  3.76614  3.14265  3.11235  1.12783  5.26699  3.99291    189 v - - -
          2.68618  4.42225  2.77519  2.73123  3.46354  2.40513  3.72494  3.29354  2.67741  2.69355  4.24690  2.90347  2.73739  3.18146  2.89801  2.37887  2.77519  2.98518  4.58477  3.61503
          0.03394  3.79585  4.51819  0.61958  0.77255  0.48576  0.95510
    190   2.91708  4.74495  3.05658  2.81070  3.23529  3.38640  1.31508  3.60785  2.65608  3.11075  4.14924  3.22238  3.93573  3.17650  2.92545  2.98902  3.21864  3.34463  4.70109  3.18872    190 h - - -
          2.68618  4.42225  2.77519  2.73123  3.46354  2.40513  3.72494  3.29354  2.67741  2.69355  4.24690  2.90347  2.73739  3.18146  2.89801  2.37887  2.77519  2.98518  4.58477  3.61503
          0.03394  3.79585  4.51819  0.61958  0.77255  0.48576  0.95510
    191   2.92233  4.76304  3.40551  2.93532  4.09822  3.42248  3.77472  3.63624  2.21532  3.16631  4.17040  3.29997  3.93052  3.00054  1.10248  3.01132  3.19466  3.36399  5.21352  4.04414    191 r - - -
          2.68618  4.42225  2.77519  2.73123  3.46354  2.40513  3.72494  3.29354  2.67741  2.69355  4.24690  2.90347  2.73739  3.18146  2.89801  2.37887  2.77519  2.98518  4.58477  3.61503
          0.03394  3.79585  4.51819  0.61958  0.77255  0.48576  0.95510
    192   2.90473  4.86144  3.07543  2.71386  4.23027  3.40035  3.72182  3.65519  1.14858  3.23810  4.20559  3.14102  3.90771  2.91909  2.42439  2.95288  3.16474  3.36797  5.31804  4.12045    192 k - - -
          2.68618  4.42225  2.77519  2.73123  3.46354  2.40513  3.72494  3.29354  2.67741  2.69355  4.24690  2.90347  2.73739  3.18146  2.89801  2.37887  2.77519  2.98518  4.58477  3.61503
          0.03394  3.79585  4.51819  0.61958  0.77255  0.48576  0.95510
    193   2.91040  5.02118  1.03459  2.29415  4.38876  3.15538  3.86864  3.96018  2.93912  3.58318  4.56156  2.84580  3.80303  3.10913  3.44324  2.88288  3.24807  3.60825  5.57214  4.27689    193 d - - -
          2.68618  4.42225  2.77519  2.73123  3.46354  2.40513  3.72494  3.29354  2.67741  2.69355  4.24690  2.90347  2.73739  3.18146  2.89801  2.37887  2.77519  2.98518  4.58477  3.61503
          0.03394  3.79585  4.51819  0.61958  0.77255  0.48576  0.95510
    194   2.74801  4.31390  4.01740  3.68015  3.49623  3.64235  4.49576  2.06134  3.54665  2.19812  3.47515  3.88167  4.20856  3.91289  3.76614  3.14265  3.11235  1.12783  5.26699  3.99291    194 v - - -
          2.68618  4.42225  2.77519  2.73123  3.46354  2.40513  3.72494  3.29354  2.67741  2.69355  4.24690  2.90347  2.73739  3.18146  2.89801  2.37887  2.77519  2.98518  4.58477  3.61503
          0.03394  3.79585  4.51819  0.61958  0.77255  0.48576  0.95510
    195   2.65622  4.42412  3.25549  3.08508  4.08325  3.11607  4.16735  3.61068  3.13612  3.24522  4.29321  3.39853  0.98330  3.52735  3.38874  2.82178  3.09223  3.26464  5.28914  4.20354    195 p - - -
          2.68618  4.42225  2.77519  2.73123  3.46354  2.40513  3.72494  3.29354  2.67741  2.69355  4.24690  2.90347  2.73739  3.18146  2.89801  2.37887  2.77519  2.98518  4.58477  3.61503
          0.02297  3.78488        *  0.61958  0.77255  0.00000        *
//
