HMMER3/f [3.3.1 | Jul 2020]
NAME  vHMM_18083
LENG  172
ALPH  amino
RF    no
MM    no
CONS  yes
CS    no
MAP   yes
DATE  Thu Feb 11 23:00:22 2021
NSEQ  31
EFFN  0.995239
CKSUM 3067341833
STATS LOCAL MSV       -9.8964  0.70736
STATS LOCAL VITERBI  -10.9223  0.70736
STATS LOCAL FORWARD   -4.6329  0.70736
CUTOFF SCORE	129.28
TAXON	Nanoviridae
TXID	251095
PROTEIN	Capsid
TYPE	Full-length
RANGE	Wide
HMM          A        C        D        E        F        G        H        I        K        L        M        N        P        Q        R        S        T        V        W        Y   
            m->m     m->i     m->d     i->m     i->i     d->m     d->d
  COMPO   2.60520  4.37214  3.23378  2.80670  3.39417  2.95063  3.82537  2.69214  2.58647  2.40794  3.40907  3.21694  3.44083  3.16717  2.81690  2.58415  2.79688  2.43369  4.74565  3.41110
          2.68619  4.42226  2.77520  2.73124  3.46349  2.40513  3.72495  3.29355  2.67741  2.69356  4.24678  2.90347  2.73740  3.18139  2.89798  2.37887  2.77520  2.98519  4.58478  3.61504
          0.11647  3.69301  2.46453  0.77985  0.61336  0.00000        *
      1   3.16977  4.68485  4.30962  3.92710  3.33283  4.01379  4.60824  2.53287  3.68062  1.89748  0.99101  4.17378  4.48108  4.05009  3.85715  3.54039  3.48254  2.56495  5.20113  3.98074      6 m - - -
          2.68618  4.42225  2.77519  2.73123  3.46354  2.40513  3.72494  3.29354  2.67741  2.69355  4.24690  2.90347  2.73739  3.18146  2.89801  2.37887  2.77519  2.98518  4.58477  3.61503
          0.02477  4.10642  4.82877  0.61958  0.77255  0.43185  1.04783
      2   1.86056  4.25748  3.87596  3.32941  3.49251  3.65434  4.12845  2.45736  3.24931  2.44213  2.79392  3.62357  4.10159  3.53279  3.53451  2.96716  2.49316  1.80450  5.03207  3.82269      7 v - - -
          2.68618  4.42225  2.77519  2.73123  3.46354  2.40513  3.72494  3.29354  2.67741  2.69355  4.24690  2.90347  2.73739  3.18146  2.89801  2.37887  2.77519  2.98518  4.58477  3.61503
          0.02282  4.18727  4.90962  0.61958  0.77255  0.48576  0.95510
      3   2.48034  4.91214  2.95427  2.43132  4.26299  2.82123  3.65377  3.70010  2.40246  3.25835  4.04829  2.91529  3.11745  2.61743  2.27717  2.19874  2.87262  3.32655  5.45354  4.10130      8 s - - -
          2.68618  4.42225  2.77519  2.73123  3.46354  2.40513  3.72494  3.29354  2.67741  2.69355  4.24690  2.90347  2.73739  3.18146  2.89801  2.37887  2.77519  2.98518  4.58477  3.61503
          0.02282  4.18727  4.90962  0.61958  0.77255  0.48576  0.95510
      4   2.33719  4.27642  3.54193  2.97440  2.76041  3.58900  3.85419  2.76624  2.88748  2.36374  3.38526  3.08509  3.97006  3.21544  3.25590  2.52208  2.40585  2.41563  4.86507  3.21756      9 a - - -
          2.68618  4.42225  2.77519  2.73123  3.46354  2.40513  3.72494  3.29354  2.67741  2.69355  4.24690  2.90347  2.73739  3.18146  2.89801  2.37887  2.77519  2.98518  4.58477  3.61503
          0.19591  4.18727  1.81571  0.61958  0.77255  0.48576  0.95510
      5   2.27305  4.25137  3.57062  3.01846  3.30654  3.54829  3.84650  2.73176  2.91387  2.15911  3.36797  3.37357  3.07588  3.23742  3.22181  2.82857  2.82702  2.52424  2.77627  3.52418     10 l - - -
          2.68618  4.42225  2.77519  2.73123  3.46354  2.40513  3.72494  3.29354  2.67741  2.69355  4.24690  2.90347  2.73739  3.18146  2.89801  2.37887  2.77519  2.98518  4.58477  3.61503
          0.02708  4.01845  4.74079  0.61958  0.77255  0.38885  1.13269
      6   2.77291  5.14199  2.95302  2.44901  4.49240  3.48202  3.63629  3.92713  2.02344  3.41908  4.20826  1.95517  3.88842  2.41476  2.31157  2.56416  2.99288  3.54232  5.54683  4.21150     11 n - - -
          2.68618  4.42225  2.77519  2.73123  3.46354  2.40513  3.72494  3.29354  2.67741  2.69355  4.24690  2.90347  2.73739  3.18146  2.89801  2.37887  2.77519  2.98518  4.58477  3.61503
          0.02282  4.18727  4.90962  0.61958  0.77255  0.48576  0.95510
      7   2.94723  4.71086  3.64655  3.08249  3.43839  3.73643  3.79886  3.29112  2.18988  2.89687  3.84632  3.43727  4.13598  3.14840  2.56942  3.09644  3.16792  3.06665  1.47152  3.45932     12 w - - -
          2.68618  4.42225  2.77519  2.73123  3.46354  2.40513  3.72494  3.29354  2.67741  2.69355  4.24690  2.90347  2.73739  3.18146  2.89801  2.37887  2.77519  2.98518  4.58477  3.61503
          0.19591  4.18727  1.81571  0.61958  0.77255  0.48576  0.95510
      8   2.16600  4.57445  3.01097  2.55670  3.87388  3.25103  3.75427  3.49839  2.59768  3.12429  3.94599  2.40330  2.91868  2.93185  3.03554  2.08108  2.79734  3.12636  5.37055  4.05939     13 s - - -
          2.68618  4.42225  2.77519  2.73123  3.46354  2.40513  3.72494  3.29354  2.67741  2.69355  4.24690  2.90347  2.73739  3.18146  2.89801  2.37887  2.77519  2.98518  4.58477  3.61503
          0.02708  4.01845  4.74079  0.61958  0.77255  0.38885  1.13269
      9   2.70126  4.29720  3.81952  3.25799  3.41956  2.03440  4.07332  2.27606  3.17721  2.13842  3.13418  3.59822  4.12777  3.46748  3.47475  3.02199  2.94788  1.99774  4.97621  3.76177     14 v - - -
          2.68618  4.42225  2.77519  2.73123  3.46354  2.40513  3.72494  3.29354  2.67741  2.69355  4.24690  2.90347  2.73739  3.18146  2.89801  2.37887  2.77519  2.98518  4.58477  3.61503
          0.02282  4.18727  4.90962  0.61958  0.77255  0.48576  0.95510
     10   2.44024  5.00603  3.23988  2.62337  4.33668  3.57230  3.65745  3.71799  1.69165  3.25998  3.57252  3.09843  3.94942  2.79440  1.79853  2.83082  3.02259  3.39060  5.42491  4.15532     15 k - - -
          2.68618  4.42225  2.77519  2.73123  3.46354  2.40513  3.72494  3.29354  2.67741  2.69355  4.24690  2.90347  2.73739  3.18146  2.89801  2.37887  2.77519  2.98518  4.58477  3.61503
          0.02282  4.18727  4.90962  0.61958  0.77255  0.48576  0.95510
     11   3.19633  5.29923  3.60105  2.92630  4.78770  3.78022  3.70841  4.12983  0.96840  3.54691  4.42475  3.31583  4.14932  2.84225  1.85641  3.18553  3.35553  3.81008  5.56116  4.41238     16 k - - -
          2.68608  4.42229  2.77524  2.73127  3.46358  2.40517  3.72499  3.29358  2.67745  2.69359  4.24694  2.90351  2.73744  3.18150  2.89788  2.37886  2.77524  2.98485  4.58481  3.61507
          0.29516  2.37665  1.81571  0.87724  0.53773  0.48576  0.95510
     12   2.04657  4.45336  3.07018  2.74072  4.18314  1.63224  3.91710  3.59055  2.74354  3.23760  4.08239  3.11921  3.78089  3.05236  2.82726  2.56958  2.83315  3.17644  5.48050  4.21033     20 g - - -
          2.68618  4.42225  2.77519  2.73123  3.46354  2.40513  3.72494  3.29354  2.67741  2.69355  4.24690  2.90347  2.73739  3.18146  2.89801  2.37887  2.77519  2.98518  4.58477  3.61503
          0.02708  4.01845  4.74079  0.61958  0.77255  0.38885  1.13269
     13   2.65977  4.64841  3.22596  2.64685  3.84873  3.52741  3.71397  3.21353  2.24473  2.68882  3.07194  3.12172  3.90946  2.91359  2.08248  2.75793  2.54832  2.75282  5.17400  3.89923     21 r - - -
          2.68618  4.42225  2.77519  2.73123  3.46354  2.40513  3.72494  3.29354  2.67741  2.69355  4.24690  2.90347  2.73739  3.18146  2.89801  2.37887  2.77519  2.98518  4.58477  3.61503
          0.02282  4.18727  4.90962  0.61958  0.77255  0.48576  0.95510
     14   3.23728  5.18789  3.71959  3.10860  4.63395  3.77185  3.84495  4.06873  2.05541  3.53362  4.46821  3.45852  4.20496  3.01128  0.81735  3.27490  3.44243  3.76965  5.54280  4.39746     22 r - - -
          2.68618  4.42225  2.77519  2.73123  3.46354  2.40513  3.72494  3.29354  2.67741  2.69355  4.24690  2.90347  2.73739  3.18146  2.89801  2.37887  2.77519  2.98518  4.58477  3.61503
          0.02282  4.18727  4.90962  0.61958  0.77255  0.48576  0.95510
     15   2.35085  4.33326  3.49809  3.03335  4.07305  3.19304  4.07390  3.42268  3.00835  3.13655  3.98685  3.32037  3.46585  3.32477  3.37041  1.56284  1.86088  2.63143  5.44051  4.20140     23 s - - -
          2.68618  4.42225  2.77519  2.73123  3.46354  2.40513  3.72494  3.29354  2.67741  2.69355  4.24690  2.90347  2.73739  3.18146  2.89801  2.37887  2.77519  2.98518  4.58477  3.61503
          0.02282  4.18727  4.90962  0.61958  0.77255  0.48576  0.95510
     16   2.61733  4.79670  3.02532  2.47002  4.03278  3.11615  3.65172  3.44676  2.44457  2.95350  3.87186  2.86124  2.87241  2.52011  2.58672  2.56593  2.84855  2.97056  5.30147  3.08960     24 k - - -
          2.68618  4.42225  2.77519  2.73123  3.46354  2.40513  3.72494  3.29354  2.67741  2.69355  4.24690  2.90347  2.73739  3.18146  2.89801  2.37887  2.77519  2.98518  4.58477  3.61503
          0.02282  4.18727  4.90962  0.61958  0.77255  0.48576  0.95510
     17   3.39820  5.19142  3.92443  3.38358  4.62828  3.80973  4.10457  4.20261  2.43361  3.66132  4.66317  3.71384  4.30601  3.31796  0.58852  3.47349  3.64839  3.91526  5.58851  4.49836     25 R - - -
          2.68618  4.42225  2.77519  2.73123  3.46354  2.40513  3.72494  3.29354  2.67741  2.69355  4.24690  2.90347  2.73739  3.18146  2.89801  2.37887  2.77519  2.98518  4.58477  3.61503
          0.02282  4.18727  4.90962  0.61958  0.77255  0.48576  0.95510
     18   2.94763  4.95168  3.44329  2.96746  4.55498  2.55425  3.92084  4.00525  2.37075  3.53496  4.41060  3.35626  4.07035  3.09758  0.99866  3.01576  3.24081  3.63291  5.58394  4.40323     26 r - - -
          2.68618  4.42225  2.77519  2.73123  3.46354  2.40513  3.72494  3.29354  2.67741  2.69355  4.24690  2.90347  2.73739  3.18146  2.89801  2.37887  2.77519  2.98518  4.58477  3.61503
          0.02947  4.18727  4.27961  0.61958  0.77255  0.48576  0.95510
     19   2.68617  4.91282  2.92058  2.50976  4.39596  2.21097  3.74352  3.82823  1.73109  3.38279  4.19056  3.00547  2.79500  2.88827  2.84275  2.67195  2.96653  3.43496  5.55890  4.23029     27 k - - -
          2.68618  4.42225  2.77519  2.73123  3.46354  2.40513  3.72494  3.29354  2.67741  2.69355  4.24690  2.90347  2.73739  3.18146  2.89801  2.37887  2.77519  2.98518  4.58477  3.61503
          0.02297  4.18078  4.90313  0.61958  0.77255  0.48075  0.96317
     20   2.35783  4.55001  3.44321  2.93057  3.37930  3.59691  3.79974  3.12330  2.69769  2.78434  3.70827  3.32443  4.02362  3.15550  2.52814  2.90184  2.99306  2.88434  4.85571  1.69868     28 y - - -
          2.68618  4.42225  2.77519  2.73123  3.46354  2.40513  3.72494  3.29354  2.67741  2.69355  4.24690  2.90347  2.73739  3.18146  2.89801  2.37887  2.77519  2.98518  4.58477  3.61503
          0.02282  4.18727  4.90962  0.61958  0.77255  0.48576  0.95510
     21   2.43868  4.57660  3.16488  2.74179  4.30376  1.79930  3.91286  3.72876  2.70656  3.34058  4.15557  3.14631  3.83291  3.09360  2.51846  1.89669  2.82268  3.29508  5.55915  4.27183     29 g - - -
          2.68618  4.42225  2.77519  2.73123  3.46354  2.40513  3.72494  3.29354  2.67741  2.69355  4.24690  2.90347  2.73739  3.18146  2.89801  2.37887  2.77519  2.98518  4.58477  3.61503
          0.02282  4.18727  4.90962  0.61958  0.77255  0.48576  0.95510
     22   2.98071  5.13709  3.37407  2.76384  4.58153  3.64847  3.69018  3.95115  1.82240  3.43148  4.27673  3.19697  4.04101  2.82556  1.31082  2.47370  3.17962  3.61281  5.51685  4.30320     30 r - - -
          2.68618  4.42225  2.77519  2.73123  3.46354  2.40513  3.72494  3.29354  2.67741  2.69355  4.24690  2.90347  2.73739  3.18146  2.89801  2.37887  2.77519  2.98518  4.58477  3.61503
          0.14975  4.18727  2.08839  0.61958  0.77255  0.48576  0.95510
     23   2.67063  4.25375  3.76488  3.20837  2.57328  3.68966  3.86427  2.31312  3.12779  2.31818  3.31121  3.52029  2.43592  3.39407  3.40628  2.96331  2.90510  2.47106  4.59528  2.68498     31 i - - -
          2.68618  4.42225  2.77519  2.73123  3.46354  2.40513  3.72494  3.29354  2.67741  2.69355  4.24690  2.90347  2.73739  3.18146  2.89801  2.37887  2.77519  2.98518  4.58477  3.61503
          0.02587  4.06340  4.78575  0.61958  0.77255  0.54582  0.86599
     24   2.63328  4.12794  3.99610  3.42310  2.49570  3.71310  3.94537  2.36938  3.31412  2.26832  3.22505  3.65147  4.08251  3.54298  3.51996  2.57489  2.86708  1.99383  4.59647  2.51230     32 v - - -
          2.68618  4.42225  2.77519  2.73123  3.46354  2.40513  3.72494  3.29354  2.67741  2.69355  4.24690  2.90347  2.73739  3.18146  2.89801  2.37887  2.77519  2.98518  4.58477  3.61503
          0.08404  4.10642  2.74669  0.61958  0.77255  0.57850  0.82267
     25   2.39061  5.01282  3.21763  2.63916  4.41808  3.54170  3.63590  3.78670  1.44324  3.30731  4.14784  3.09359  3.94271  2.77403  2.04945  2.85641  3.05522  3.45146  5.43688  4.19379     33 k - - -
          2.68618  4.42225  2.77519  2.73123  3.46354  2.40513  3.72494  3.29354  2.67741  2.69355  4.24690  2.90347  2.73739  3.18146  2.89801  2.37887  2.77519  2.98518  4.58477  3.61503
          0.02626  4.04864  4.77098  0.61958  0.77255  0.40219  1.10520
     26   2.38002  4.86387  2.99808  2.44796  4.12414  3.44213  3.64144  3.54558  2.19788  3.13225  3.93924  2.84234  2.74204  2.78399  2.54456  2.49733  2.86273  3.21088  5.35700  3.25611     34 k - - -
          2.68618  4.42225  2.77519  2.73123  3.46354  2.40513  3.72494  3.29354  2.67741  2.69355  4.24690  2.90347  2.73739  3.18146  2.89801  2.37887  2.77519  2.98518  4.58477  3.61503
          0.10562  4.18727  2.46453  0.61958  0.77255  0.48576  0.95510
     27   2.29870  4.50362  3.21687  2.66171  3.68173  3.49277  3.72599  3.04759  2.35188  2.44425  3.60307  2.72236  3.88250  2.96139  3.01552  2.67111  2.82594  2.38213  5.06190  3.57372     35 a - - -
          2.68618  4.42225  2.77519  2.73123  3.46354  2.40513  3.72494  3.29354  2.67741  2.69355  4.24690  2.90347  2.73739  3.18146  2.89801  2.37887  2.77519  2.98518  4.58477  3.61503
          0.02477  4.10642  4.82877  0.61958  0.77255  0.43185  1.04783
     28   1.86827  4.33381  3.49863  3.01163  3.95796  3.24546  4.03391  3.28252  2.98350  3.01765  3.88007  3.31970  2.05958  3.29640  3.34728  2.45776  2.42754  2.42388  5.34481  4.10608     36 a - - -
          2.68618  4.42225  2.77519  2.73123  3.46354  2.40513  3.72494  3.29354  2.67741  2.69355  4.24690  2.90347  2.73739  3.18146  2.89801  2.37887  2.77519  2.98518  4.58477  3.61503
          0.02282  4.18727  4.90962  0.61958  0.77255  0.48576  0.95510
     29   2.43822  4.35584  3.50976  3.17561  4.19090  3.17957  4.22918  3.43027  3.13881  3.20330  4.13438  3.40752  1.23297  3.49700  3.44877  2.61834  2.41007  2.83661  5.59525  4.35594     37 p - - -
          2.68618  4.42225  2.77519  2.73123  3.46354  2.40513  3.72494  3.29354  2.67741  2.69355  4.24690  2.90347  2.73739  3.18146  2.89801  2.37887  2.77519  2.98518  4.58477  3.61503
          0.02282  4.18727  4.90962  0.61958  0.77255  0.48576  0.95510
     30   2.44332  4.35126  3.49798  3.04885  4.01281  3.23835  4.07804  3.00193  3.00434  3.06432  3.94684  3.34270  3.86267  3.33991  3.35217  1.68041  1.62323  2.94539  5.40592  4.15927     38 t - - -
          2.68618  4.42225  2.77519  2.73123  3.46354  2.40513  3.72494  3.29354  2.67741  2.69355  4.24690  2.90347  2.73739  3.18146  2.89801  2.37887  2.77519  2.98518  4.58477  3.61503
          0.02282  4.18727  4.90962  0.61958  0.77255  0.48576  0.95510
     31   2.59489  4.65857  3.09925  2.62966  4.05045  3.37558  3.05113  3.47775  2.59186  3.10693  3.94372  3.09121  3.86457  2.97469  2.92804  1.87658  1.96414  3.14050  5.35064  4.04495     39 s - - -
          2.68618  4.42225  2.77519  2.73123  3.46354  2.40513  3.72494  3.29354  2.67741  2.69355  4.24690  2.90347  2.73739  3.18146  2.89801  2.37887  2.77519  2.98518  4.58477  3.61503
          0.02282  4.18727  4.90962  0.61958  0.77255  0.48576  0.95510
     32   2.83001  5.19903  2.52150  2.47392  4.56770  3.50341  3.65091  3.99900  1.46543  3.47459  4.27115  2.98814  3.91753  2.77035  2.08834  2.79742  3.04676  3.61264  5.58170  4.25828     40 k - - -
          2.68618  4.42225  2.77519  2.73123  3.46354  2.40513  3.72494  3.29354  2.67741  2.69355  4.24690  2.90347  2.73739  3.18146  2.89801  2.37887  2.77519  2.98518  4.58477  3.61503
          0.02282  4.18727  4.90962  0.61958  0.77255  0.48576  0.95510
     33   2.79716  3.80022  4.45271  3.87442  3.27275  3.99000  4.33129  1.92645  3.73704  1.93621  3.23630  4.03230  4.33246  3.93699  3.87575  3.30049  3.03375  1.37869  4.90673  3.07435     41 v - - -
          2.68618  4.42225  2.77519  2.73123  3.46354  2.40513  3.72494  3.29354  2.67741  2.69355  4.24690  2.90347  2.73739  3.18146  2.89801  2.37887  2.77519  2.98518  4.58477  3.61503
          0.02282  4.18727  4.90962  0.61958  0.77255  0.48576  0.95510
     34   2.19811  4.23515  3.96462  3.42871  3.46172  3.68102  4.17197  2.40799  3.33304  1.90460  3.41662  3.69028  4.13072  3.61193  3.58993  2.68661  2.93930  1.61844  5.01444  3.80657     42 v - - -
          2.68618  4.42225  2.77519  2.73123  3.46354  2.40513  3.72494  3.29354  2.67741  2.69355  4.24690  2.90347  2.73739  3.18146  2.89801  2.37887  2.77519  2.98518  4.58477  3.61503
          0.02282  4.18727  4.90962  0.61958  0.77255  0.48576  0.95510
     35   2.52648  4.22482  3.64980  3.07928  2.84542  3.61931  3.88700  2.65334  3.01376  2.20041  3.33346  2.90589  3.99674  3.29493  3.31961  2.37988  2.83180  2.17738  4.80811  3.15137     43 v - - -
          2.68618  4.42225  2.77519  2.73123  3.46354  2.40513  3.72494  3.29354  2.67741  2.69355  4.24690  2.90347  2.73739  3.18146  2.89801  2.37887  2.77519  2.98518  4.58477  3.61503
          0.02282  4.18727  4.90962  0.61958  0.77255  0.48576  0.95510
     36   2.73851  4.91222  2.84798  2.53075  4.05363  3.49885  1.87608  3.58447  2.37574  2.84274  3.99996  3.03298  3.90695  2.84387  2.41657  2.76507  2.96569  3.26771  5.31189  3.95640     44 h - - -
          2.68618  4.42225  2.77519  2.73123  3.46354  2.40513  3.72494  3.29354  2.67741  2.69355  4.24690  2.90347  2.73739  3.18146  2.89801  2.37887  2.77519  2.98518  4.58477  3.61503
          0.02282  4.18727  4.90962  0.61958  0.77255  0.48576  0.95510
     37   2.53303  4.86975  2.93687  2.21113  4.15335  3.07130  3.65843  3.57707  2.44768  3.16500  3.97049  2.95386  3.83173  2.26358  2.91063  2.23738  2.82260  2.71133  5.39119  4.04550     45 e - - -
          2.68618  4.42225  2.77519  2.73123  3.46354  2.40513  3.72494  3.29354  2.67741  2.69355  4.24690  2.90347  2.73739  3.18146  2.89801  2.37887  2.77519  2.98518  4.58477  3.61503
          0.02282  4.18727  4.90962  0.61958  0.77255  0.48576  0.95510
     38   2.84864  5.26552  2.10768  1.98587  4.62423  3.33020  3.79099  4.10257  2.70423  3.63710  4.45392  2.83857  3.88955  2.94375  3.23708  1.45455  3.12877  3.69379  5.81671  4.38166     46 s - - -
          2.68618  4.42225  2.77519  2.73123  3.46354  2.40513  3.72494  3.29354  2.67741  2.69355  4.24690  2.90347  2.73739  3.18146  2.89801  2.37887  2.77519  2.98518  4.58477  3.61503
          0.02282  4.18727  4.90962  0.61958  0.77255  0.48576  0.95510
     39   2.13369  4.25100  3.66237  3.10955  3.18959  3.56140  3.95748  2.21342  3.04845  2.50722  3.42743  3.44812  3.99434  3.33677  3.36272  2.53552  2.10281  2.47389  4.93315  3.71212     47 t - - -
          2.68618  4.42225  2.77519  2.73123  3.46354  2.40513  3.72494  3.29354  2.67741  2.69355  4.24690  2.90347  2.73739  3.18146  2.89801  2.37887  2.77519  2.98518  4.58477  3.61503
          0.02282  4.18727  4.90962  0.61958  0.77255  0.48576  0.95510
     40   2.69622  4.12929  4.15263  3.58710  3.27107  3.81722  4.13718  1.97246  3.45920  2.06925  3.24941  3.79979  4.17112  3.69563  3.64528  3.05135  2.93139  1.43839  4.79138  3.63093     48 v - - -
          2.68618  4.42225  2.77519  2.73123  3.46354  2.40513  3.72494  3.29354  2.67741  2.69355  4.24690  2.90347  2.73739  3.18146  2.89801  2.37887  2.77519  2.98518  4.58477  3.61503
          0.02282  4.18727  4.90962  0.61958  0.77255  0.48576  0.95510
     41   3.32225  4.65088  4.93645  4.38183  2.46646  4.55247  4.78331  2.24919  4.25160  0.90739  2.97644  4.58444  4.76182  4.33337  4.34976  3.89876  3.54750  1.99686  5.07429  3.87528     49 l - - -
          2.68618  4.42225  2.77519  2.73123  3.46354  2.40513  3.72494  3.29354  2.67741  2.69355  4.24690  2.90347  2.73739  3.18146  2.89801  2.37887  2.77519  2.98518  4.58477  3.61503
          0.02282  4.18727  4.90962  0.61958  0.77255  0.48576  0.95510
     42   2.75960  5.15032  2.82582  2.39453  4.49120  3.43950  3.65400  3.94011  1.89693  3.44142  4.22893  2.02419  3.05777  2.42496  2.73560  2.72917  2.99082  3.54828  5.58210  4.22096     50 k - - -
          2.68618  4.42225  2.77519  2.73123  3.46354  2.40513  3.72494  3.29354  2.67741  2.69355  4.24690  2.90347  2.73739  3.18146  2.89801  2.37887  2.77519  2.98518  4.58477  3.61503
          0.02282  4.18727  4.90962  0.61958  0.77255  0.48576  0.95510
     43   2.85726  5.18424  2.84889  2.15754  4.55805  3.47885  3.69640  3.98155  1.36887  3.48442  4.29877  2.98374  3.93211  2.82908  2.64765  2.41025  3.08825  3.60604  5.61337  4.28785     51 k - - -
          2.68618  4.42225  2.77519  2.73123  3.46354  2.40513  3.72494  3.29354  2.67741  2.69355  4.24690  2.90347  2.73739  3.18146  2.89801  2.37887  2.77519  2.98518  4.58477  3.61503
          0.02282  4.18727  4.90962  0.61958  0.77255  0.48576  0.95510
     44   2.72670  5.22787  2.05619  1.94432  4.55472  3.37967  3.64673  4.03724  2.28860  3.52110  4.28456  2.52591  3.83149  2.76082  2.38798  2.67527  2.90725  3.61089  5.65976  4.24206     52 e - - -
          2.68618  4.42225  2.77519  2.73123  3.46354  2.40513  3.72494  3.29354  2.67741  2.69355  4.24690  2.90347  2.73739  3.18146  2.89801  2.37887  2.77519  2.98518  4.58477  3.61503
          0.02282  4.18727  4.90962  0.61958  0.77255  0.48576  0.95510
     45   2.83413  5.29898  1.52189  2.00649  4.63081  3.33836  3.75557  4.11002  2.64981  3.62931  4.43218  2.82342  3.87615  2.89798  3.18727  2.35543  2.55942  3.69665  5.80208  4.36081     53 d - - -
          2.68618  4.42225  2.77519  2.73123  3.46354  2.40513  3.72494  3.29354  2.67741  2.69355  4.24690  2.90347  2.73739  3.18146  2.89801  2.37887  2.77519  2.98518  4.58477  3.61503
          0.02282  4.18727  4.90962  0.61958  0.77255  0.48576  0.95510
     46   3.22293  4.49552  5.06135  4.57611  3.71669  4.65131  5.28053  1.17981  4.47517  2.19485  3.50043  4.76804  4.93975  4.73062  4.65660  4.05549  3.48843  1.08721  5.72778  4.52147     54 v - - -
          2.68618  4.42225  2.77519  2.73123  3.46354  2.40513  3.72494  3.29354  2.67741  2.69355  4.24690  2.90347  2.73739  3.18146  2.89801  2.37887  2.77519  2.98518  4.58477  3.61503
          0.02282  4.18727  4.90962  0.61958  0.77255  0.48576  0.95510
     47   2.17916  4.43586  3.36152  2.82853  3.72924  3.45922  3.85484  3.01658  2.42024  2.77452  3.65641  3.24384  3.91614  3.11445  3.14294  2.64587  2.20815  2.08301  5.12995  3.87705     55 v - - -
          2.68618  4.42225  2.77519  2.73123  3.46354  2.40513  3.72494  3.29354  2.67741  2.69355  4.24690  2.90347  2.73739  3.18146  2.89801  2.37887  2.77519  2.98518  4.58477  3.61503
          0.02282  4.18727  4.90962  0.61958  0.77255  0.48576  0.95510
     48   2.50956  4.37225  3.57401  3.20721  3.95066  1.22084  4.20424  3.15159  3.15644  2.70875  3.96700  3.45845  3.93678  3.50836  3.46332  2.70785  2.92294  2.47066  5.42156  4.14605     56 g - - -
          2.68618  4.42225  2.77519  2.73123  3.46354  2.40513  3.72494  3.29354  2.67741  2.69355  4.24690  2.90347  2.73739  3.18146  2.89801  2.37887  2.77519  2.98518  4.58477  3.61503
          0.02282  4.18727  4.90962  0.61958  0.77255  0.48576  0.95510
     49   2.25799  3.78969  3.71314  3.13920  2.54489  3.63015  3.90842  2.50562  2.67272  2.27663  3.30127  3.47152  4.00641  3.33819  3.35175  2.79782  2.48352  2.44537  4.79097  3.48303     57 a - - -
          2.68618  4.42225  2.77519  2.73123  3.46354  2.40513  3.72494  3.29354  2.67741  2.69355  4.24690  2.90347  2.73739  3.18146  2.89801  2.37887  2.77519  2.98518  4.58477  3.61503
          0.02282  4.18727  4.90962  0.61958  0.77255  0.48576  0.95510
     50   2.94287  5.25324  2.73797  1.17509  4.59752  3.47129  3.77450  4.04972  2.43166  3.56184  4.40746  2.99236  3.97015  2.92307  2.31920  2.90616  3.18742  3.68341  5.68378  4.34988     58 e - - -
          2.68618  4.42225  2.77519  2.73123  3.46354  2.40513  3.72494  3.29354  2.67741  2.69355  4.24690  2.90347  2.73739  3.18146  2.89801  2.37887  2.77519  2.98518  4.58477  3.61503
          0.02282  4.18727  4.90962  0.61958  0.77255  0.48576  0.95510
     51   3.24162  4.53581  4.98490  4.45866  3.49707  4.61008  5.09422  0.96828  4.33164  1.93746  2.87946  4.67621  4.86372  4.53982  4.49224  3.98418  3.49087  1.67400  5.51074  4.36218     59 i - - -
          2.68618  4.42225  2.77519  2.73123  3.46354  2.40513  3.72494  3.29354  2.67741  2.69355  4.24690  2.90347  2.73739  3.18146  2.89801  2.37887  2.77519  2.98518  4.58477  3.61503
          0.02282  4.18727  4.90962  0.61958  0.77255  0.48576  0.95510
     52   3.04455  5.30565  2.95296  2.18713  4.71140  3.57749  3.74009  4.10140  1.09147  3.57836  4.43264  3.08704  4.03432  2.87982  2.48348  3.00774  3.25641  3.74964  5.65693  4.39441     60 k - - -
          2.68618  4.42225  2.77519  2.73123  3.46354  2.40513  3.72494  3.29354  2.67741  2.69355  4.24690  2.90347  2.73739  3.18146  2.89801  2.37887  2.77519  2.98518  4.58477  3.61503
          0.02282  4.18727  4.90962  0.61958  0.77255  0.48576  0.95510
     53   1.97275  4.39210  3.45583  3.23704  4.40774  3.14545  4.35636  3.73966  3.30834  3.47485  4.38524  3.44645  1.06418  3.63756  3.60582  2.63967  2.94508  3.27584  5.75713  4.54596     61 p - - -
          2.68618  4.42225  2.77519  2.73123  3.46354  2.40513  3.72494  3.29354  2.67741  2.69355  4.24690  2.90347  2.73739  3.18146  2.89801  2.37887  2.77519  2.98518  4.58477  3.61503
          0.02282  4.18727  4.90962  0.61958  0.77255  0.48576  0.95510
     54   2.62367  4.78943  2.62787  2.31187  2.81287  3.43561  3.67160  3.43968  2.49389  3.05515  3.87751  2.98206  3.15751  2.83293  2.95590  2.32616  2.54666  3.12431  5.31063  3.98064     62 e - - -
          2.68618  4.42225  2.77519  2.73123  3.46354  2.40513  3.72494  3.29354  2.67741  2.69355  4.24690  2.90347  2.73739  3.18146  2.89801  2.37887  2.77519  2.98518  4.58477  3.61503
          0.10562  4.18727  2.46453  0.61958  0.77255  0.48576  0.95510
     55   2.20847  5.21688  2.07285  1.98074  4.54278  2.42525  3.69969  4.02028  2.57129  3.53948  4.33482  2.57245  3.83242  2.83733  3.09984  2.71305  3.02683  3.61117  5.71317  4.28342     63 e - - -
          2.68618  4.42225  2.77519  2.73123  3.46354  2.40513  3.72494  3.29354  2.67741  2.69355  4.24690  2.90347  2.73739  3.18146  2.89801  2.37887  2.77519  2.98518  4.58477  3.61503
          0.02477  4.10642  4.82877  0.61958  0.77255  0.43185  1.04783
     56   2.88110  5.41049  1.45076  2.04268  4.71592  3.34325  3.75471  4.21153  2.26024  3.70404  4.50566  2.80486  3.88643  2.89470  3.18153  2.36349  3.14274  3.78772  5.85941  4.40153     64 d - - -
          2.68618  4.42225  2.77519  2.73123  3.46354  2.40513  3.72494  3.29354  2.67741  2.69355  4.24690  2.90347  2.73739  3.18146  2.89801  2.37887  2.77519  2.98518  4.58477  3.61503
          0.02282  4.18727  4.90962  0.61958  0.77255  0.48576  0.95510
     57   2.40087  4.22135  3.73395  3.18830  3.46710  2.87708  4.00425  2.34057  3.12148  2.52100  3.43956  3.49301  3.99713  3.40246  3.41844  2.63443  2.46138  1.78321  4.94876  3.73492     65 v - - -
          2.68618  4.42225  2.77519  2.73123  3.46354  2.40513  3.72494  3.29354  2.67741  2.69355  4.24690  2.90347  2.73739  3.18146  2.89801  2.37887  2.77519  2.98518  4.58477  3.61503
          0.10562  4.18727  2.46453  0.61958  0.77255  0.48576  0.95510
     58   2.23051  4.34884  3.38490  2.86352  3.76560  2.71292  3.88600  3.11463  2.83065  2.41320  3.69653  3.23710  3.84653  3.15045  3.20789  2.28515  2.10260  2.69661  5.16210  3.91400     66 t - - -
          2.68619  4.42226  2.77521  2.73124  3.46355  2.40514  3.72496  3.29355  2.67742  2.69356  4.24691  2.90348  2.73719  3.18148  2.89802  2.37888  2.77521  2.98520  4.58478  3.61504
          0.11505  2.29579  4.82877  0.37000  1.17356  0.43185  1.04783
     59   3.39820  5.19142  3.92443  3.38358  4.62828  3.80973  4.10457  4.20261  2.43361  3.66132  4.66317  3.71384  4.30601  3.31796  0.58852  3.47349  3.64839  3.91526  5.58851  4.49836     68 R - - -
          2.68618  4.42225  2.77519  2.73123  3.46354  2.40513  3.72494  3.29354  2.67741  2.69355  4.24690  2.90347  2.73739  3.18146  2.89801  2.37887  2.77519  2.98518  4.58477  3.61503
          0.02282  4.18727  4.90962  0.61958  0.77255  0.48576  0.95510
     60   3.73404  5.09387  4.31945  4.11806  2.37973  4.20977  3.81368  3.70379  3.96774  3.07331  4.34725  4.13365  4.68085  4.19506  4.08182  3.83461  4.02484  3.59048  4.03192  0.56900     69 Y - - -
          2.68618  4.42225  2.77519  2.73123  3.46354  2.40513  3.72494  3.29354  2.67741  2.69355  4.24690  2.90347  2.73739  3.18146  2.89801  2.37887  2.77519  2.98518  4.58477  3.61503
          0.02282  4.18727  4.90962  0.61958  0.77255  0.48576  0.95510
     61   2.63248  4.75125  3.06658  2.53098  3.20267  3.45381  3.68821  3.41078  1.79349  3.03389  3.86503  2.88693  3.86251  2.85771  2.89529  2.40498  2.53940  3.10165  5.28581  3.97096     70 k - - -
          2.68618  4.42225  2.77519  2.73123  3.46354  2.40513  3.72494  3.29354  2.67741  2.69355  4.24690  2.90347  2.73739  3.18146  2.89801  2.37887  2.77519  2.98518  4.58477  3.61503
          0.02282  4.18727  4.90962  0.61958  0.77255  0.48576  0.95510
     62   2.92241  4.36208  4.38487  3.82713  3.33225  4.07333  4.45536  1.70402  3.68991  1.98796  1.80359  4.06873  4.41759  3.93338  3.88628  3.39386  2.59700  2.09538  5.08887  3.92577     71 i - - -
          2.68618  4.42225  2.77519  2.73123  3.46354  2.40513  3.72494  3.29354  2.67741  2.69355  4.24690  2.90347  2.73739  3.18146  2.89801  2.37887  2.77519  2.98518  4.58477  3.61503
          0.02282  4.18727  4.90962  0.61958  0.77255  0.48576  0.95510
     63   2.97574  5.07733  3.48440  2.79534  4.35745  3.69572  3.67205  3.78910  1.40536  3.29902  4.15596  3.22324  4.04977  2.82065  1.74105  2.99707  3.15626  3.48540  3.31063  4.15854     72 k - - -
          2.68618  4.42225  2.77519  2.73123  3.46354  2.40513  3.72494  3.29354  2.67741  2.69355  4.24690  2.90347  2.73739  3.18146  2.89801  2.37887  2.77519  2.98518  4.58477  3.61503
          0.02282  4.18727  4.90962  0.61958  0.77255  0.48576  0.95510
     64   2.93203  5.18944  3.22681  2.64687  4.60838  3.60807  3.66015  3.99693  1.30879  3.46010  4.28237  2.81393  3.99544  2.78460  1.99118  2.66301  3.12972  3.63789  5.54246  4.29220     73 k - - -
          2.68618  4.42225  2.77519  2.73123  3.46354  2.40513  3.72494  3.29354  2.67741  2.69355  4.24690  2.90347  2.73739  3.18146  2.89801  2.37887  2.77519  2.98518  4.58477  3.61503
          0.02282  4.18727  4.90962  0.61958  0.77255  0.48576  0.95510
     65   3.16536  4.46043  4.94869  4.40181  3.46036  4.52810  4.96368  1.55550  4.29016  1.84121  2.60300  4.59275  4.78251  4.46714  4.42909  3.88120  3.40559  1.18511  5.39422  4.25081     74 v - - -
          2.68618  4.42225  2.77519  2.73123  3.46354  2.40513  3.72494  3.29354  2.67741  2.69355  4.24690  2.90347  2.73739  3.18146  2.89801  2.37887  2.77519  2.98518  4.58477  3.61503
          0.02282  4.18727  4.90962  0.61958  0.77255  0.48576  0.95510
     66   3.12906  4.51495  4.67315  4.11081  2.52239  4.30539  4.58786  2.28888  3.98172  1.67411  1.47713  4.32251  4.58064  4.12610  4.11946  3.63333  3.36163  2.00791  5.01297  3.82218     75 m - - -
          2.68618  4.42225  2.77519  2.73123  3.46354  2.40513  3.72494  3.29354  2.67741  2.69355  4.24690  2.90347  2.73739  3.18146  2.89801  2.37887  2.77519  2.98518  4.58477  3.61503
          0.02282  4.18727  4.90962  0.61958  0.77255  0.48576  0.95510
     67   3.30150  4.63252  4.92028  4.35522  3.19847  4.56148  4.89803  2.17126  4.21546  0.97487  2.42708  4.59405  4.76988  4.33636  4.33587  3.90663  3.52835  1.79997  5.24258  4.17219     76 l - - -
          2.68618  4.42225  2.77519  2.73123  3.46354  2.40513  3.72494  3.29354  2.67741  2.69355  4.24690  2.90347  2.73739  3.18146  2.89801  2.37887  2.77519  2.98518  4.58477  3.61503
          0.02282  4.18727  4.90962  0.61958  0.77255  0.48576  0.95510
     68   2.63056  4.17559  3.87895  3.30570  2.78703  3.69542  4.00411  2.37202  3.21798  2.15346  3.27797  3.59702  4.07360  3.47590  3.47211  2.61196  2.07372  2.10019  4.80712  3.59957     77 t - - -
          2.68618  4.42225  2.77519  2.73123  3.46354  2.40513  3.72494  3.29354  2.67741  2.69355  4.24690  2.90347  2.73739  3.18146  2.89801  2.37887  2.77519  2.98518  4.58477  3.61503
          0.02282  4.18727  4.90962  0.61958  0.77255  0.48576  0.95510
     69   2.10185  1.83508  3.92118  3.42777  3.62529  2.63856  4.17794  2.86724  3.32635  2.26205  3.60710  3.58033  3.93849  3.60106  3.57266  2.72175  2.82271  2.59892  5.10767  3.90797     78 c - - -
          2.68618  4.42225  2.77519  2.73123  3.46354  2.40513  3.72494  3.29354  2.67741  2.69355  4.24690  2.90347  2.73739  3.18146  2.89801  2.37887  2.77519  2.98518  4.58477  3.61503
          0.02282  4.18727  4.90962  0.61958  0.77255  0.48576  0.95510
     70   2.54257  4.32430  3.86657  3.46945  3.91906  3.36986  4.37850  2.74991  3.36723  2.78862  3.85248  3.64348  4.02485  3.70954  3.63869  2.79630  1.17236  2.08596  5.47842  4.25158     79 t - - -
          2.68618  4.42225  2.77519  2.73123  3.46354  2.40513  3.72494  3.29354  2.67741  2.69355  4.24690  2.90347  2.73739  3.18146  2.89801  2.37887  2.77519  2.98518  4.58477  3.61503
          0.02282  4.18727  4.90962  0.61958  0.77255  0.48576  0.95510
     71   2.82761  3.10306  4.55968  3.97811  2.28058  4.01153  4.34264  2.22770  3.82607  1.63336  3.14409  4.09365  4.34881  3.98822  3.92504  3.32883  3.06436  1.70841  4.84750  3.64693     80 l - - -
          2.68618  4.42225  2.77519  2.73123  3.46354  2.40513  3.72494  3.29354  2.67741  2.69355  4.24690  2.90347  2.73739  3.18146  2.89801  2.37887  2.77519  2.98518  4.58477  3.61503
          0.02282  4.18727  4.90962  0.61958  0.77255  0.48576  0.95510
     72   2.79963  5.03991  3.17255  2.58670  4.41717  3.53794  3.65735  3.81730  1.78500  3.33596  4.14977  3.06918  3.93223  2.78719  1.80365  2.42981  2.57108  3.46337  5.47644  4.19376     81 k - - -
          2.68618  4.42225  2.77519  2.73123  3.46354  2.40513  3.72494  3.29354  2.67741  2.69355  4.24690  2.90347  2.73739  3.18146  2.89801  2.37887  2.77519  2.98518  4.58477  3.61503
          0.02282  4.18727  4.90962  0.61958  0.77255  0.48576  0.95510
     73   3.18881  4.55126  4.76316  4.20803  3.28187  4.42380  4.80301  1.87088  4.06903  1.72705  1.41999  4.44816  4.68844  4.24994  4.22633  3.76647  3.42782  1.89762  5.25222  4.13963     82 m - - -
          2.68618  4.42225  2.77519  2.73123  3.46354  2.40513  3.72494  3.29354  2.67741  2.69355  4.24690  2.90347  2.73739  3.18146  2.89801  2.37887  2.77519  2.98518  4.58477  3.61503
          0.02282  4.18727  4.90962  0.61958  0.77255  0.48576  0.95510
     74   1.97344  4.77103  3.07750  2.58610  4.15929  3.41792  3.74042  3.55992  2.28024  3.16662  3.99620  3.06397  2.19105  2.90513  2.61969  2.70815  2.91860  3.22072  5.39852  4.09832     83 a - - -
          2.68618  4.42225  2.77519  2.73123  3.46354  2.40513  3.72494  3.29354  2.67741  2.69355  4.24690  2.90347  2.73739  3.18146  2.89801  2.37887  2.77519  2.98518  4.58477  3.61503
          0.02282  4.18727  4.90962  0.61958  0.77255  0.48576  0.95510
     75   2.50123  4.44669  3.32187  3.14846  4.41863  3.15016  4.31735  3.91672  3.25584  3.59595  4.48017  3.39730  0.97565  3.59996  3.55675  2.32990  2.98044  3.40728  5.75027  4.49294     84 p - - -
          2.68618  4.42225  2.77519  2.73123  3.46354  2.40513  3.72494  3.29354  2.67741  2.69355  4.24690  2.90347  2.73739  3.18146  2.89801  2.37887  2.77519  2.98518  4.58477  3.61503
          0.02282  4.18727  4.90962  0.61958  0.77255  0.48576  0.95510
     76   3.10545  4.83749  3.84265  3.78761  4.90112  0.37510  4.87680  4.58906  4.01102  4.19903  5.18565  4.00843  4.23756  4.31086  4.20129  3.28819  3.61091  4.05630  5.90118  5.01768     85 G - - -
          2.68618  4.42225  2.77519  2.73123  3.46354  2.40513  3.72494  3.29354  2.67741  2.69355  4.24690  2.90347  2.73739  3.18146  2.89801  2.37887  2.77519  2.98518  4.58477  3.61503
          0.02282  4.18727  4.90962  0.61958  0.77255  0.48576  0.95510
     77   2.84688  5.23938  2.79848  1.44542  4.58535  3.46906  3.67421  4.02524  2.22720  3.50822  4.30943  2.94556  3.91385  2.40685  2.39545  2.80445  3.07150  3.63826  5.63056  4.28440     86 e - - -
          2.68618  4.42225  2.77519  2.73123  3.46354  2.40513  3.72494  3.29354  2.67741  2.69355  4.24690  2.90347  2.73739  3.18146  2.89801  2.37887  2.77519  2.98518  4.58477  3.61503
          0.02282  4.18727  4.90962  0.61958  0.77255  0.48576  0.95510
     78   3.46842  4.78273  5.01441  4.49499  3.17519  4.70982  5.03457  1.94543  4.29667  0.74384  2.99042  4.75122  4.89826  4.44930  4.41166  4.10267  3.70216  2.28429  5.29751  4.18072     87 l - - -
          2.68618  4.42225  2.77519  2.73123  3.46354  2.40513  3.72494  3.29354  2.67741  2.69355  4.24690  2.90347  2.73739  3.18146  2.89801  2.37887  2.77519  2.98518  4.58477  3.61503
          0.02282  4.18727  4.90962  0.61958  0.77255  0.48576  0.95510
     79   3.15692  4.58142  4.82874  4.26320  3.21684  4.47381  4.81895  2.17098  4.12586  1.01419  2.45385  4.49980  4.70849  4.26882  4.25998  3.81225  3.46213  1.81091  5.21574  4.13232     88 l - - -
          2.68618  4.42225  2.77519  2.73123  3.46354  2.40513  3.72494  3.29354  2.67741  2.69355  4.24690  2.90347  2.73739  3.18146  2.89801  2.37887  2.77519  2.98518  4.58477  3.61503
          0.02282  4.18727  4.90962  0.61958  0.77255  0.48576  0.95510
     80   2.83229  5.10346  2.91993  2.50262  4.33187  3.49217  2.90213  3.87723  2.31255  3.39620  4.22022  1.61436  3.93326  2.83979  2.30607  2.82110  3.06301  3.51983  5.48402  4.12827     89 n - - -
          2.68618  4.42225  2.77519  2.73123  3.46354  2.40513  3.72494  3.29354  2.67741  2.69355  4.24690  2.90347  2.73739  3.18146  2.89801  2.37887  2.77519  2.98518  4.58477  3.61503
          0.02282  4.18727  4.90962  0.61958  0.77255  0.48576  0.95510
     81   4.00169  5.09167  5.00914  4.79354  1.36139  4.66301  3.50159  3.68836  4.59859  2.96928  4.24377  4.27695  4.93839  4.39691  4.50419  4.03801  4.20604  3.59899  2.49463  0.97525     90 y - - -
          2.68618  4.42225  2.77519  2.73123  3.46354  2.40513  3.72494  3.29354  2.67741  2.69355  4.24690  2.90347  2.73739  3.18146  2.89801  2.37887  2.77519  2.98518  4.58477  3.61503
          0.02282  4.18727  4.90962  0.61958  0.77255  0.48576  0.95510
     82   2.49751  4.43987  4.57451  4.02215  3.35029  4.24683  4.64701  1.78012  3.89828  1.19705  3.19215  4.26041  4.56074  4.11395  4.08248  3.57882  3.28869  1.95957  5.20560  4.05975     91 l - - -
          2.68618  4.42225  2.77519  2.73123  3.46354  2.40513  3.72494  3.29354  2.67741  2.69355  4.24690  2.90347  2.73739  3.18146  2.89801  2.37887  2.77519  2.98518  4.58477  3.61503
          0.02282  4.18727  4.90962  0.61958  0.77255  0.48576  0.95510
     83   3.19381  4.48449  4.97965  4.44202  3.49021  4.56765  5.03132  1.15176  4.32859  1.96835  2.60435  4.63872  4.82190  4.51573  4.47434  3.93018  3.43811  1.47317  5.45427  4.30904     92 i - - -
          2.68618  4.42225  2.77519  2.73123  3.46354  2.40513  3.72494  3.29354  2.67741  2.69355  4.24690  2.90347  2.73739  3.18146  2.89801  2.37887  2.77519  2.98518  4.58477  3.61503
          0.02282  4.18727  4.90962  0.61958  0.77255  0.48576  0.95510
     84   3.18513  4.49402  4.94230  4.46612  3.70833  4.54012  5.18779  1.57303  4.35059  2.21203  3.51247  4.66320  4.87130  4.62840  4.54553  3.94650  3.46102  0.85475  5.69105  4.46870     93 v - - -
          2.68618  4.42225  2.77519  2.73123  3.46354  2.40513  3.72494  3.29354  2.67741  2.69355  4.24690  2.90347  2.73739  3.18146  2.89801  2.37887  2.77519  2.98518  4.58477  3.61503
          0.02282  4.18727  4.90962  0.61958  0.77255  0.48576  0.95510
     85   3.18356  5.26386  3.49908  2.91733  4.72939  3.74347  3.75148  4.10383  0.88607  3.54720  4.43880  3.31605  4.14735  2.89514  2.10743  3.18216  3.36512  3.78577  5.57027  4.40614     94 k - - -
          2.68618  4.42225  2.77519  2.73123  3.46354  2.40513  3.72494  3.29354  2.67741  2.69355  4.24690  2.90347  2.73739  3.18146  2.89801  2.37887  2.77519  2.98518  4.58477  3.61503
          0.02282  4.18727  4.90962  0.61958  0.77255  0.48576  0.95510
     86   2.31682  2.40724  3.87896  3.44409  4.05443  3.10848  4.30884  3.38777  3.36895  3.14367  4.00811  3.51724  3.82242  3.64768  3.64108  1.47454  1.88447  2.97441  5.47034  4.27825     95 s - - -
          2.68618  4.42225  2.77519  2.73123  3.46354  2.40513  3.72494  3.29354  2.67741  2.69355  4.24690  2.90347  2.73739  3.18146  2.89801  2.37887  2.77519  2.98518  4.58477  3.61503
          0.02282  4.18727  4.90962  0.61958  0.77255  0.48576  0.95510
     87   2.51668  4.60454  3.02943  2.68979  4.35969  3.21815  3.94056  3.79538  2.79555  3.41427  4.22816  1.98961  3.82935  3.12362  3.21678  1.64275  2.28780  3.34388  5.62672  4.31593     96 s - - -
          2.68618  4.42225  2.77519  2.73123  3.46354  2.40513  3.72494  3.29354  2.67741  2.69355  4.24690  2.90347  2.73739  3.18146  2.89801  2.37887  2.77519  2.98518  4.58477  3.61503
          0.02282  4.18727  4.90962  0.61958  0.77255  0.48576  0.95510
     88   2.54938  4.40106  3.46324  2.97550  3.63825  3.38653  3.92849  3.18028  2.88672  2.86383  3.75857  3.32333  3.91990  3.24500  3.22563  1.40772  2.62278  2.88931  3.24947  3.75196     97 s - - -
          2.68618  4.42225  2.77519  2.73123  3.46354  2.40513  3.72494  3.29354  2.67741  2.69355  4.24690  2.90347  2.73739  3.18146  2.89801  2.37887  2.77519  2.98518  4.58477  3.61503
          0.02282  4.18727  4.90962  0.61958  0.77255  0.48576  0.95510
     89   2.72436  4.90594  2.67965  2.24807  4.26294  3.37171  3.78701  3.67673  2.63319  3.29349  4.13121  2.82884  1.62973  2.96030  3.08382  2.75095  3.00386  3.07773  5.52954  4.18270     98 p - - -
          2.68618  4.42225  2.77519  2.73123  3.46354  2.40513  3.72494  3.29354  2.67741  2.69355  4.24690  2.90347  2.73739  3.18146  2.89801  2.37887  2.77519  2.98518  4.58477  3.61503
          0.02282  4.18727  4.90962  0.61958  0.77255  0.48576  0.95510
     90   3.32267  4.60072  5.08545  4.54712  3.36631  4.69508  5.11775  1.28603  4.42040  1.24190  3.14956  4.76397  4.89908  4.56154  4.54271  4.06720  3.56029  1.78851  5.43533  4.33016     99 l - - -
          2.68618  4.42225  2.77519  2.73123  3.46354  2.40513  3.72494  3.29354  2.67741  2.69355  4.24690  2.90347  2.73739  3.18146  2.89801  2.37887  2.77519  2.98518  4.58477  3.61503
          0.02282  4.18727  4.90962  0.61958  0.77255  0.48576  0.95510
     91   2.16399  4.34741  3.38507  2.82829  3.52075  3.53385  3.67754  2.88912  2.78450  2.36002  3.47576  2.94887  3.91744  3.09899  3.15366  2.48238  2.82650  2.14141  4.90996  3.70081    100 v - - -
          2.68618  4.42225  2.77519  2.73123  3.46354  2.40513  3.72494  3.29354  2.67741  2.69355  4.24690  2.90347  2.73739  3.18146  2.89801  2.37887  2.77519  2.98518  4.58477  3.61503
          0.02282  4.18727  4.90962  0.61958  0.77255  0.48576  0.95510
     92   2.53534  5.09114  2.54206  2.34114  4.45530  3.35748  3.72714  3.91374  2.55732  3.45753  4.25761  1.66554  3.85775  2.54329  3.04705  2.40445  2.95591  3.51986  5.64365  4.25108    101 n - - -
          2.68618  4.42225  2.77519  2.73123  3.46354  2.40513  3.72494  3.29354  2.67741  2.69355  4.24690  2.90347  2.73739  3.18146  2.89801  2.37887  2.77519  2.98518  4.58477  3.61503
          0.02282  4.18727  4.90962  0.61958  0.77255  0.48576  0.95510
     93   2.76858  4.36576  3.81607  3.27455  2.91315  3.74353  3.83143  2.84091  3.14455  2.49792  3.47199  3.56455  3.07231  3.44337  3.41231  3.03064  3.00899  2.45453  1.81727  2.73757    102 w - - -
          2.68618  4.42225  2.77519  2.73123  3.46354  2.40513  3.72494  3.29354  2.67741  2.69355  4.24690  2.90347  2.73739  3.18146  2.89801  2.37887  2.77519  2.98518  4.58477  3.61503
          0.02282  4.18727  4.90962  0.61958  0.77255  0.48576  0.95510
     94   1.67235  4.40635  3.31914  2.82491  4.25838  2.50628  4.04956  3.67273  2.95597  3.32368  4.14268  3.23894  3.80544  3.26422  3.34996  1.68325  2.47528  3.21508  5.57418  4.31301    103 a - - -
          2.68618  4.42225  2.77519  2.73123  3.46354  2.40513  3.72494  3.29354  2.67741  2.69355  4.24690  2.90347  2.73739  3.18146  2.89801  2.37887  2.77519  2.98518  4.58477  3.61503
          0.02282  4.18727  4.90962  0.61958  0.77255  0.48576  0.95510
     95   1.59627  4.47121  3.23301  2.81175  4.27550  2.54828  3.98231  3.70110  2.86354  3.33217  4.14347  2.54781  3.80472  3.17753  3.27801  2.16702  2.39208  3.24729  5.57014  4.28967    104 a - - -
          2.68618  4.42225  2.77519  2.73123  3.46354  2.40513  3.72494  3.29354  2.67741  2.69355  4.24690  2.90347  2.73739  3.18146  2.89801  2.37887  2.77519  2.98518  4.58477  3.61503
          0.02282  4.18727  4.90962  0.61958  0.77255  0.48576  0.95510
     96   2.30401  3.44710  3.92053  3.35570  3.35213  3.65209  4.05329  2.39318  3.26585  2.21726  3.33352  3.62095  4.06929  3.52358  3.51539  2.25745  2.86797  1.81228  4.86505  3.66130    105 v - - -
          2.68618  4.42225  2.77519  2.73123  3.46354  2.40513  3.72494  3.29354  2.67741  2.69355  4.24690  2.90347  2.73739  3.18146  2.89801  2.37887  2.77519  2.98518  4.58477  3.61503
          0.02282  4.18727  4.90962  0.61958  0.77255  0.48576  0.95510
     97   3.51411  4.83118  4.81059  4.40073  1.01605  4.49508  4.11882  2.66124  4.23550  1.63990  3.32312  4.39833  4.78286  4.30283  4.30965  3.89145  3.75435  2.73893  4.30119  2.68306    106 f - - -
          2.68618  4.42225  2.77519  2.73123  3.46354  2.40513  3.72494  3.29354  2.67741  2.69355  4.24690  2.90347  2.73739  3.18146  2.89801  2.37887  2.77519  2.98518  4.58477  3.61503
          0.02282  4.18727  4.90962  0.61958  0.77255  0.48576  0.95510
     98   2.66173  4.86207  2.68936  2.22904  4.25470  3.35529  3.76064  3.67461  2.60459  3.27817  4.09811  2.96600  3.85548  2.92229  3.07172  2.00623  1.84765  3.31329  5.51069  4.16315    107 t - - -
          2.68618  4.42225  2.77519  2.73123  3.46354  2.40513  3.72494  3.29354  2.67741  2.69355  4.24690  2.90347  2.73739  3.18146  2.89801  2.37887  2.77519  2.98518  4.58477  3.61503
          0.02282  4.18727  4.90962  0.61958  0.77255  0.48576  0.95510
     99   1.99484  4.81444  2.93730  2.48325  4.22205  3.36386  3.72389  3.64879  2.52205  3.23851  4.04569  2.28033  3.83510  2.49701  2.97437  2.47999  2.47913  3.28010  5.45989  4.12111    108 a - - -
          2.68618  4.42225  2.77519  2.73123  3.46354  2.40513  3.72494  3.29354  2.67741  2.69355  4.24690  2.90347  2.73739  3.18146  2.89801  2.37887  2.77519  2.98518  4.58477  3.61503
          0.02282  4.18727  4.90962  0.61958  0.77255  0.48576  0.95510
    100   3.22630  4.91811  3.86914  3.76184  4.71099  3.58842  4.80284  4.35122  3.84889  3.93773  5.00855  4.03151  0.40678  4.22737  4.04825  3.40614  3.69448  3.95797  5.79808  4.83951    109 P - - -
          2.68618  4.42225  2.77519  2.73123  3.46354  2.40513  3.72494  3.29354  2.67741  2.69355  4.24690  2.90347  2.73739  3.18146  2.89801  2.37887  2.77519  2.98518  4.58477  3.61503
          0.02282  4.18727  4.90962  0.61958  0.77255  0.48576  0.95510
    101   1.39749  4.25816  3.56153  3.25077  4.46699  1.92095  4.33014  3.89747  3.32068  3.56802  4.37350  3.39762  3.77785  3.58953  3.64870  1.70311  2.79205  3.30979  5.79419  4.58565    110 a - - -
          2.68618  4.42225  2.77519  2.73123  3.46354  2.40513  3.72494  3.29354  2.67741  2.69355  4.24690  2.90347  2.73739  3.18146  2.89801  2.37887  2.77519  2.98518  4.58477  3.61503
          0.02282  4.18727  4.90962  0.61958  0.77255  0.48576  0.95510
    102   3.52889  4.90442  4.69456  4.34733  3.28773  4.37859  4.90594  2.51966  4.11275  0.56583  3.23245  4.59286  4.76703  4.40387  4.23250  4.00456  3.81270  2.63659  5.26880  4.06100    111 L - - -
          2.68618  4.42225  2.77519  2.73123  3.46354  2.40513  3.72494  3.29354  2.67741  2.69355  4.24690  2.90347  2.73739  3.18146  2.89801  2.37887  2.77519  2.98518  4.58477  3.61503
          0.02282  4.18727  4.90962  0.61958  0.77255  0.48576  0.95510
    103   3.37661  4.69823  4.99466  4.42084  2.43926  4.60428  4.81446  2.33437  4.28467  1.06572  1.71915  4.63434  4.77592  4.32961  4.36016  3.94365  3.58969  2.50911  5.07007  3.93554    112 l - - -
          2.68618  4.42225  2.77519  2.73123  3.46354  2.40513  3.72494  3.29354  2.67741  2.69355  4.24690  2.90347  2.73739  3.18146  2.89801  2.37887  2.77519  2.98518  4.58477  3.61503
          0.02282  4.18727  4.90962  0.61958  0.77255  0.48576  0.95510
    104   3.18513  4.49402  4.94230  4.46612  3.70833  4.54012  5.18779  1.57303  4.35059  2.21203  3.51247  4.66320  4.87130  4.62840  4.54553  3.94650  3.46102  0.85475  5.69105  4.46870    113 v - - -
          2.68618  4.42225  2.77519  2.73123  3.46354  2.40513  3.72494  3.29354  2.67741  2.69355  4.24690  2.90347  2.73739  3.18146  2.89801  2.37887  2.77519  2.98518  4.58477  3.61503
          0.02282  4.18727  4.90962  0.61958  0.77255  0.48576  0.95510
    105   2.88440  5.02663  3.12856  2.70846  4.53808  3.50717  3.78335  3.95077  1.11444  3.48362  4.33754  3.15517  3.99792  2.93661  2.53774  2.38729  3.15069  3.58131  5.58645  4.32444    114 k - - -
          2.68618  4.42225  2.77519  2.73123  3.46354  2.40513  3.72494  3.29354  2.67741  2.69355  4.24690  2.90347  2.73739  3.18146  2.89801  2.37887  2.77519  2.98518  4.58477  3.61503
          0.02282  4.18727  4.90962  0.61958  0.77255  0.48576  0.95510
    106   2.87467  5.22153  2.56372  1.16385  4.58633  3.38015  3.79998  4.04892  2.61769  3.58685  4.42151  2.91003  2.96422  2.95493  2.97970  2.83638  3.14751  3.66172  5.75144  4.36442    115 e - - -
          2.68618  4.42225  2.77519  2.73123  3.46354  2.40513  3.72494  3.29354  2.67741  2.69355  4.24690  2.90347  2.73739  3.18146  2.89801  2.37887  2.77519  2.98518  4.58477  3.61503
          0.02282  4.18727  4.90962  0.61958  0.77255  0.48576  0.95510
    107   2.58496  4.85127  2.97218  2.29969  4.10770  3.43023  3.64401  3.23287  2.43311  3.12167  3.92850  2.62848  3.55856  2.50381  2.89655  2.07901  2.85292  2.87986  5.35372  4.01139    116 s - - -
          2.68618  4.42225  2.77519  2.73123  3.46354  2.40513  3.72494  3.29354  2.67741  2.69355  4.24690  2.90347  2.73739  3.18146  2.89801  2.37887  2.77519  2.98518  4.58477  3.61503
          0.02282  4.18727  4.90962  0.61958  0.77255  0.48576  0.95510
    108   2.32553  3.32011  3.52691  2.96183  2.90773  2.98367  3.34819  2.79534  2.91116  2.51305  3.40789  3.13347  3.96015  3.20735  3.25132  2.50402  2.82567  2.31410  4.88755  3.65839    117 v - - -
          2.68618  4.42225  2.77519  2.73123  3.46354  2.40513  3.72494  3.29354  2.67741  2.69355  4.24690  2.90347  2.73739  3.18146  2.89801  2.37887  2.77519  2.98518  4.58477  3.61503
          0.02282  4.18727  4.90962  0.61958  0.77255  0.48576  0.95510
    109   2.78026  4.92622  2.88798  2.60370  4.37391  3.38469  3.85021  3.89496  2.54283  3.45479  4.31947  3.07775  3.94018  1.28360  2.88880  2.32370  3.09232  3.51194  5.58993  4.24670    118 q - - -
          2.68618  4.42225  2.77519  2.73123  3.46354  2.40513  3.72494  3.29354  2.67741  2.69355  4.24690  2.90347  2.73739  3.18146  2.89801  2.37887  2.77519  2.98518  4.58477  3.61503
          0.02282  4.18727  4.90962  0.61958  0.77255  0.48576  0.95510
    110   2.73046  5.02491  1.52018  2.34001  4.26715  3.38183  2.95491  3.81563  2.49703  3.36809  4.15664  2.88298  3.83807  2.82303  2.97644  2.70730  2.97405  3.45023  5.41974  4.08634    119 d - - -
          2.68618  4.42225  2.77519  2.73123  3.46354  2.40513  3.72494  3.29354  2.67741  2.69355  4.24690  2.90347  2.73739  3.18146  2.89801  2.37887  2.77519  2.98518  4.58477  3.61503
          0.02282  4.18727  4.90962  0.61958  0.77255  0.48576  0.95510
    111   2.92456  4.43839  4.20842  3.65959  3.29792  3.99327  4.36599  2.38022  3.49369  1.71016  1.56968  3.94582  4.35730  3.78406  3.71998  3.31479  2.59056  2.33189  5.07276  3.90681    120 m - - -
          2.68618  4.42225  2.77519  2.73123  3.46354  2.40513  3.72494  3.29354  2.67741  2.69355  4.24690  2.90347  2.73739  3.18146  2.89801  2.37887  2.77519  2.98518  4.58477  3.61503
          0.02282  4.18727  4.90962  0.61958  0.77255  0.48576  0.95510
    112   3.20941  4.49238  5.02278  4.53909  3.71875  4.61734  5.25029  1.38499  4.43491  2.20738  3.50837  4.73357  4.91844  4.69800  4.62192  4.02101  3.47756  0.93789  5.71818  4.50608    121 v - - -
          2.68618  4.42225  2.77519  2.73123  3.46354  2.40513  3.72494  3.29354  2.67741  2.69355  4.24690  2.90347  2.73739  3.18146  2.89801  2.37887  2.77519  2.98518  4.58477  3.61503
          0.02282  4.18727  4.90962  0.61958  0.77255  0.48576  0.95510
    113   2.60589  4.62941  3.15218  2.73961  4.17251  3.34445  3.87616  3.54107  2.24190  3.19921  4.04956  3.16157  3.89036  3.07204  2.97720  2.41650  1.45287  3.18621  5.45146  4.17648    122 t - - -
          2.68618  4.42225  2.77519  2.73123  3.46354  2.40513  3.72494  3.29354  2.67741  2.69355  4.24690  2.90347  2.73739  3.18146  2.89801  2.37887  2.77519  2.98518  4.58477  3.61503
          0.02282  4.18727  4.90962  0.61958  0.77255  0.48576  0.95510
    114   3.31854  4.60963  4.99623  4.49999  3.43311  4.65770  5.11023  0.95618  4.32864  1.64192  3.26067  4.72368  4.90692  4.56129  4.48089  4.05877  3.57015  1.84957  5.47999  4.29058    123 i - - -
          2.68618  4.42225  2.77519  2.73123  3.46354  2.40513  3.72494  3.29354  2.67741  2.69355  4.24690  2.90347  2.73739  3.18146  2.89801  2.37887  2.77519  2.98518  4.58477  3.61503
          0.02282  4.18727  4.90962  0.61958  0.77255  0.48576  0.95510
    115   3.24651  4.52287  5.05130  4.51648  3.46890  4.64200  5.10232  1.49021  4.40512  1.42007  3.25868  4.71656  4.87388  4.57485  4.54180  4.01095  3.48880  1.32805  5.47893  4.34419    124 v - - -
          2.68618  4.42225  2.77519  2.73123  3.46354  2.40513  3.72494  3.29354  2.67741  2.69355  4.24690  2.90347  2.73739  3.18146  2.89801  2.37887  2.77519  2.98518  4.58477  3.61503
          0.02282  4.18727  4.90962  0.61958  0.77255  0.48576  0.95510
    116   1.96785  3.37137  3.22213  2.67094  3.84330  2.95436  3.76423  3.22892  2.33778  2.89113  3.74211  3.12835  3.87095  2.97544  2.81031  2.68768  2.49690  2.93757  5.19159  3.91269    125 a - - -
          2.68618  4.42225  2.77519  2.73123  3.46354  2.40513  3.72494  3.29354  2.67741  2.69355  4.24690  2.90347  2.73739  3.18146  2.89801  2.37887  2.77519  2.98518  4.58477  3.61503
          0.02282  4.18727  4.90962  0.61958  0.77255  0.48576  0.95510
    117   2.76105  5.04809  3.06161  2.52153  4.43489  2.65047  3.65680  3.85437  1.67599  3.36769  4.16893  3.02016  3.90123  2.78282  2.15845  2.40622  2.98971  3.48144  5.50839  4.19868    126 k - - -
          2.68618  4.42225  2.77519  2.73123  3.46354  2.40513  3.72494  3.29354  2.67741  2.69355  4.24690  2.90347  2.73739  3.18146  2.89801  2.37887  2.77519  2.98518  4.58477  3.61503
          0.02282  4.18727  4.90962  0.61958  0.77255  0.48576  0.95510
    118   3.10545  4.83749  3.84265  3.78761  4.90112  0.37510  4.87680  4.58906  4.01102  4.19903  5.18565  4.00843  4.23756  4.31086  4.20129  3.28819  3.61091  4.05630  5.90118  5.01768    127 G - - -
          2.68618  4.42225  2.77519  2.73123  3.46354  2.40513  3.72494  3.29354  2.67741  2.69355  4.24690  2.90347  2.73739  3.18146  2.89801  2.37887  2.77519  2.98518  4.58477  3.61503
          0.02282  4.18727  4.90962  0.61958  0.77255  0.48576  0.95510
    119   2.99906  5.27394  2.94141  2.19113  4.67593  3.55967  3.72081  4.05797  1.14237  3.54460  4.39073  3.06397  4.01148  2.85779  2.48766  2.96555  3.14282  3.70385  5.64178  4.36706    128 k - - -
          2.68618  4.42225  2.77519  2.73123  3.46354  2.40513  3.72494  3.29354  2.67741  2.69355  4.24690  2.90347  2.73739  3.18146  2.89801  2.37887  2.77519  2.98518  4.58477  3.61503
          0.02282  4.18727  4.90962  0.61958  0.77255  0.48576  0.95510
    120   2.74799  4.15126  4.27966  3.71361  3.24040  3.89010  4.20980  1.66287  3.57666  1.69029  3.19895  3.89983  4.22967  3.79213  3.73565  3.20376  2.98105  1.84384  4.80610  3.65966    129 i - - -
          2.68618  4.42225  2.77519  2.73123  3.46354  2.40513  3.72494  3.29354  2.67741  2.69355  4.24690  2.90347  2.73739  3.18146  2.89801  2.37887  2.77519  2.98518  4.58477  3.61503
          0.02282  4.18727  4.90962  0.61958  0.77255  0.48576  0.95510
    121   2.95857  5.24207  2.55777  0.98474  4.56074  3.40124  3.88080  3.99573  2.72475  3.41108  4.48564  2.95910  3.72819  3.05652  3.16750  2.92549  3.24618  3.64783  5.77685  4.39147    130 e - - -
          2.68618  4.42225  2.77519  2.73123  3.46354  2.40513  3.72494  3.29354  2.67741  2.69355  4.24690  2.90347  2.73739  3.18146  2.89801  2.37887  2.77519  2.98518  4.58477  3.61503
          0.02282  4.18727  4.90962  0.61958  0.77255  0.48576  0.95510
    122   1.93480  4.28454  3.54115  3.16655  4.39317  2.37672  4.24253  3.81485  3.19769  3.47982  4.28791  3.36142  3.78106  3.48557  3.54649  1.32151  2.23112  3.26869  5.71651  4.49429    131 s - - -
          2.68618  4.42225  2.77519  2.73123  3.46354  2.40513  3.72494  3.29354  2.67741  2.69355  4.24690  2.90347  2.73739  3.18146  2.89801  2.37887  2.77519  2.98518  4.58477  3.61503
          0.02282  4.18727  4.90962  0.61958  0.77255  0.48576  0.95510
    123   2.53595  4.66985  3.00839  2.57909  4.18797  2.91820  3.78573  3.61301  2.61417  3.22011  4.02901  2.61542  3.42849  2.94893  3.06368  1.73506  2.45315  3.01612  5.45434  4.13402    132 s - - -
          2.68619  4.42226  2.77521  2.73124  3.46355  2.40514  3.72496  3.29355  2.67742  2.69356  4.24691  2.90348  2.73741  3.18148  2.89802  2.37888  2.77521  2.98491  4.58478  3.61504
          0.10562  2.37665  4.90962  0.37000  1.17356  0.48576  0.95510
    124   2.07168  4.35129  3.47541  3.34583  4.60580  0.85415  4.49863  4.00777  3.53449  3.73945  4.60144  3.48803  3.86292  3.80298  3.81056  2.60163  2.94017  3.42358  5.91472  4.74086    134 g - - -
          2.68618  4.42225  2.77519  2.73123  3.46354  2.40513  3.72494  3.29354  2.67741  2.69355  4.24690  2.90347  2.73739  3.18146  2.89801  2.37887  2.77519  2.98518  4.58477  3.61503
          0.02282  4.18727  4.90962  0.61958  0.77255  0.48576  0.95510
    125   2.41710  4.19600  3.84913  3.28317  3.36237  3.55621  4.02361  2.35314  3.19923  2.04908  3.33866  3.58293  4.07101  3.46926  3.46834  2.80896  2.26588  1.88930  4.87126  3.66300    135 v - - -
          2.68618  4.42225  2.77519  2.73123  3.46354  2.40513  3.72494  3.29354  2.67741  2.69355  4.24690  2.90347  2.73739  3.18146  2.89801  2.37887  2.77519  2.98518  4.58477  3.61503
          0.02282  4.18727  4.90962  0.61958  0.77255  0.48576  0.95510
    126   1.39208  4.25464  3.56352  3.26294  4.47371  1.75968  4.34242  3.90350  3.33882  3.57639  4.38245  3.40305  3.77817  3.60504  3.66300  1.84352  2.79324  3.31239  5.80251  4.59628    136 a - - -
          2.68618  4.42225  2.77519  2.73123  3.46354  2.40513  3.72494  3.29354  2.67741  2.69355  4.24690  2.90347  2.73739  3.18146  2.89801  2.37887  2.77519  2.98518  4.58477  3.61503
          0.02282  4.18727  4.90962  0.61958  0.77255  0.48576  0.95510
    127   2.26415  4.27149  3.60914  3.20011  4.11402  1.47156  4.20309  3.39399  3.18552  3.17556  4.03988  3.40711  3.83343  3.48569  3.51225  2.51755  2.17917  2.38275  5.50524  4.28731    137 g - - -
          2.68618  4.42225  2.77519  2.73123  3.46354  2.40513  3.72494  3.29354  2.67741  2.69355  4.24690  2.90347  2.73739  3.18146  2.89801  2.37887  2.77519  2.98518  4.58477  3.61503
          0.02282  4.18727  4.90962  0.61958  0.77255  0.48576  0.95510
    128   2.64775  5.00046  2.67652  2.36725  4.30501  3.11796  3.03363  3.75303  2.19078  3.29860  4.08165  2.90455  3.82014  2.76136  2.88380  1.98247  2.56825  3.37562  5.48649  4.11218    138 s - - -
          2.68618  4.42225  2.77519  2.73123  3.46354  2.40513  3.72494  3.29354  2.67741  2.69355  4.24690  2.90347  2.73739  3.18146  2.89801  2.37887  2.77519  2.98518  4.58477  3.61503
          0.06337  4.18727  3.07451  0.61958  0.77255  0.48576  0.95510
    129   2.91029  5.41841  1.36430  1.85407  4.73137  3.30987  3.78666  4.21059  2.73559  3.73360  4.55881  2.78270  3.88820  2.94002  3.29744  2.82502  2.54627  3.79614  5.90825  4.43821    139 d - - -
          2.68618  4.42225  2.77519  2.73123  3.46354  2.40513  3.72494  3.29354  2.67741  2.69355  4.24690  2.90347  2.73739  3.18146  2.89801  2.37887  2.77519  2.98518  4.58477  3.61503
          0.02375  4.14766  4.87001  0.61958  0.77255  0.45720  1.00254
    130   2.38565  2.54902  4.11422  3.57611  3.43690  3.57738  4.20183  2.37779  3.46556  2.45615  3.41359  3.73483  4.07816  3.70703  3.67174  2.46843  2.88083  1.57900  4.96841  3.77354    140 v - - -
          2.68618  4.42225  2.77519  2.73123  3.46354  2.40513  3.72494  3.29354  2.67741  2.69355  4.24690  2.90347  2.73739  3.18146  2.89801  2.37887  2.77519  2.98518  4.58477  3.61503
          0.02282  4.18727  4.90962  0.61958  0.77255  0.48576  0.95510
    131   2.34019  4.46663  3.32730  2.46360  3.67358  3.53416  3.82617  2.90262  2.75036  2.39840  3.59765  3.23065  3.94264  3.08389  3.14108  2.78777  2.06079  2.37390  5.09107  3.83213    141 t - - -
          2.68618  4.42225  2.77519  2.73123  3.46354  2.40513  3.72494  3.29354  2.67741  2.69355  4.24690  2.90347  2.73739  3.18146  2.89801  2.37887  2.77519  2.98518  4.58477  3.61503
          0.02282  4.18727  4.90962  0.61958  0.77255  0.48576  0.95510
    132   2.79856  3.04870  3.46817  2.91328  4.19706  3.53281  3.86881  3.50456  1.13241  3.18629  4.08588  3.30979  4.01392  3.05998  2.69009  2.90099  3.08034  3.20477  5.41227  4.17849    142 k - - -
          2.68618  4.42225  2.77519  2.73123  3.46354  2.40513  3.72494  3.29354  2.67741  2.69355  4.24690  2.90347  2.73739  3.18146  2.89801  2.37887  2.77519  2.98518  4.58477  3.61503
          0.02282  4.18727  4.90962  0.61958  0.77255  0.48576  0.95510
    133   2.09592  4.36482  3.47864  3.05015  3.97538  3.25758  4.08079  3.26529  3.01158  2.44719  3.93006  3.34936  3.87885  3.35051  3.35450  1.34251  2.85638  2.93192  5.38611  4.13002    143 s - - -
          2.68618  4.42225  2.77519  2.73123  3.46354  2.40513  3.72494  3.29354  2.67741  2.69355  4.24690  2.90347  2.73739  3.18146  2.89801  2.37887  2.77519  2.98518  4.58477  3.61503
          0.02282  4.18727  4.90962  0.61958  0.77255  0.48576  0.95510
    134   3.09916  4.46905  4.67514  4.11092  1.44315  4.24228  4.31035  2.36485  3.96384  1.60821  2.48076  4.23875  4.51695  4.06896  4.05807  3.55887  3.32068  2.51120  4.26996  3.28624    144 f - - -
          2.68618  4.42225  2.77519  2.73123  3.46354  2.40513  3.72494  3.29354  2.67741  2.69355  4.24690  2.90347  2.73739  3.18146  2.89801  2.37887  2.77519  2.98518  4.58477  3.61503
          0.02282  4.18727  4.90962  0.61958  0.77255  0.48576  0.95510
    135   2.73008  5.10400  2.83611  2.14842  4.44281  3.42836  3.65321  3.89062  2.34767  3.40539  4.19239  2.26039  3.86033  2.77650  2.07148  2.25638  2.96509  3.50222  5.55878  4.19584    145 r - - -
          2.68618  4.42225  2.77519  2.73123  3.46354  2.40513  3.72494  3.29354  2.67741  2.69355  4.24690  2.90347  2.73739  3.18146  2.89801  2.37887  2.77519  2.98518  4.58477  3.61503
          0.02282  4.18727  4.90962  0.61958  0.77255  0.48576  0.95510
    136   3.22757  5.33045  3.70008  2.95763  4.84284  3.81454  3.69171  4.16308  1.23024  3.55972  4.43511  3.33439  4.16353  2.82109  1.37291  3.21161  3.37149  3.84448  5.56092  4.42909    146 k - - -
          2.68618  4.42225  2.77519  2.73123  3.46354  2.40513  3.72494  3.29354  2.67741  2.69355  4.24690  2.90347  2.73739  3.18146  2.89801  2.37887  2.77519  2.98518  4.58477  3.61503
          0.02282  4.18727  4.90962  0.61958  0.77255  0.48576  0.95510
    137   2.81443  4.32358  4.23205  3.71427  1.55211  3.85760  4.23652  2.41252  3.60079  2.15990  3.31514  3.90608  4.28248  3.83092  3.79951  3.19828  2.53495  2.00014  4.82961  3.48757    147 f - - -
          2.68618  4.42225  2.77519  2.73123  3.46354  2.40513  3.72494  3.29354  2.67741  2.69355  4.24690  2.90347  2.73739  3.18146  2.89801  2.37887  2.77519  2.98518  4.58477  3.61503
          0.02282  4.18727  4.90962  0.61958  0.77255  0.48576  0.95510
    138   3.02376  4.38322  4.69272  4.17298  3.66514  4.30637  4.85853  1.44900  4.06827  2.30898  3.50169  4.37980  4.66132  4.33304  4.27335  3.66743  2.62549  1.13656  5.47669  4.27092    148 v - - -
          2.68618  4.42225  2.77519  2.73123  3.46354  2.40513  3.72494  3.29354  2.67741  2.69355  4.24690  2.90347  2.73739  3.18146  2.89801  2.37887  2.77519  2.98518  4.58477  3.61503
          0.02282  4.18727  4.90962  0.61958  0.77255  0.48576  0.95510
    139   2.65275  4.86924  3.04146  2.47554  4.12609  3.46475  3.64186  3.54290  2.11975  3.06960  3.93975  2.68869  3.85231  2.75766  2.16815  2.49165  2.87921  2.83513  5.34864  3.44137    149 k - - -
          2.68618  4.42225  2.77519  2.73123  3.46354  2.40513  3.72494  3.29354  2.67741  2.69355  4.24690  2.90347  2.73739  3.18146  2.89801  2.37887  2.77519  2.98518  4.58477  3.61503
          0.02282  4.18727  4.90962  0.61958  0.77255  0.48576  0.95510
    140   3.52889  4.90442  4.69456  4.34733  3.28773  4.37859  4.90594  2.51966  4.11275  0.56583  3.23245  4.59286  4.76703  4.40387  4.23250  4.00456  3.81270  2.63659  5.26880  4.06100    150 L - - -
          2.68618  4.42225  2.77519  2.73123  3.46354  2.40513  3.72494  3.29354  2.67741  2.69355  4.24690  2.90347  2.73739  3.18146  2.89801  2.37887  2.77519  2.98518  4.58477  3.61503
          0.02282  4.18727  4.90962  0.61958  0.77255  0.48576  0.95510
    141   2.76552  4.72901  3.30346  3.00495  4.48200  1.00396  4.12308  3.97768  2.82646  3.57526  4.44929  3.37328  4.00130  3.34759  2.30470  2.87888  3.15230  3.54836  5.65683  4.45653    151 g - - -
          2.68618  4.42225  2.77519  2.73123  3.46354  2.40513  3.72494  3.29354  2.67741  2.69355  4.24690  2.90347  2.73739  3.18146  2.89801  2.37887  2.77519  2.98518  4.58477  3.61503
          0.02282  4.18727  4.90962  0.61958  0.77255  0.48576  0.95510
    142   2.18168  4.72209  3.08223  2.53890  4.00658  3.43439  3.69668  3.40948  2.33650  2.82429  3.86143  3.03389  3.42880  2.86566  2.77826  1.96532  2.85621  3.05397  5.29295  3.98238    152 s - - -
          2.68618  4.42225  2.77519  2.73123  3.46354  2.40513  3.72494  3.29354  2.67741  2.69355  4.24690  2.90347  2.73739  3.18146  2.89801  2.37887  2.77519  2.98518  4.58477  3.61503
          0.02282  4.18727  4.90962  0.61958  0.77255  0.48576  0.95510
    143   2.63428  4.65749  2.93002  2.82428  4.58718  1.01075  4.20074  4.14087  3.16242  3.76280  4.61493  2.36564  3.91278  3.44232  3.54640  2.74067  3.08259  3.60778  5.85024  4.55888    153 g - - -
          2.68618  4.42225  2.77519  2.73123  3.46354  2.40513  3.72494  3.29354  2.67741  2.69355  4.24690  2.90347  2.73739  3.18146  2.89801  2.37887  2.77519  2.98518  4.58477  3.61503
          0.02282  4.18727  4.90962  0.61958  0.77255  0.48576  0.95510
    144   3.20816  4.49239  5.01850  4.53508  3.71826  4.61349  5.24690  1.39867  4.43038  2.20769  3.50857  4.72983  4.91604  4.69422  4.61789  4.01720  3.47665  0.93038  5.71674  4.50415    154 v - - -
          2.68618  4.42225  2.77519  2.73123  3.46354  2.40513  3.72494  3.29354  2.67741  2.69355  4.24690  2.90347  2.73739  3.18146  2.89801  2.37887  2.77519  2.98518  4.58477  3.61503
          0.02282  4.18727  4.90962  0.61958  0.77255  0.48576  0.95510
    145   2.00818  4.35422  3.43619  3.00681  4.27449  3.12838  4.10374  3.68253  3.01617  3.34420  4.16252  3.28915  2.76122  3.32719  3.39295  1.48564  2.13215  3.20699  5.59597  4.34878    155 s - - -
          2.68618  4.42225  2.77519  2.73123  3.46354  2.40513  3.72494  3.29354  2.67741  2.69355  4.24690  2.90347  2.73739  3.18146  2.89801  2.37887  2.77519  2.98518  4.58477  3.61503
          0.02282  4.18727  4.90962  0.61958  0.77255  0.48576  0.95510
    146   2.80696  5.15656  2.66318  2.11845  4.50322  3.29039  3.72747  3.95534  2.48074  3.48561  4.29716  2.91126  3.89345  1.55981  2.91316  2.37656  3.06076  3.57211  5.65195  4.27763    156 q - - -
          2.68618  4.42225  2.77519  2.73123  3.46354  2.40513  3.72494  3.29354  2.67741  2.69355  4.24690  2.90347  2.73739  3.18146  2.89801  2.37887  2.77519  2.98518  4.58477  3.61503
          0.02282  4.18727  4.90962  0.61958  0.77255  0.48576  0.95510
    147   2.45710  4.32018  3.57055  3.09194  3.90058  3.28325  4.07718  3.12750  3.03737  2.85870  3.83757  3.37998  3.88566  3.36148  3.37780  1.94758  1.59500  2.39183  5.32049  4.08471    157 t - - -
          2.68618  4.42225  2.77519  2.73123  3.46354  2.40513  3.72494  3.29354  2.67741  2.69355  4.24690  2.90347  2.73739  3.18146  2.89801  2.37887  2.77519  2.98518  4.58477  3.61503
          0.02282  4.18727  4.90962  0.61958  0.77255  0.48576  0.95510
    148   2.89572  5.29574  2.15996  2.32814  4.58795  3.38462  3.77681  4.09813  2.59122  3.61226  4.44428  2.88346  3.92065  1.33910  2.99063  2.84085  3.15876  3.70799  5.75304  4.34043    158 q - - -
          2.68618  4.42225  2.77519  2.73123  3.46354  2.40513  3.72494  3.29354  2.67741  2.69355  4.24690  2.90347  2.73739  3.18146  2.89801  2.37887  2.77519  2.98518  4.58477  3.61503
          0.02282  4.18727  4.90962  0.61958  0.77255  0.48576  0.95510
    149   3.28126  4.90839  3.87246  3.42692  2.17787  4.05211  1.23733  3.49003  3.30471  2.93151  4.03231  3.66881  4.41940  3.59027  3.58416  3.36052  3.50977  3.31248  3.97793  2.04034    159 h - - -
          2.68618  4.42225  2.77519  2.73123  3.46354  2.40513  3.72494  3.29354  2.67741  2.69355  4.24690  2.90347  2.73739  3.18146  2.89801  2.37887  2.77519  2.98518  4.58477  3.61503
          0.02282  4.18727  4.90962  0.61958  0.77255  0.48576  0.95510
    150   3.33896  4.66869  4.94283  4.37752  3.17839  4.59519  4.92274  2.19595  4.23410  0.90682  2.40690  4.62467  4.79118  4.34731  4.35172  3.94253  3.56401  1.93347  5.24659  4.18630    160 l - - -
          2.68618  4.42225  2.77519  2.73123  3.46354  2.40513  3.72494  3.29354  2.67741  2.69355  4.24690  2.90347  2.73739  3.18146  2.89801  2.37887  2.77519  2.98518  4.58477  3.61503
          0.02282  4.18727  4.90962  0.61958  0.77255  0.48576  0.95510
    151   3.73404  5.09387  4.31945  4.11806  2.37973  4.20977  3.81368  3.70379  3.96774  3.07331  4.34725  4.13365  4.68085  4.19506  4.08182  3.83461  4.02484  3.59048  4.03192  0.56900    161 Y - - -
          2.68618  4.42225  2.77519  2.73123  3.46354  2.40513  3.72494  3.29354  2.67741  2.69355  4.24690  2.90347  2.73739  3.18146  2.89801  2.37887  2.77519  2.98518  4.58477  3.61503
          0.02282  4.18727  4.90962  0.61958  0.77255  0.48576  0.95510
    152   3.24039  4.53598  4.97912  4.44169  3.43040  4.59750  5.03832  1.76095  4.32180  1.32351  3.22823  4.65639  4.83840  4.50003  4.46850  3.96163  3.48298  1.25920  5.43517  4.29938    162 v - - -
          2.68618  4.42225  2.77519  2.73123  3.46354  2.40513  3.72494  3.29354  2.67741  2.69355  4.24690  2.90347  2.73739  3.18146  2.89801  2.37887  2.77519  2.98518  4.58477  3.61503
          0.02282  4.18727  4.90962  0.61958  0.77255  0.48576  0.95510
    153   2.48323  4.39110  4.74297  4.23055  3.68485  4.33513  4.91640  1.31464  4.13275  2.31020  3.51315  4.42766  4.69149  4.39218  4.33383  3.70347  3.31030  1.21565  5.51699  4.31119    163 v - - -
          2.68618  4.42225  2.77519  2.73123  3.46354  2.40513  3.72494  3.29354  2.67741  2.69355  4.24690  2.90347  2.73739  3.18146  2.89801  2.37887  2.77519  2.98518  4.58477  3.61503
          0.02282  4.18727  4.90962  0.61958  0.77255  0.48576  0.95510
    154   3.18986  4.51966  4.91092  4.33116  1.86472  4.42318  4.68419  1.73299  4.18907  1.50640  2.24154  4.48868  4.65294  4.26283  4.25707  3.75449  3.41094  2.32107  5.01281  3.86032    164 l - - -
          2.68618  4.42225  2.77519  2.73123  3.46354  2.40513  3.72494  3.29354  2.67741  2.69355  4.24690  2.90347  2.73739  3.18146  2.89801  2.37887  2.77519  2.98518  4.58477  3.61503
          0.02282  4.18727  4.90962  0.61958  0.77255  0.48576  0.95510
    155   3.91373  5.07625  4.85576  4.60191  1.39892  4.59383  3.54611  3.57307  4.43329  2.85760  4.15364  4.23823  4.89076  4.32844  4.41293  3.97736  4.13098  3.50626  3.66219  0.86903    165 y - - -
          2.68618  4.42225  2.77520  2.73123  3.46354  2.40513  3.72495  3.29354  2.67741  2.69355  4.24690  2.90347  2.73740  3.18146  2.89801  2.37886  2.77518  2.98518  4.58477  3.61503
          0.02947  3.83227  4.90962  0.62499  0.76629  0.48576  0.95510
    156   2.31804  2.81690  3.83880  3.40031  4.08613  3.10568  4.29254  3.42405  3.33082  3.17387  4.03348  3.49514  3.81774  3.61534  3.61576  1.41195  1.79311  3.00140  5.49255  4.29588    168 s - - -
          2.68618  4.42225  2.77519  2.73123  3.46354  2.40513  3.72494  3.29354  2.67741  2.69355  4.24690  2.90347  2.73739  3.18146  2.89801  2.37887  2.77519  2.98518  4.58477  3.61503
          0.02282  4.18727  4.90962  0.61958  0.77255  0.48576  0.95510
    157   2.36082  4.30534  3.50011  3.27923  4.44299  3.05860  4.37221  3.84622  3.33495  3.57630  4.43638  3.42767  3.82340  3.65464  3.62331  0.86179  2.56892  3.30244  5.80024  4.56098    169 s - - -
          2.68618  4.42225  2.77519  2.73123  3.46354  2.40513  3.72494  3.29354  2.67741  2.69355  4.24690  2.90347  2.73739  3.18146  2.89801  2.37887  2.77519  2.98518  4.58477  3.61503
          0.02282  4.18727  4.90962  0.61958  0.77255  0.48576  0.95510
    158   2.34505  5.05065  1.96376  2.07668  4.36300  3.37898  3.67604  3.80496  2.49105  3.36177  4.15343  2.88509  3.83530  2.80850  2.98711  2.39928  2.93834  2.93312  5.55690  4.16922    170 d - - -
          2.68618  4.42225  2.77519  2.73123  3.46354  2.40513  3.72494  3.29354  2.67741  2.69355  4.24690  2.90347  2.73739  3.18146  2.89801  2.37887  2.77519  2.98518  4.58477  3.61503
          0.02282  4.18727  4.90962  0.61958  0.77255  0.48576  0.95510
    159   1.73958  4.44367  3.24805  2.75632  3.99680  2.31239  3.85624  3.41167  2.74797  3.07003  3.89201  3.15817  3.81168  3.07800  3.15340  2.07923  2.81595  3.05773  5.25498  4.05118    171 a - - -
          2.68618  4.42225  2.77519  2.73123  3.46354  2.40513  3.72494  3.29354  2.67741  2.69355  4.24690  2.90347  2.73739  3.18146  2.89801  2.37887  2.77519  2.98518  4.58477  3.61503
          0.02282  4.18727  4.90962  0.61958  0.77255  0.48576  0.95510
    160   2.73005  4.14597  4.43906  3.87169  3.31861  4.07934  4.45801  2.16798  3.74667  1.83435  1.78269  4.09241  4.41757  3.96464  3.92818  3.39665  3.15175  1.68487  5.06260  3.90037    172 v - - -
          2.68618  4.42225  2.77519  2.73123  3.46354  2.40513  3.72494  3.29354  2.67741  2.69355  4.24690  2.90347  2.73739  3.18146  2.89801  2.37887  2.77519  2.98518  4.58477  3.61503
          0.02282  4.18727  4.90962  0.61958  0.77255  0.48576  0.95510
    161   2.84874  4.99705  3.12551  2.69060  4.52291  3.49240  3.77158  3.91039  1.14720  3.45371  4.30076  3.13938  3.97940  2.92184  2.54724  2.43625  3.02032  3.54050  5.57963  4.31703    173 k - - -
          2.68618  4.42225  2.77519  2.73123  3.46354  2.40513  3.72494  3.29354  2.67741  2.69355  4.24690  2.90347  2.73739  3.18146  2.89801  2.37887  2.77519  2.98518  4.58477  3.61503
          0.02282  4.18727  4.90962  0.61958  0.77255  0.48576  0.95510
    162   1.88818  4.24084  3.82608  3.28369  3.49258  2.89316  4.08875  1.97888  3.21127  2.46333  3.44961  3.58010  4.06671  3.49332  3.50025  2.92559  2.85494  2.03287  5.00696  3.79374    174 a - - -
          2.68618  4.42225  2.77519  2.73123  3.46354  2.40513  3.72494  3.29354  2.67741  2.69355  4.24690  2.90347  2.73739  3.18146  2.89801  2.37887  2.77519  2.98518  4.58477  3.61503
          0.02282  4.18727  4.90962  0.61958  0.77255  0.48576  0.95510
    163   2.69003  4.28753  3.82474  3.28666  3.50935  3.72005  4.11630  2.12017  3.20706  2.47285  3.45572  2.90156  4.13560  3.50837  3.50308  3.02028  2.52224  1.49635  5.04382  3.82189    175 v - - -
          2.68618  4.42225  2.77519  2.73123  3.46354  2.40513  3.72494  3.29354  2.67741  2.69355  4.24690  2.90347  2.73739  3.18146  2.89801  2.37887  2.77519  2.98518  4.58477  3.61503
          0.02282  4.18727  4.90962  0.61958  0.77255  0.48576  0.95510
    164   3.08631  4.48510  4.54877  3.98966  3.01680  4.23145  4.39326  2.04616  3.82927  1.05762  3.07931  4.19490  4.51613  4.01484  3.97858  3.54898  3.31262  2.37308  4.83083  2.73673    176 l - - -
          2.68618  4.42225  2.77519  2.73123  3.46354  2.40513  3.72494  3.29354  2.67741  2.69355  4.24690  2.90347  2.73739  3.18146  2.89801  2.37887  2.77519  2.98518  4.58477  3.61503
          0.02282  4.18727  4.90962  0.61958  0.77255  0.48576  0.95510
    165   2.98754  5.40978  2.46310  1.10860  4.70528  3.39405  3.81138  4.19688  2.61817  3.69830  4.55453  2.88147  3.95482  2.40810  3.06138  2.91333  3.25175  3.81192  5.84290  4.43164    177 e - - -
          2.68618  4.42225  2.77519  2.73123  3.46354  2.40513  3.72494  3.29354  2.67741  2.69355  4.24690  2.90347  2.73739  3.18146  2.89801  2.37887  2.77519  2.98518  4.58477  3.61503
          0.02282  4.18727  4.90962  0.61958  0.77255  0.48576  0.95510
    166   2.64646  4.88502  2.87066  2.44394  4.24790  2.81491  2.28382  3.68942  2.50420  3.26716  4.07329  2.40237  3.84256  2.85669  2.96055  2.49743  2.52323  3.32270  5.47609  4.12463    178 h - - -
          2.68618  4.42225  2.77519  2.73123  3.46354  2.40513  3.72494  3.29354  2.67741  2.69355  4.24690  2.90347  2.73739  3.18146  2.89801  2.37887  2.77519  2.98518  4.58477  3.61503
          0.02282  4.18727  4.90962  0.61958  0.77255  0.48576  0.95510
    167   3.07440  5.03018  3.67018  3.09314  4.51008  3.67003  3.87106  3.91120  2.18215  3.42955  4.38119  3.43308  4.14766  3.04536  0.87942  3.14343  3.13331  3.60677  5.53159  4.35215    179 r - - -
          2.68618  4.42225  2.77519  2.73123  3.46354  2.40513  3.72494  3.29354  2.67741  2.69355  4.24690  2.90347  2.73739  3.18146  2.89801  2.37887  2.77519  2.98518  4.58477  3.61503
          0.02282  4.18727  4.90962  0.61958  0.77255  0.48576  0.95510
    168   2.73223  4.21279  4.14404  3.57465  3.31128  3.84495  4.19838  2.05960  3.46092  2.20846  2.08633  3.81721  4.21659  3.70580  3.67301  2.61424  2.97599  1.78493  4.90862  3.71675    180 v - - -
          2.68618  4.42225  2.77519  2.73123  3.46354  2.40513  3.72494  3.29354  2.67741  2.69355  4.24690  2.90347  2.73739  3.18146  2.89801  2.37887  2.77519  2.98518  4.58477  3.61503
          0.02282  4.18727  4.90962  0.61958  0.77255  0.48576  0.95510
    169   2.90382  4.58068  3.72746  3.34626  2.84803  3.71237  3.86878  3.11073  3.22248  2.75719  3.81036  3.60822  4.20859  3.57039  3.48026  3.10143  2.45587  2.90989  4.45776  1.18870    181 y - - -
          2.68618  4.42225  2.77519  2.73123  3.46354  2.40513  3.72494  3.29354  2.67741  2.69355  4.24690  2.90347  2.73739  3.18146  2.89801  2.37887  2.77519  2.98518  4.58477  3.61503
          0.02947  4.18727  4.27961  0.61958  0.77255  0.48576  0.95510
    170   2.90857  4.28866  4.54146  3.97020  3.25036  4.11761  4.43627  1.49427  3.83386  1.81362  3.20590  4.14495  4.43698  4.02836  3.97696  3.43350  3.14345  1.69181  4.96886  2.90185    182 i - - -
          2.68618  4.42225  2.77519  2.73123  3.46354  2.40513  3.72494  3.29354  2.67741  2.69355  4.24690  2.90347  2.73739  3.18146  2.89801  2.37887  2.77519  2.98518  4.58477  3.61503
          0.02297  4.18078  4.90313  0.61958  0.77255  0.49383  0.94234
    171   2.40490  5.30333  1.95633  1.65119  4.60472  3.35279  2.91576  4.09364  2.56175  3.59417  4.38117  2.81806  3.85801  2.83905  3.08799  2.73882  3.05519  3.67672  5.75135  4.31211    183 e - - -
          2.68618  4.42225  2.77519  2.73123  3.46354  2.40513  3.72494  3.29354  2.67741  2.69355  4.24690  2.90347  2.73739  3.18146  2.89801  2.37887  2.77519  2.98518  4.58477  3.61503
          0.02297  4.18078  4.90313  0.61958  0.77255  0.49383  0.94234
    172   3.20710  4.49423  4.97684  4.47130  3.65428  4.60975  5.16698  1.57285  4.35896  2.04371  3.45254  4.68509  4.89132  4.61481  4.54840  3.99588  3.46650  0.90437  5.64090  4.43659    184 v - - -
          2.68618  4.42225  2.77519  2.73123  3.46354  2.40513  3.72494  3.29354  2.67741  2.69355  4.24690  2.90347  2.73739  3.18146  2.89801  2.37887  2.77519  2.98518  4.58477  3.61503
          0.01552  4.17333        *  0.61958  0.77255  0.00000        *
//
