HMMER3/f [3.3.1 | Jul 2020]
NAME  vHMM_8298
LENG  205
ALPH  amino
RF    no
MM    no
CONS  yes
CS    no
MAP   yes
DATE  Thu Feb 11 01:01:08 2021
NSEQ  2
EFFN  0.707031
CKSUM 1811708862
STATS LOCAL MSV      -10.4580  0.70505
STATS LOCAL VITERBI  -11.4824  0.70505
STATS LOCAL FORWARD   -4.7515  0.70505
CUTOFF SCORE	256.24
TAXON	Barnaviridae
TXID	39741
PROTEIN	Coat
TYPE	Full-length
RANGE	Wide
HMM          A        C        D        E        F        G        H        I        K        L        M        N        P        Q        R        S        T        V        W        Y   
            m->m     m->i     m->d     i->m     i->i     d->m     d->d
  COMPO   2.41405  4.35344  3.10152  2.82541  3.33840  2.80745  3.74738  2.87072  2.81602  2.56289  3.74333  3.05898  3.30123  3.16353  2.71850  2.43511  2.79818  2.58930  4.52918  3.49546
          2.68618  4.42225  2.77519  2.73123  3.46354  2.40513  3.72494  3.29354  2.67741  2.69355  4.24690  2.90347  2.73739  3.18146  2.89801  2.37887  2.77519  2.98518  4.58477  3.61503
          0.29572  4.01595  1.43558  0.61958  0.77255  0.00000        *
      1   2.88222  4.45144  3.92516  3.51336  3.16528  3.74619  4.27581  2.32961  3.28636  1.78137  1.62283  3.80420  4.20944  3.67813  3.50471  3.21742  3.18697  2.32110  4.98827  3.73744      1 m - - -
          2.68618  4.42225  2.77519  2.73123  3.46354  2.40513  3.72494  3.29354  2.67741  2.69355  4.24690  2.90347  2.73739  3.18146  2.89801  2.37887  2.77519  2.98518  4.58477  3.61503
          0.03536  3.75559  4.47794  0.61958  0.77255  0.70217  0.68421
      2   1.19697  4.14105  3.34898  3.13959  3.94029  2.96765  4.17474  3.04908  3.15284  2.93530  3.98404  3.31719  3.69622  3.50602  3.40889  2.49436  2.76380  2.72428  5.37952  4.16748      2 a - - -
          2.68618  4.42225  2.77519  2.73123  3.46354  2.40513  3.72494  3.29354  2.67741  2.69355  4.24690  2.90347  2.73739  3.18146  2.89801  2.37887  2.77519  2.98518  4.58477  3.61503
          0.03536  3.75559  4.47794  0.61958  0.77255  0.70217  0.68421
      3   2.26471  4.18120  3.11132  2.92580  3.96111  2.91354  4.03688  3.46973  2.99129  3.20076  4.13993  3.16691  3.64355  3.35100  3.27814  1.28251  2.73681  3.03093  5.34409  4.04493      3 s - - -
          2.68618  4.42225  2.77519  2.73123  3.46354  2.40513  3.72494  3.29354  2.67741  2.69355  4.24690  2.90347  2.73739  3.18146  2.89801  2.37887  2.77519  2.98518  4.58477  3.61503
          0.03536  3.75559  4.47794  0.61958  0.77255  0.37092  1.17151
      4   2.75829  4.62487  3.32264  2.82918  3.60965  3.58739  3.83352  2.97635  2.58805  2.45252  2.19309  3.26646  4.00276  2.04614  2.90147  2.90150  3.00218  2.83315  5.11546  3.84034      4 q - - -
          2.68618  4.42225  2.77519  2.73123  3.46354  2.40513  3.72494  3.29354  2.67741  2.69355  4.24690  2.90347  2.73739  3.18146  2.89801  2.37887  2.77519  2.98518  4.58477  3.61503
          0.02714  4.01595  4.73830  0.61958  0.77255  0.48576  0.95510
      5   0.82523  4.26901  3.61304  3.41339  4.19984  3.08923  4.41782  3.34718  3.43345  3.22196  4.23978  3.52520  3.84224  3.76185  3.67266  2.61896  2.90637  2.97664  5.61262  4.42950      5 a - - -
          2.68618  4.42225  2.77519  2.73123  3.46354  2.40513  3.72494  3.29354  2.67741  2.69355  4.24690  2.90347  2.73739  3.18146  2.89801  2.37887  2.77519  2.98518  4.58477  3.61503
          0.02714  4.01595  4.73830  0.61958  0.77255  0.48576  0.95510
      6   2.80762  5.08525  2.60485  2.36851  4.38275  3.34136  3.71278  3.92495  2.43827  3.45607  4.30534  1.88064  3.87037  1.87483  2.82405  2.78645  3.07722  3.55163  5.56600  4.18534      6 q - - -
          2.68618  4.42225  2.77519  2.73123  3.46354  2.40513  3.72494  3.29354  2.67741  2.69355  4.24690  2.90347  2.73739  3.18146  2.89801  2.37887  2.77519  2.98518  4.58477  3.61503
          0.02714  4.01595  4.73830  0.61958  0.77255  0.48576  0.95510
      7   3.17297  4.99815  3.67881  3.16249  4.38934  3.63083  3.93682  3.94268  2.30708  3.43263  4.43082  3.51035  4.12801  3.15155  0.77993  3.25129  3.43016  3.66087  5.41519  4.28740      7 r - - -
          2.68618  4.42225  2.77519  2.73123  3.46354  2.40513  3.72494  3.29354  2.67741  2.69355  4.24690  2.90347  2.73739  3.18146  2.89801  2.37887  2.77519  2.98518  4.58477  3.61503
          0.02714  4.01595  4.73830  0.61958  0.77255  0.48576  0.95510
      8   2.81673  4.97997  3.00310  2.58236  4.35293  3.44737  3.68452  3.83509  2.21151  3.36237  4.21359  1.93556  3.91646  2.84192  1.72085  2.83178  3.06549  3.48112  5.45165  4.15891      8 r - - -
          2.68618  4.42225  2.77519  2.73123  3.46354  2.40513  3.72494  3.29354  2.67741  2.69355  4.24690  2.90347  2.73739  3.18146  2.89801  2.37887  2.77519  2.98518  4.58477  3.61503
          0.02714  4.01595  4.73830  0.61958  0.77255  0.48576  0.95510
      9   1.76388  4.66150  2.95518  2.61362  4.14387  3.29036  3.81288  3.52219  2.56633  3.15801  4.05047  3.06118  3.84349  1.91796  2.92610  2.68544  2.92798  3.18283  5.43370  4.13051      9 a - - -
          2.68618  4.42225  2.77519  2.73123  3.46354  2.40513  3.72494  3.29354  2.67741  2.69355  4.24690  2.90347  2.73739  3.18146  2.89801  2.37887  2.77519  2.98518  4.58477  3.61503
          0.02714  4.01595  4.73830  0.61958  0.77255  0.48576  0.95510
     10   2.63190  4.68534  3.18283  2.71607  4.22265  3.33730  3.76701  3.66619  2.35471  3.25351  4.10746  3.12563  3.86404  2.94544  1.77428  1.80112  2.94429  3.29402  5.41201  4.13936     10 r - - -
          2.68618  4.42225  2.77519  2.73123  3.46354  2.40513  3.72494  3.29354  2.67741  2.69355  4.24690  2.90347  2.73739  3.18146  2.89801  2.37887  2.77519  2.98518  4.58477  3.61503
          0.02714  4.01595  4.73830  0.61958  0.77255  0.48576  0.95510
     11   3.17297  4.99815  3.67881  3.16249  4.38934  3.63083  3.93682  3.94268  2.30708  3.43263  4.43082  3.51035  4.12801  3.15155  0.77993  3.25129  3.43016  3.66087  5.41519  4.28740     11 r - - -
          2.68618  4.42225  2.77519  2.73123  3.46354  2.40513  3.72494  3.29354  2.67741  2.69355  4.24690  2.90347  2.73739  3.18146  2.89801  2.37887  2.77519  2.98518  4.58477  3.61503
          0.02714  4.01595  4.73830  0.61958  0.77255  0.48576  0.95510
     12   3.17297  4.99815  3.67881  3.16249  4.38934  3.63083  3.93682  3.94268  2.30708  3.43263  4.43082  3.51035  4.12801  3.15155  0.77993  3.25129  3.43016  3.66087  5.41519  4.28740     12 r - - -
          2.68618  4.42225  2.77519  2.73123  3.46354  2.40513  3.72494  3.29354  2.67741  2.69355  4.24690  2.90347  2.73739  3.18146  2.89801  2.37887  2.77519  2.98518  4.58477  3.61503
          0.02714  4.01595  4.73830  0.61958  0.77255  0.48576  0.95510
     13   3.17297  4.99815  3.67881  3.16249  4.38934  3.63083  3.93682  3.94268  2.30708  3.43263  4.43082  3.51035  4.12801  3.15155  0.77993  3.25129  3.43016  3.66087  5.41519  4.28740     13 r - - -
          2.68618  4.42225  2.77519  2.73123  3.46354  2.40513  3.72494  3.29354  2.67741  2.69355  4.24690  2.90347  2.73739  3.18146  2.89801  2.37887  2.77519  2.98518  4.58477  3.61503
          0.02714  4.01595  4.73830  0.61958  0.77255  0.48576  0.95510
     14   2.70703  4.73148  3.18405  2.76784  4.32266  1.83238  3.83581  3.77439  2.42853  3.34997  4.21182  3.17878  3.89835  3.02221  1.65357  2.78703  3.02644  3.39414  5.46409  4.23601     14 r - - -
          2.68618  4.42225  2.77519  2.73123  3.46354  2.40513  3.72494  3.29354  2.67741  2.69355  4.24690  2.90347  2.73739  3.18146  2.89801  2.37887  2.77519  2.98518  4.58477  3.61503
          0.02714  4.01595  4.73830  0.61958  0.77255  0.48576  0.95510
     15   2.80762  5.08525  2.60485  2.36851  4.38275  3.34136  3.71278  3.92495  2.43827  3.45607  4.30534  1.88064  3.87037  1.87483  2.82405  2.78645  3.07722  3.55163  5.56600  4.18534     15 q - - -
          2.68618  4.42225  2.77519  2.73123  3.46354  2.40513  3.72494  3.29354  2.67741  2.69355  4.24690  2.90347  2.73739  3.18146  2.89801  2.37887  2.77519  2.98518  4.58477  3.61503
          0.02714  4.01595  4.73830  0.61958  0.77255  0.48576  0.95510
     16   2.95101  5.09454  3.25330  2.69469  4.45478  3.58680  3.63652  3.87856  2.01298  3.34794  4.21989  3.13273  3.98779  1.84098  1.60036  2.95329  3.14763  3.55714  5.43278  4.20270     16 r - - -
          2.68618  4.42225  2.77519  2.73123  3.46354  2.40513  3.72494  3.29354  2.67741  2.69355  4.24690  2.90347  2.73739  3.18146  2.89801  2.37887  2.77519  2.98518  4.58477  3.61503
          0.02714  4.01595  4.73830  0.61958  0.77255  0.48576  0.95510
     17   2.80762  5.08525  2.60485  2.36851  4.38275  3.34136  3.71278  3.92495  2.43827  3.45607  4.30534  1.88064  3.87037  1.87483  2.82405  2.78645  3.07722  3.55163  5.56600  4.18534     17 q - - -
          2.68618  4.42225  2.77519  2.73123  3.46354  2.40513  3.72494  3.29354  2.67741  2.69355  4.24690  2.90347  2.73739  3.18146  2.89801  2.37887  2.77519  2.98518  4.58477  3.61503
          0.02714  4.01595  4.73830  0.61958  0.77255  0.48576  0.95510
     18   3.17297  4.99815  3.67881  3.16249  4.38934  3.63083  3.93682  3.94268  2.30708  3.43263  4.43082  3.51035  4.12801  3.15155  0.77993  3.25129  3.43016  3.66087  5.41519  4.28740     18 r - - -
          2.68618  4.42225  2.77519  2.73123  3.46354  2.40513  3.72494  3.29354  2.67741  2.69355  4.24690  2.90347  2.73739  3.18146  2.89801  2.37887  2.77519  2.98518  4.58477  3.61503
          0.02714  4.01595  4.73830  0.61958  0.77255  0.48576  0.95510
     19   2.61914  4.72521  2.74426  2.53391  4.31448  3.20788  3.87492  3.82947  2.73398  3.43662  4.29056  1.78590  1.96776  3.07490  3.14306  2.67942  2.97979  3.40866  5.57737  4.23619     19 n - - -
          2.68618  4.42225  2.77519  2.73123  3.46354  2.40513  3.72494  3.29354  2.67741  2.69355  4.24690  2.90347  2.73739  3.18146  2.89801  2.37887  2.77519  2.98518  4.58477  3.61503
          0.02714  4.01595  4.73830  0.61958  0.77255  0.48576  0.95510
     20   2.39077  4.31197  3.33669  3.16121  4.22193  3.03946  4.26606  3.76496  3.24471  3.47483  4.39023  3.36150  3.79054  3.58315  3.52487  0.89358  2.88203  3.26843  5.58331  4.30678     20 s - - -
          2.68618  4.42225  2.77519  2.73123  3.46354  2.40513  3.72494  3.29354  2.67741  2.69355  4.24690  2.90347  2.73739  3.18146  2.89801  2.37887  2.77519  2.98518  4.58477  3.61503
          0.02714  4.01595  4.73830  0.61958  0.77255  0.48576  0.95510
     21   0.82523  4.26901  3.61304  3.41339  4.19984  3.08923  4.41782  3.34718  3.43345  3.22196  4.23978  3.52520  3.84224  3.76185  3.67266  2.61896  2.90637  2.97664  5.61262  4.42950     21 a - - -
          2.68618  4.42225  2.77519  2.73123  3.46354  2.40513  3.72494  3.29354  2.67741  2.69355  4.24690  2.90347  2.73739  3.18146  2.89801  2.37887  2.77519  2.98518  4.58477  3.61503
          0.02714  4.01595  4.73830  0.61958  0.77255  0.48576  0.95510
     22   2.38042  4.31843  3.30594  2.97675  4.13627  3.10442  4.07728  3.45092  2.97578  3.18108  4.07656  3.26078  1.91330  3.33034  3.30722  2.54368  1.68753  3.05078  5.49446  4.25501     22 t - - -
          2.68618  4.42225  2.77519  2.73123  3.46354  2.40513  3.72494  3.29354  2.67741  2.69355  4.24690  2.90347  2.73739  3.18146  2.89801  2.37887  2.77519  2.98518  4.58477  3.61503
          0.02714  4.01595  4.73830  0.61958  0.77255  0.48576  0.95510
     23   2.92242  4.42761  4.32212  3.99168  3.65848  3.87022  4.76973  2.05344  3.86165  2.32189  3.60378  4.15791  4.42419  4.21203  4.06002  3.38436  3.28140  0.86162  5.46650  4.20616     23 v - - -
          2.68618  4.42225  2.77519  2.73123  3.46354  2.40513  3.72494  3.29354  2.67741  2.69355  4.24690  2.90347  2.73739  3.18146  2.89801  2.37887  2.77519  2.98518  4.58477  3.61503
          0.29572  4.01595  1.43558  0.61958  0.77255  0.48576  0.95510
     24   2.88004  4.71939  3.35942  2.90094  4.04428  3.38506  3.75199  3.58129  2.20906  3.11896  4.12635  3.26762  3.89706  2.98180  1.17412  2.97224  3.15647  3.31134  5.17735  4.00111     24 r - - -
          2.68618  4.42225  2.77519  2.73123  3.46354  2.40513  3.72494  3.29354  2.67741  2.69355  4.24690  2.90347  2.73739  3.18146  2.89801  2.37887  2.77519  2.98518  4.58477  3.61503
          0.03536  3.75559  4.47794  0.61958  0.77255  0.70217  0.68421
     25   2.88004  4.71939  3.35942  2.90094  4.04428  3.38506  3.75199  3.58129  2.20906  3.11896  4.12635  3.26762  3.89706  2.98180  1.17412  2.97224  3.15647  3.31134  5.17735  4.00111     25 r - - -
          2.68618  4.42225  2.77519  2.73123  3.46354  2.40513  3.72494  3.29354  2.67741  2.69355  4.24690  2.90347  2.73739  3.18146  2.89801  2.37887  2.77519  2.98518  4.58477  3.61503
          0.03536  3.75559  4.47794  0.61958  0.77255  0.37092  1.17151
     26   1.41191  4.16736  3.45696  3.17479  4.27420  2.95469  4.23634  3.62941  3.22063  3.37255  4.22074  3.32076  3.70470  3.51560  3.52457  1.48833  2.72006  3.11490  5.63601  4.41674     26 a - - -
          2.68618  4.42225  2.77519  2.73123  3.46354  2.40513  3.72494  3.29354  2.67741  2.69355  4.24690  2.90347  2.73739  3.18146  2.89801  2.37887  2.77519  2.98518  4.58477  3.61503
          0.02714  4.01595  4.73830  0.61958  0.77255  0.48576  0.95510
     27   2.68308  4.36595  3.68039  3.23944  3.54369  3.58071  4.14754  1.69763  3.14110  2.38776  3.50660  3.56252  2.13541  3.49566  3.43304  2.96078  2.99515  2.33668  5.14314  3.89619     27 i - - -
          2.68618  4.42225  2.77519  2.73123  3.46354  2.40513  3.72494  3.29354  2.67741  2.69355  4.24690  2.90347  2.73739  3.18146  2.89801  2.37887  2.77519  2.98518  4.58477  3.61503
          0.02714  4.01595  4.73830  0.61958  0.77255  0.48576  0.95510
     28   2.61914  4.72521  2.74426  2.53391  4.31448  3.20788  3.87492  3.82947  2.73398  3.43662  4.29056  1.78590  1.96776  3.07490  3.14306  2.67942  2.97979  3.40866  5.57737  4.23619     28 n - - -
          2.68618  4.42225  2.77519  2.73123  3.46354  2.40513  3.72494  3.29354  2.67741  2.69355  4.24690  2.90347  2.73739  3.18146  2.89801  2.37887  2.77519  2.98518  4.58477  3.61503
          0.02714  4.01595  4.73830  0.61958  0.77255  0.48576  0.95510
     29   1.61035  4.50092  2.92257  2.68421  4.25205  3.13097  3.95638  3.64135  2.84521  3.34138  4.20087  1.82562  3.78428  3.17350  3.23427  2.58210  2.87327  3.21732  5.56720  4.25728     29 a - - -
          2.68618  4.42225  2.77519  2.73123  3.46354  2.40513  3.72494  3.29354  2.67741  2.69355  4.24690  2.90347  2.73739  3.18146  2.89801  2.37887  2.77519  2.98518  4.58477  3.61503
          0.02714  4.01595  4.73830  0.61958  0.77255  0.48576  0.95510
     30   3.17297  4.99815  3.67881  3.16249  4.38934  3.63083  3.93682  3.94268  2.30708  3.43263  4.43082  3.51035  4.12801  3.15155  0.77993  3.25129  3.43016  3.66087  5.41519  4.28740     30 r - - -
          2.68618  4.42225  2.77519  2.73123  3.46354  2.40513  3.72494  3.29354  2.67741  2.69355  4.24690  2.90347  2.73739  3.18146  2.89801  2.37887  2.77519  2.98518  4.58477  3.61503
          0.02714  4.01595  4.73830  0.61958  0.77255  0.48576  0.95510
     31   1.46540  4.26428  3.35029  3.05564  4.20508  3.04502  4.15588  3.52310  3.09811  3.26172  4.14878  3.29132  1.85135  3.42094  3.42194  2.50130  2.78695  3.08329  5.56399  4.33811     31 a - - -
          2.68618  4.42225  2.77519  2.73123  3.46354  2.40513  3.72494  3.29354  2.67741  2.69355  4.24690  2.90347  2.73739  3.18146  2.89801  2.37887  2.77519  2.98518  4.58477  3.61503
          0.02714  4.01595  4.73830  0.61958  0.77255  0.48576  0.95510
     32   2.57500  4.25909  3.89911  3.46476  3.71189  3.48311  4.33771  2.34402  3.36249  2.52502  3.62122  3.67482  4.07094  3.69358  3.63210  2.88689  1.84164  1.49980  5.32952  4.10571     32 v - - -
          2.68618  4.42225  2.77519  2.73123  3.46354  2.40513  3.72494  3.29354  2.67741  2.69355  4.24690  2.90347  2.73739  3.18146  2.89801  2.37887  2.77519  2.98518  4.58477  3.61503
          0.02714  4.01595  4.73830  0.61958  0.77255  0.48576  0.95510
     33   2.85874  5.23363  2.50166  1.62551  4.53151  3.34644  3.69690  4.00007  2.43990  3.51149  4.35717  2.83930  3.86991  1.87326  2.85192  2.80478  3.11027  3.62856  5.66301  4.28142     33 e - - -
          2.68618  4.42225  2.77519  2.73123  3.46354  2.40513  3.72494  3.29354  2.67741  2.69355  4.24690  2.90347  2.73739  3.18146  2.89801  2.37887  2.77519  2.98518  4.58477  3.61503
          0.02714  4.01595  4.73830  0.61958  0.77255  0.48576  0.95510
     34   2.51563  4.60498  2.78347  2.57404  4.31762  3.13588  3.90536  3.83781  2.78772  3.45493  4.29183  1.81505  3.78284  3.10948  3.19758  1.67104  2.90736  3.37519  5.60461  4.25450     34 s - - -
          2.68618  4.42225  2.77519  2.73123  3.46354  2.40513  3.72494  3.29354  2.67741  2.69355  4.24690  2.90347  2.73739  3.18146  2.89801  2.37887  2.77519  2.98518  4.58477  3.61503
          0.02714  4.01595  4.73830  0.61958  0.77255  0.48576  0.95510
     35   2.27906  4.24860  3.22803  3.02093  4.39840  1.63741  4.20276  3.87185  3.18207  3.53582  4.35884  3.24482  3.71037  3.46336  3.51516  1.47079  2.76801  3.29045  5.71309  4.47582     35 s - - -
          2.68618  4.42225  2.77519  2.73123  3.46354  2.40513  3.72494  3.29354  2.67741  2.69355  4.24690  2.90347  2.73739  3.18146  2.89801  2.37887  2.77519  2.98518  4.58477  3.61503
          0.02714  4.01595  4.73830  0.61958  0.77255  0.48576  0.95510
     36   2.55883  4.28314  3.63738  3.20201  3.58593  3.44096  4.10338  1.76275  3.11866  2.55407  3.58526  3.48944  3.99001  3.45997  3.41206  1.85517  2.89866  2.38131  5.13026  3.86468     36 i - - -
          2.68618  4.42225  2.77519  2.73123  3.46354  2.40513  3.72494  3.29354  2.67741  2.69355  4.24690  2.90347  2.73739  3.18146  2.89801  2.37887  2.77519  2.98518  4.58477  3.61503
          0.02714  4.01595  4.73830  0.61958  0.77255  0.48576  0.95510
     37   2.70703  4.73148  3.18405  2.76784  4.32266  1.83238  3.83581  3.77439  2.42853  3.34997  4.21182  3.17878  3.89835  3.02221  1.65357  2.78703  3.02644  3.39414  5.46409  4.23601     37 r - - -
          2.68618  4.42225  2.77519  2.73123  3.46354  2.40513  3.72494  3.29354  2.67741  2.69355  4.24690  2.90347  2.73739  3.18146  2.89801  2.37887  2.77519  2.98518  4.58477  3.61503
          0.02714  4.01595  4.73830  0.61958  0.77255  0.48576  0.95510
     38   2.69750  4.76466  3.09543  2.64858  4.21466  3.40098  3.73850  3.53036  1.66533  3.17911  4.05422  3.09331  3.89031  2.90977  2.63641  2.76399  1.94460  3.20780  5.40921  4.14212     38 k - - -
          2.68618  4.42225  2.77519  2.73123  3.46354  2.40513  3.72494  3.29354  2.67741  2.69355  4.24690  2.90347  2.73739  3.18146  2.89801  2.37887  2.77519  2.98518  4.58477  3.61503
          0.02714  4.01595  4.73830  0.61958  0.77255  0.48576  0.95510
     39   2.92242  4.42761  4.32212  3.99168  3.65848  3.87022  4.76973  2.05344  3.86165  2.32189  3.60378  4.15791  4.42419  4.21203  4.06002  3.38436  3.28140  0.86162  5.46650  4.20616     39 v - - -
          2.68618  4.42225  2.77519  2.73123  3.46354  2.40513  3.72494  3.29354  2.67741  2.69355  4.24690  2.90347  2.73739  3.18146  2.89801  2.37887  2.77519  2.98518  4.58477  3.61503
          0.02714  4.01595  4.73830  0.61958  0.77255  0.48576  0.95510
     40   2.68169  4.81068  2.96161  2.57486  4.31257  3.34489  3.73409  3.73398  1.66457  3.31499  4.15933  3.03422  3.86137  2.89891  2.67936  1.83376  2.97494  3.36176  5.47666  4.18181     40 k - - -
          2.68618  4.42225  2.77519  2.73123  3.46354  2.40513  3.72494  3.29354  2.67741  2.69355  4.24690  2.90347  2.73739  3.18146  2.89801  2.37887  2.77519  2.98518  4.58477  3.61503
          0.02714  4.01595  4.73830  0.61958  0.77255  0.48576  0.95510
     41   3.30801  4.65701  4.68535  4.19882  1.69397  4.39672  4.29725  2.38189  4.05191  1.15657  3.02839  4.33830  4.65071  4.15782  4.16499  3.76241  3.53886  2.48360  4.54506  3.05512     41 l - - -
          2.68618  4.42225  2.77519  2.73123  3.46354  2.40513  3.72494  3.29354  2.67741  2.69355  4.24690  2.90347  2.73739  3.18146  2.89801  2.37887  2.77519  2.98518  4.58477  3.61503
          0.02714  4.01595  4.73830  0.61958  0.77255  0.48576  0.95510
     42   2.92242  4.42761  4.32212  3.99168  3.65848  3.87022  4.76973  2.05344  3.86165  2.32189  3.60378  4.15791  4.42419  4.21203  4.06002  3.38436  3.28140  0.86162  5.46650  4.20616     42 v - - -
          2.68618  4.42225  2.77519  2.73123  3.46354  2.40513  3.72494  3.29354  2.67741  2.69355  4.24690  2.90347  2.73739  3.18146  2.89801  2.37887  2.77519  2.98518  4.58477  3.61503
          0.02714  4.01595  4.73830  0.61958  0.77255  0.48576  0.95510
     43   2.87810  5.21324  2.66676  1.67784  4.56508  3.40995  3.66895  3.98556  1.62911  3.49148  4.32929  2.90606  3.89558  2.81081  2.63074  2.83366  3.11093  3.61938  5.61376  4.28467     43 k - - -
          2.68618  4.42225  2.77519  2.73123  3.46354  2.40513  3.72494  3.29354  2.67741  2.69355  4.24690  2.90347  2.73739  3.18146  2.89801  2.37887  2.77519  2.98518  4.58477  3.61503
          0.02714  4.01595  4.73830  0.61958  0.77255  0.48576  0.95510
     44   2.91364  4.40004  4.16138  3.62083  2.81883  3.92219  4.00269  2.58279  3.38965  1.98304  1.96565  3.83634  4.27805  3.68593  3.57953  3.25443  3.15249  2.53560  2.20320  3.05882     44 m - - -
          2.68618  4.42225  2.77519  2.73123  3.46354  2.40513  3.72494  3.29354  2.67741  2.69355  4.24690  2.90347  2.73739  3.18146  2.89801  2.37887  2.77519  2.98518  4.58477  3.61503
          0.02714  4.01595  4.73830  0.61958  0.77255  0.48576  0.95510
     45   2.76262  4.46974  3.51296  3.03472  3.21185  3.64934  2.21134  1.89457  2.83833  2.48561  3.53118  3.40883  4.06572  3.26279  3.12869  2.97582  3.01164  2.60357  4.76658  3.34647     45 i - - -
          2.68618  4.42225  2.77519  2.73123  3.46354  2.40513  3.72494  3.29354  2.67741  2.69355  4.24690  2.90347  2.73739  3.18146  2.89801  2.37887  2.77519  2.98518  4.58477  3.61503
          0.02714  4.01595  4.73830  0.61958  0.77255  0.48576  0.95510
     46   1.37862  4.19190  3.40023  3.17169  4.34777  1.61315  4.27451  3.71021  3.27995  3.44744  4.29613  3.32724  3.71585  3.55866  3.58217  2.43742  2.75321  3.17627  5.68709  4.48865     46 a - - -
          2.68618  4.42225  2.77519  2.73123  3.46354  2.40513  3.72494  3.29354  2.67741  2.69355  4.24690  2.90347  2.73739  3.18146  2.89801  2.37887  2.77519  2.98518  4.58477  3.61503
          0.02714  4.01595  4.73830  0.61958  0.77255  0.48576  0.95510
     47   1.46540  4.26428  3.35029  3.05564  4.20508  3.04502  4.15588  3.52310  3.09811  3.26172  4.14878  3.29132  1.85135  3.42094  3.42194  2.50130  2.78695  3.08329  5.56399  4.33811     47 a - - -
          2.68618  4.42225  2.77519  2.73123  3.46354  2.40513  3.72494  3.29354  2.67741  2.69355  4.24690  2.90347  2.73739  3.18146  2.89801  2.37887  2.77519  2.98518  4.58477  3.61503
          0.02714  4.01595  4.73830  0.61958  0.77255  0.48576  0.95510
     48   2.56377  4.35277  3.49572  3.07878  3.55518  3.39166  4.01154  2.86720  2.97621  1.73457  3.62611  3.39491  3.94694  3.35098  3.27705  1.81526  2.90623  2.65361  5.08751  3.78074     48 l - - -
          2.68618  4.42225  2.77519  2.73123  3.46354  2.40513  3.72494  3.29354  2.67741  2.69355  4.24690  2.90347  2.73739  3.18146  2.89801  2.37887  2.77519  2.98518  4.58477  3.61503
          0.02714  4.01595  4.73830  0.61958  0.77255  0.48576  0.95510
     49   2.34590  4.32562  3.18608  2.91341  4.26807  3.03911  4.08193  3.72443  2.99736  3.38619  4.23063  3.20404  1.87768  3.32455  3.34642  1.55202  2.79590  3.22866  5.58968  4.32478     49 s - - -
          2.68618  4.42225  2.77519  2.73123  3.46354  2.40513  3.72494  3.29354  2.67741  2.69355  4.24690  2.90347  2.73739  3.18146  2.89801  2.37887  2.77519  2.98518  4.58477  3.61503
          0.29572  4.01595  1.43558  0.61958  0.77255  0.48576  0.95510
     50   2.35725  4.20056  3.33093  3.08259  3.87177  3.04234  4.10794  2.98501  3.02316  2.85235  3.91420  3.30807  3.73842  3.42509  3.28497  2.55768  1.38745  2.69269  5.32034  4.08967     50 t - - -
          2.68618  4.42225  2.77519  2.73123  3.46354  2.40513  3.72494  3.29354  2.67741  2.69355  4.24690  2.90347  2.73739  3.18146  2.89801  2.37887  2.77519  2.98518  4.58477  3.61503
          0.03536  3.75559  4.47794  0.61958  0.77255  0.70217  0.68421
     51   2.87025  4.82086  3.03818  2.68720  4.18033  3.36791  3.70499  3.60320  1.21169  3.19624  4.16815  3.11536  3.88000  2.90627  2.42506  2.92240  3.13454  3.31901  5.28663  4.08391     51 k - - -
          2.68618  4.42225  2.77519  2.73123  3.46354  2.40513  3.72494  3.29354  2.67741  2.69355  4.24690  2.90347  2.73739  3.18146  2.89801  2.37887  2.77519  2.98518  4.58477  3.61503
          0.03536  3.75559  4.47794  0.61958  0.77255  0.70217  0.68421
     52   3.02732  4.52670  3.99892  3.64276  3.09816  3.82882  4.33524  2.30157  3.41145  1.03458  3.16588  3.92892  4.28742  3.80811  3.60489  3.39232  3.32871  2.30762  4.93056  3.62555     52 l - - -
          2.68618  4.42225  2.77519  2.73123  3.46354  2.40513  3.72494  3.29354  2.67741  2.69355  4.24690  2.90347  2.73739  3.18146  2.89801  2.37887  2.77519  2.98518  4.58477  3.61503
          0.03536  3.75559  4.47794  0.61958  0.77255  0.70217  0.68421
     53   2.93987  4.39687  4.16025  3.77522  3.29973  3.93217  4.52777  1.23647  3.60060  1.91528  3.25887  4.03702  4.37863  3.96368  3.81074  3.41977  3.24292  1.85640  5.16302  3.88807     53 i - - -
          2.68618  4.42225  2.77519  2.73123  3.46354  2.40513  3.72494  3.29354  2.67741  2.69355  4.24690  2.90347  2.73739  3.18146  2.89801  2.37887  2.77519  2.98518  4.58477  3.61503
          0.03536  3.75559  4.47794  0.61958  0.77255  0.70217  0.68421
     54   2.60981  4.38194  3.20515  3.03078  4.02822  3.07627  4.11473  3.54708  3.07864  3.18541  4.23334  3.34719  1.07706  3.47128  3.33406  2.77466  3.04322  3.20556  5.24345  4.14875     54 p - - -
          2.68618  4.42225  2.77519  2.73123  3.46354  2.40513  3.72494  3.29354  2.67741  2.69355  4.24690  2.90347  2.73739  3.18146  2.89801  2.37887  2.77519  2.98518  4.58477  3.61503
          0.03536  3.75559  4.47794  0.61958  0.77255  0.70217  0.68421
     55   2.87946  4.71102  3.02323  2.77548  3.21135  3.35593  1.41560  3.56354  2.62225  3.07080  4.10789  3.18793  3.90427  3.14140  2.89298  2.95242  3.18057  3.30133  4.67742  3.16640     55 h - - -
          2.68618  4.42225  2.77519  2.73123  3.46354  2.40513  3.72494  3.29354  2.67741  2.69355  4.24690  2.90347  2.73739  3.18146  2.89801  2.37887  2.77519  2.98518  4.58477  3.61503
          0.03536  3.75559  4.47794  0.61958  0.77255  0.37092  1.17151
     56   3.14382  4.52554  4.53506  4.15800  3.47424  4.21788  4.86133  0.91609  3.98887  2.03328  3.38968  4.38349  4.63725  4.32372  4.16930  3.72887  3.44125  1.86012  5.39324  4.14250     56 i - - -
          2.68618  4.42225  2.77519  2.73123  3.46354  2.40513  3.72494  3.29354  2.67741  2.69355  4.24690  2.90347  2.73739  3.18146  2.89801  2.37887  2.77519  2.98518  4.58477  3.61503
          0.02714  4.01595  4.73830  0.61958  0.77255  0.48576  0.95510
     57   1.37862  4.19190  3.40023  3.17169  4.34777  1.61315  4.27451  3.71021  3.27995  3.44744  4.29613  3.32724  3.71585  3.55866  3.58217  2.43742  2.75321  3.17627  5.68709  4.48865     57 a - - -
          2.68618  4.42225  2.77519  2.73123  3.46354  2.40513  3.72494  3.29354  2.67741  2.69355  4.24690  2.90347  2.73739  3.18146  2.89801  2.37887  2.77519  2.98518  4.58477  3.61503
          0.02714  4.01595  4.73830  0.61958  0.77255  0.48576  0.95510
     58   2.87810  5.21324  2.66676  1.67784  4.56508  3.40995  3.66895  3.98556  1.62911  3.49148  4.32929  2.90606  3.89558  2.81081  2.63074  2.83366  3.11093  3.61938  5.61376  4.28467     58 k - - -
          2.68618  4.42225  2.77519  2.73123  3.46354  2.40513  3.72494  3.29354  2.67741  2.69355  4.24690  2.90347  2.73739  3.18146  2.89801  2.37887  2.77519  2.98518  4.58477  3.61503
          0.02714  4.01595  4.73830  0.61958  0.77255  0.48576  0.95510
     59   2.58236  4.67324  2.70222  2.55417  4.43134  1.75330  3.95125  3.95640  2.86958  3.56229  4.40746  1.71783  3.80650  3.16120  3.29030  2.65340  2.98131  3.47923  5.68645  4.35476     59 n - - -
          2.68618  4.42225  2.77519  2.73123  3.46354  2.40513  3.72494  3.29354  2.67741  2.69355  4.24690  2.90347  2.73739  3.18146  2.89801  2.37887  2.77519  2.98518  4.58477  3.61503
          0.02714  4.01595  4.73830  0.61958  0.77255  0.48576  0.95510
     60   2.86335  5.11243  2.88216  1.73530  4.46788  3.46489  3.65861  3.88632  2.20125  3.39613  4.24129  2.99048  3.91484  2.80132  1.74534  2.84566  3.08728  3.53840  5.51488  4.22551     60 e - - -
          2.68618  4.42225  2.77519  2.73123  3.46354  2.40513  3.72494  3.29354  2.67741  2.69355  4.24690  2.90347  2.73739  3.18146  2.89801  2.37887  2.77519  2.98518  4.58477  3.61503
          0.02714  4.01595  4.73830  0.61958  0.77255  0.48576  0.95510
     61   2.64000  4.70473  2.97868  2.60388  4.12066  3.33737  3.77596  3.49889  2.49085  3.12455  4.01901  3.05983  3.85984  1.93658  2.83948  2.71383  1.92897  3.17641  5.39888  4.09804     61 t - - -
          2.68618  4.42225  2.77519  2.73123  3.46354  2.40513  3.72494  3.29354  2.67741  2.69355  4.24690  2.90347  2.73739  3.18146  2.89801  2.37887  2.77519  2.98518  4.58477  3.61503
          0.02714  4.01595  4.73830  0.61958  0.77255  0.48576  0.95510
     62   2.39077  4.31197  3.33669  3.16121  4.22193  3.03946  4.26606  3.76496  3.24471  3.47483  4.39023  3.36150  3.79054  3.58315  3.52487  0.89358  2.88203  3.26843  5.58331  4.30678     62 s - - -
          2.68618  4.42225  2.77519  2.73123  3.46354  2.40513  3.72494  3.29354  2.67741  2.69355  4.24690  2.90347  2.73739  3.18146  2.89801  2.37887  2.77519  2.98518  4.58477  3.61503
          0.02714  4.01595  4.73830  0.61958  0.77255  0.48576  0.95510
     63   2.93753  4.40323  4.14293  3.64529  2.75961  3.96651  3.97372  1.68183  3.48341  2.16129  3.33934  3.85003  4.32608  3.74730  3.68442  3.29605  3.17968  2.33063  4.43482  1.87450     63 i - - -
          2.68618  4.42225  2.77519  2.73123  3.46354  2.40513  3.72494  3.29354  2.67741  2.69355  4.24690  2.90347  2.73739  3.18146  2.89801  2.37887  2.77519  2.98518  4.58477  3.61503
          0.02714  4.01595  4.73830  0.61958  0.77255  0.48576  0.95510
     64   2.70703  4.73148  3.18405  2.76784  4.32266  1.83238  3.83581  3.77439  2.42853  3.34997  4.21182  3.17878  3.89835  3.02221  1.65357  2.78703  3.02644  3.39414  5.46409  4.23601     64 r - - -
          2.68618  4.42225  2.77519  2.73123  3.46354  2.40513  3.72494  3.29354  2.67741  2.69355  4.24690  2.90347  2.73739  3.18146  2.89801  2.37887  2.77519  2.98518  4.58477  3.61503
          0.02714  4.01595  4.73830  0.61958  0.77255  0.48576  0.95510
     65   2.92242  4.42761  4.32212  3.99168  3.65848  3.87022  4.76973  2.05344  3.86165  2.32189  3.60378  4.15791  4.42419  4.21203  4.06002  3.38436  3.28140  0.86162  5.46650  4.20616     65 v - - -
          2.68618  4.42225  2.77519  2.73123  3.46354  2.40513  3.72494  3.29354  2.67741  2.69355  4.24690  2.90347  2.73739  3.18146  2.89801  2.37887  2.77519  2.98518  4.58477  3.61503
          0.02714  4.01595  4.73830  0.61958  0.77255  0.48576  0.95510
     66   2.78469  4.80081  1.83912  2.55159  3.83945  3.44344  3.84588  3.15152  2.77664  1.84283  3.86552  3.06300  3.94620  3.07387  3.21657  2.85757  3.05529  2.94474  5.30454  3.94149     66 d - - -
          2.68618  4.42225  2.77519  2.73123  3.46354  2.40513  3.72494  3.29354  2.67741  2.69355  4.24690  2.90347  2.73739  3.18146  2.89801  2.37887  2.77519  2.98518  4.58477  3.61503
          0.02714  4.01595  4.73830  0.61958  0.77255  0.48576  0.95510
     67   3.44580  4.80616  4.43552  4.17911  0.80323  4.09819  3.94818  2.95390  4.08301  2.29178  3.66404  4.18330  4.55497  4.21191  4.16721  3.70709  3.74772  2.95482  4.15818  2.50864     67 f - - -
          2.68618  4.42225  2.77519  2.73123  3.46354  2.40513  3.72494  3.29354  2.67741  2.69355  4.24690  2.90347  2.73739  3.18146  2.89801  2.37887  2.77519  2.98518  4.58477  3.61503
          0.02714  4.01595  4.73830  0.61958  0.77255  0.48576  0.95510
     68   2.91049  5.39004  1.49712  2.14991  4.71017  3.22728  3.78979  4.26680  2.79962  3.78731  4.64075  1.71979  3.85094  2.96289  3.37601  2.81968  3.21271  3.83787  5.91636  4.42602     68 d - - -
          2.68618  4.42225  2.77519  2.73123  3.46354  2.40513  3.72494  3.29354  2.67741  2.69355  4.24690  2.90347  2.73739  3.18146  2.89801  2.37887  2.77519  2.98518  4.58477  3.61503
          0.29572  4.01595  1.43558  0.61958  0.77255  0.48576  0.95510
     69   2.93987  4.39687  4.16025  3.77522  3.29973  3.93217  4.52777  1.23647  3.60060  1.91528  3.25887  4.03702  4.37863  3.96368  3.81074  3.41977  3.24292  1.85640  5.16302  3.88807     69 i - - -
          2.68618  4.42225  2.77519  2.73123  3.46354  2.40513  3.72494  3.29354  2.67741  2.69355  4.24690  2.90347  2.73739  3.18146  2.89801  2.37887  2.77519  2.98518  4.58477  3.61503
          0.03536  3.75559  4.47794  0.61958  0.77255  0.37092  1.17151
     70   2.28047  4.21989  3.39536  3.07750  4.19856  3.01118  4.14901  3.54751  3.08695  3.28532  4.14338  3.28583  3.72884  3.41442  3.40514  1.54496  1.65131  3.08053  5.55867  4.32312     70 s - - -
          2.68618  4.42225  2.77519  2.73123  3.46354  2.40513  3.72494  3.29354  2.67741  2.69355  4.24690  2.90347  2.73739  3.18146  2.89801  2.37887  2.77519  2.98518  4.58477  3.61503
          0.02714  4.01595  4.73830  0.61958  0.77255  0.48576  0.95510
     71   2.85251  4.61167  3.55550  3.47416  4.60995  0.53845  4.58382  4.24627  3.67483  3.88184  4.86017  3.72008  4.00731  3.98780  3.89333  3.02886  3.34493  3.74690  5.66531  4.71736     71 G - - -
          2.68618  4.42225  2.77519  2.73123  3.46354  2.40513  3.72494  3.29354  2.67741  2.69355  4.24690  2.90347  2.73739  3.18146  2.89801  2.37887  2.77519  2.98518  4.58477  3.61503
          0.02714  4.01595  4.73830  0.61958  0.77255  0.48576  0.95510
     72   2.49550  4.34012  3.56139  3.32271  4.10138  3.17399  4.32832  3.24623  3.26851  3.10458  4.14760  3.50727  3.88985  3.65662  3.51887  2.69859  0.95000  2.92562  5.52648  4.31868     72 t - - -
          2.68618  4.42225  2.77519  2.73123  3.46354  2.40513  3.72494  3.29354  2.67741  2.69355  4.24690  2.90347  2.73739  3.18146  2.89801  2.37887  2.77519  2.98518  4.58477  3.61503
          0.02714  4.01595  4.73830  0.61958  0.77255  0.48576  0.95510
     73   2.67782  4.32138  3.82264  3.36656  1.93360  3.58978  4.03388  2.63490  3.28553  2.31492  3.43481  3.61532  4.08850  3.56923  3.54628  2.95719  1.89303  2.48023  4.74569  3.32802     73 t - - -
          2.68618  4.42225  2.77519  2.73123  3.46354  2.40513  3.72494  3.29354  2.67741  2.69355  4.24690  2.90347  2.73739  3.18146  2.89801  2.37887  2.77519  2.98518  4.58477  3.61503
          0.02714  4.01595  4.73830  0.61958  0.77255  0.48576  0.95510
     74   2.61582  4.34411  3.62683  3.21618  1.86679  3.45286  3.89244  2.96326  3.18162  2.62000  3.64317  3.47142  3.99805  3.46515  3.46892  1.80297  2.95458  2.73949  4.61011  3.09922     74 s - - -
          2.68618  4.42225  2.77519  2.73123  3.46354  2.40513  3.72494  3.29354  2.67741  2.69355  4.24690  2.90347  2.73739  3.18146  2.89801  2.37887  2.77519  2.98518  4.58477  3.61503
          0.02714  4.01595  4.73830  0.61958  0.77255  0.48576  0.95510
     75   2.61914  4.72521  2.74426  2.53391  4.31448  3.20788  3.87492  3.82947  2.73398  3.43662  4.29056  1.78590  1.96776  3.07490  3.14306  2.67942  2.97979  3.40866  5.57737  4.23619     75 n - - -
          2.68618  4.42225  2.77519  2.73123  3.46354  2.40513  3.72494  3.29354  2.67741  2.69355  4.24690  2.90347  2.73739  3.18146  2.89801  2.37887  2.77519  2.98518  4.58477  3.61503
          0.02714  4.01595  4.73830  0.61958  0.77255  0.48576  0.95510
     76   2.87809  5.29408  2.32693  1.53784  4.61244  3.27438  3.75094  4.11192  2.63716  3.64516  4.49225  1.78623  3.85715  2.91554  3.12690  2.80837  3.15925  3.71423  5.79025  4.35516     76 e - - -
          2.68618  4.42225  2.77519  2.73123  3.46354  2.40513  3.72494  3.29354  2.67741  2.69355  4.24690  2.90347  2.73739  3.18146  2.89801  2.37887  2.77519  2.98518  4.58477  3.61503
          0.02714  4.01595  4.73830  0.61958  0.77255  0.48576  0.95510
     77   3.31923  4.74013  4.41931  4.06186  3.19562  4.16312  4.67272  2.40966  3.82819  0.71679  3.17744  4.32336  4.57513  4.16207  3.97995  3.75378  3.60769  2.48386  5.12484  3.88060     77 l - - -
          2.68618  4.42225  2.77519  2.73123  3.46354  2.40513  3.72494  3.29354  2.67741  2.69355  4.24690  2.90347  2.73739  3.18146  2.89801  2.37887  2.77519  2.98518  4.58477  3.61503
          0.02714  4.01595  4.73830  0.61958  0.77255  0.48576  0.95510
     78   2.34590  4.32562  3.18608  2.91341  4.26807  3.03911  4.08193  3.72443  2.99736  3.38619  4.23063  3.20404  1.87768  3.32455  3.34642  1.55202  2.79590  3.22866  5.58968  4.32478     78 s - - -
          2.68618  4.42225  2.77519  2.73123  3.46354  2.40513  3.72494  3.29354  2.67741  2.69355  4.24690  2.90347  2.73739  3.18146  2.89801  2.37887  2.77519  2.98518  4.58477  3.61503
          0.02714  4.01595  4.73830  0.61958  0.77255  0.48576  0.95510
     79   2.27906  4.24860  3.22803  3.02093  4.39840  1.63741  4.20276  3.87185  3.18207  3.53582  4.35884  3.24482  3.71037  3.46336  3.51516  1.47079  2.76801  3.29045  5.71309  4.47582     79 s - - -
          2.68618  4.42225  2.77519  2.73123  3.46354  2.40513  3.72494  3.29354  2.67741  2.69355  4.24690  2.90347  2.73739  3.18146  2.89801  2.37887  2.77519  2.98518  4.58477  3.61503
          0.02714  4.01595  4.73830  0.61958  0.77255  0.48576  0.95510
     80   3.09570  4.56601  4.14531  3.67555  2.51927  4.03836  3.83490  2.71283  3.48150  1.47239  3.39247  3.85543  4.38765  3.74890  3.67612  3.38011  3.33213  2.65986  4.20872  1.68050     80 l - - -
          2.68618  4.42225  2.77519  2.73123  3.46354  2.40513  3.72494  3.29354  2.67741  2.69355  4.24690  2.90347  2.73739  3.18146  2.89801  2.37887  2.77519  2.98518  4.58477  3.61503
          0.02714  4.01595  4.73830  0.61958  0.77255  0.48576  0.95510
     81   3.25395  4.64162  4.64852  4.10259  3.06907  4.41607  4.70670  2.22460  3.90576  1.08422  1.82128  4.38877  4.64746  4.11209  4.06580  3.76921  3.48388  2.34202  5.11290  3.99572     81 l - - -
          2.68618  4.42225  2.77519  2.73123  3.46354  2.40513  3.72494  3.29354  2.67741  2.69355  4.24690  2.90347  2.73739  3.18146  2.89801  2.37887  2.77519  2.98518  4.58477  3.61503
          0.02714  4.01595  4.73830  0.61958  0.77255  0.48576  0.95510
     82   2.39077  4.31197  3.33669  3.16121  4.22193  3.03946  4.26606  3.76496  3.24471  3.47483  4.39023  3.36150  3.79054  3.58315  3.52487  0.89358  2.88203  3.26843  5.58331  4.30678     82 s - - -
          2.68618  4.42225  2.77519  2.73123  3.46354  2.40513  3.72494  3.29354  2.67741  2.69355  4.24690  2.90347  2.73739  3.18146  2.89801  2.37887  2.77519  2.98518  4.58477  3.61503
          0.02714  4.01595  4.73830  0.61958  0.77255  0.48576  0.95510
     83   2.92878  5.01171  3.27840  2.72450  4.08920  3.58796  2.08237  3.77328  2.09132  3.27430  4.15440  3.15731  3.99209  2.82695  1.63391  2.94948  3.13349  3.46550  5.25251  3.92479     83 r - - -
          2.68618  4.42225  2.77519  2.73123  3.46354  2.40513  3.72494  3.29354  2.67741  2.69355  4.24690  2.90347  2.73739  3.18146  2.89801  2.37887  2.77519  2.98518  4.58477  3.61503
          0.02714  4.01595  4.73830  0.61958  0.77255  0.48576  0.95510
     84   1.75107  4.58285  3.05137  2.69471  3.83585  3.31190  2.11180  3.42882  2.64936  3.07513  3.96786  3.11944  3.86073  3.06651  3.00266  2.70179  2.92092  3.10420  5.21601  3.84760     84 a - - -
          2.68618  4.42225  2.77519  2.73123  3.46354  2.40513  3.72494  3.29354  2.67741  2.69355  4.24690  2.90347  2.73739  3.18146  2.89801  2.37887  2.77519  2.98518  4.58477  3.61503
          0.02714  4.01595  4.73830  0.61958  0.77255  0.48576  0.95510
     85   2.41204  4.22003  3.62307  3.23302  3.79859  3.22662  4.16854  2.83489  3.17759  2.80874  3.78711  3.44482  3.87362  3.50357  3.46862  1.69732  2.82016  1.66427  5.29482  4.04279     85 v - - -
          2.68618  4.42225  2.77519  2.73123  3.46354  2.40513  3.72494  3.29354  2.67741  2.69355  4.24690  2.90347  2.73739  3.18146  2.89801  2.37887  2.77519  2.98518  4.58477  3.61503
          0.02714  4.01595  4.73830  0.61958  0.77255  0.48576  0.95510
     86   2.92878  5.01171  3.27840  2.72450  4.08920  3.58796  2.08237  3.77328  2.09132  3.27430  4.15440  3.15731  3.99209  2.82695  1.63391  2.94948  3.13349  3.46550  5.25251  3.92479     86 r - - -
          2.68618  4.42225  2.77519  2.73123  3.46354  2.40513  3.72494  3.29354  2.67741  2.69355  4.24690  2.90347  2.73739  3.18146  2.89801  2.37887  2.77519  2.98518  4.58477  3.61503
          0.02714  4.01595  4.73830  0.61958  0.77255  0.48576  0.95510
     87   3.57305  4.85716  4.50626  4.15120  1.95770  4.30652  3.45755  3.41499  3.92818  2.78029  3.99025  3.99167  4.63147  4.01507  4.00931  3.67926  3.79431  3.29863  1.75451  1.21717     87 y - - -
          2.68618  4.42225  2.77519  2.73123  3.46354  2.40513  3.72494  3.29354  2.67741  2.69355  4.24690  2.90347  2.73739  3.18146  2.89801  2.37887  2.77519  2.98518  4.58477  3.61503
          0.02714  4.01595  4.73830  0.61958  0.77255  0.48576  0.95510
     88   3.17297  4.99815  3.67881  3.16249  4.38934  3.63083  3.93682  3.94268  2.30708  3.43263  4.43082  3.51035  4.12801  3.15155  0.77993  3.25129  3.43016  3.66087  5.41519  4.28740     88 r - - -
          2.68618  4.42225  2.77519  2.73123  3.46354  2.40513  3.72494  3.29354  2.67741  2.69355  4.24690  2.90347  2.73739  3.18146  2.89801  2.37887  2.77519  2.98518  4.58477  3.61503
          0.02714  4.01595  4.73830  0.61958  0.77255  0.48576  0.95510
     89   2.92242  4.42761  4.32212  3.99168  3.65848  3.87022  4.76973  2.05344  3.86165  2.32189  3.60378  4.15791  4.42419  4.21203  4.06002  3.38436  3.28140  0.86162  5.46650  4.20616     89 v - - -
          2.68618  4.42225  2.77519  2.73123  3.46354  2.40513  3.72494  3.29354  2.67741  2.69355  4.24690  2.90347  2.73739  3.18146  2.89801  2.37887  2.77519  2.98518  4.58477  3.61503
          0.02714  4.01595  4.73830  0.61958  0.77255  0.48576  0.95510
     90   2.87164  4.67587  3.59938  3.00637  3.65609  3.67907  3.83427  3.01380  2.41115  1.73249  3.64235  3.38807  4.07693  3.08081  1.78095  3.02874  3.10096  2.86907  5.10828  3.84427     90 l - - -
          2.68618  4.42225  2.77519  2.73123  3.46354  2.40513  3.72494  3.29354  2.67741  2.69355  4.24690  2.90347  2.73739  3.18146  2.89801  2.37887  2.77519  2.98518  4.58477  3.61503
          0.02714  4.01595  4.73830  0.61958  0.77255  0.48576  0.95510
     91   2.39077  4.31197  3.33669  3.16121  4.22193  3.03946  4.26606  3.76496  3.24471  3.47483  4.39023  3.36150  3.79054  3.58315  3.52487  0.89358  2.88203  3.26843  5.58331  4.30678     91 s - - -
          2.68618  4.42225  2.77519  2.73123  3.46354  2.40513  3.72494  3.29354  2.67741  2.69355  4.24690  2.90347  2.73739  3.18146  2.89801  2.37887  2.77519  2.98518  4.58477  3.61503
          0.02714  4.01595  4.73830  0.61958  0.77255  0.48576  0.95510
     92   3.25395  4.64162  4.64852  4.10259  3.06907  4.41607  4.70670  2.22460  3.90576  1.08422  1.82128  4.38877  4.64746  4.11209  4.06580  3.76921  3.48388  2.34202  5.11290  3.99572     92 l - - -
          2.68618  4.42225  2.77519  2.73123  3.46354  2.40513  3.72494  3.29354  2.67741  2.69355  4.24690  2.90347  2.73739  3.18146  2.89801  2.37887  2.77519  2.98518  4.58477  3.61503
          0.29572  4.01595  1.43558  0.61958  0.77255  0.48576  0.95510
     93   2.53139  4.31352  3.18060  3.06764  4.20288  0.93491  4.19123  3.77747  3.23234  3.44574  4.42392  3.34600  3.70089  3.56662  3.47748  2.70073  3.00373  3.32894  5.32516  4.30225     93 g - - -
          2.68618  4.42225  2.77519  2.73123  3.46354  2.40513  3.72494  3.29354  2.67741  2.69355  4.24690  2.90347  2.73739  3.18146  2.89801  2.37887  2.77519  2.98518  4.58477  3.61503
          0.03536  3.75559  4.47794  0.61958  0.77255  0.70217  0.68421
     94   1.19697  4.14105  3.34898  3.13959  3.94029  2.96765  4.17474  3.04908  3.15284  2.93530  3.98404  3.31719  3.69622  3.50602  3.40889  2.49436  2.76380  2.72428  5.37952  4.16748     94 a - - -
          2.68618  4.42225  2.77519  2.73123  3.46354  2.40513  3.72494  3.29354  2.67741  2.69355  4.24690  2.90347  2.73739  3.18146  2.89801  2.37887  2.77519  2.98518  4.58477  3.61503
          0.03536  3.75559  4.47794  0.61958  0.77255  0.37092  1.17151
     95   3.17297  4.99815  3.67881  3.16249  4.38934  3.63083  3.93682  3.94268  2.30708  3.43263  4.43082  3.51035  4.12801  3.15155  0.77993  3.25129  3.43016  3.66087  5.41519  4.28740     95 r - - -
          2.68618  4.42225  2.77519  2.73123  3.46354  2.40513  3.72494  3.29354  2.67741  2.69355  4.24690  2.90347  2.73739  3.18146  2.89801  2.37887  2.77519  2.98518  4.58477  3.61503
          0.02714  4.01595  4.73830  0.61958  0.77255  0.48576  0.95510
     96   3.10078  4.41688  4.80506  4.31154  3.57131  4.44505  5.02737  1.27612  4.19856  2.07221  3.37706  4.52958  4.76022  4.46406  4.39697  3.83510  3.36832  1.18920  5.54105  4.33546     96 v - - -
          2.68618  4.42225  2.77519  2.73123  3.46354  2.40513  3.72494  3.29354  2.67741  2.69355  4.24690  2.90347  2.73739  3.18146  2.89801  2.37887  2.77519  2.98518  4.58477  3.61503
          0.02714  4.01595  4.73830  0.61958  0.77255  0.48576  0.95510
     97   2.92242  4.42761  4.32212  3.99168  3.65848  3.87022  4.76973  2.05344  3.86165  2.32189  3.60378  4.15791  4.42419  4.21203  4.06002  3.38436  3.28140  0.86162  5.46650  4.20616     97 v - - -
          2.68618  4.42225  2.77519  2.73123  3.46354  2.40513  3.72494  3.29354  2.67741  2.69355  4.24690  2.90347  2.73739  3.18146  2.89801  2.37887  2.77519  2.98518  4.58477  3.61503
          0.02714  4.01595  4.73830  0.61958  0.77255  0.48576  0.95510
     98   2.75375  4.43941  3.66788  3.25683  1.78563  3.57635  3.93875  2.91607  3.21547  2.47828  3.58631  3.54655  1.99336  3.50779  3.49981  2.97721  3.06542  2.75167  4.63518  3.14345     98 f - - -
          2.68618  4.42225  2.77519  2.73123  3.46354  2.40513  3.72494  3.29354  2.67741  2.69355  4.24690  2.90347  2.73739  3.18146  2.89801  2.37887  2.77519  2.98518  4.58477  3.61503
          0.29572  4.01595  1.43558  0.61958  0.77255  0.48576  0.95510
     99   3.08582  4.62223  3.66834  3.37961  2.31332  3.69592  3.57642  3.11195  3.24044  2.59523  3.80058  3.58475  4.17454  3.57481  3.44662  3.23293  3.37312  2.97757  3.95125  1.18533     99 y - - -
          2.68618  4.42225  2.77519  2.73123  3.46354  2.40513  3.72494  3.29354  2.67741  2.69355  4.24690  2.90347  2.73739  3.18146  2.89801  2.37887  2.77519  2.98518  4.58477  3.61503
          0.03536  3.75559  4.47794  0.61958  0.77255  0.70217  0.68421
    100   2.87014  4.96799  1.10187  2.27718  4.33109  3.12752  3.83871  3.89404  2.90252  3.52551  4.50526  2.82574  3.77267  3.08089  3.39909  2.84897  3.20783  3.54729  5.52227  4.22885    100 d - - -
          2.68618  4.42225  2.77519  2.73123  3.46354  2.40513  3.72494  3.29354  2.67741  2.69355  4.24690  2.90347  2.73739  3.18146  2.89801  2.37887  2.77519  2.98518  4.58477  3.61503
          0.03536  3.75559  4.47794  0.61958  0.77255  0.37092  1.17151
    101   2.38042  4.31843  3.30594  2.97675  4.13627  3.10442  4.07728  3.45092  2.97578  3.18108  4.07656  3.26078  1.91330  3.33034  3.30722  2.54368  1.68753  3.05078  5.49446  4.25501    101 t - - -
          2.68618  4.42225  2.77519  2.73123  3.46354  2.40513  3.72494  3.29354  2.67741  2.69355  4.24690  2.90347  2.73739  3.18146  2.89801  2.37887  2.77519  2.98518  4.58477  3.61503
          0.02714  4.01595  4.73830  0.61958  0.77255  0.48576  0.95510
    102   2.51563  4.60498  2.78347  2.57404  4.31762  3.13588  3.90536  3.83781  2.78772  3.45493  4.29183  1.81505  3.78284  3.10948  3.19758  1.67104  2.90736  3.37519  5.60461  4.25450    102 s - - -
          2.68618  4.42225  2.77519  2.73123  3.46354  2.40513  3.72494  3.29354  2.67741  2.69355  4.24690  2.90347  2.73739  3.18146  2.89801  2.37887  2.77519  2.98518  4.58477  3.61503
          0.02714  4.01595  4.73830  0.61958  0.77255  0.48576  0.95510
    103   2.31200  1.92885  3.97290  3.56667  3.84142  3.12167  4.32669  2.91348  3.42589  2.85253  3.81706  3.57758  3.82840  3.72530  3.64080  2.56521  1.65169  2.60480  5.33335  4.14147    103 t - - -
          2.68618  4.42225  2.77519  2.73123  3.46354  2.40513  3.72494  3.29354  2.67741  2.69355  4.24690  2.90347  2.73739  3.18146  2.89801  2.37887  2.77519  2.98518  4.58477  3.61503
          0.02714  4.01595  4.73830  0.61958  0.77255  0.48576  0.95510
    104   3.31923  4.74013  4.41931  4.06186  3.19562  4.16312  4.67272  2.40966  3.82819  0.71679  3.17744  4.32336  4.57513  4.16207  3.97995  3.75378  3.60769  2.48386  5.12484  3.88060    104 l - - -
          2.68618  4.42225  2.77519  2.73123  3.46354  2.40513  3.72494  3.29354  2.67741  2.69355  4.24690  2.90347  2.73739  3.18146  2.89801  2.37887  2.77519  2.98518  4.58477  3.61503
          0.02714  4.01595  4.73830  0.61958  0.77255  0.48576  0.95510
    105   2.83114  5.10735  1.47985  2.29437  4.66134  1.74935  3.88302  4.18095  2.89984  3.74069  4.59900  2.84274  3.85495  3.07184  3.44279  2.80311  3.17316  3.73674  5.85443  4.46393    105 d - - -
          2.68618  4.42225  2.77519  2.73123  3.46354  2.40513  3.72494  3.29354  2.67741  2.69355  4.24690  2.90347  2.73739  3.18146  2.89801  2.37887  2.77519  2.98518  4.58477  3.61503
          0.02714  4.01595  4.73830  0.61958  0.77255  0.48576  0.95510
    106   1.75502  4.35119  3.80170  3.36351  3.50355  3.56904  4.23192  2.48895  3.24337  1.56957  3.44456  3.63890  4.10031  3.58994  3.51441  2.95912  3.00587  2.34759  5.17102  3.93595    106 l - - -
          2.68618  4.42225  2.77519  2.73123  3.46354  2.40513  3.72494  3.29354  2.67741  2.69355  4.24690  2.90347  2.73739  3.18146  2.89801  2.37887  2.77519  2.98518  4.58477  3.61503
          0.02714  4.01595  4.73830  0.61958  0.77255  0.48576  0.95510
    107   2.85123  5.02986  2.88629  2.51805  3.98582  3.46936  2.13199  3.77466  2.29514  3.28760  4.16421  3.01051  3.92661  1.89429  2.61633  2.85005  3.08372  3.45210  5.25920  3.84371    107 q - - -
          2.68618  4.42225  2.77519  2.73123  3.46354  2.40513  3.72494  3.29354  2.67741  2.69355  4.24690  2.90347  2.73739  3.18146  2.89801  2.37887  2.77519  2.98518  4.58477  3.61503
          0.02714  4.01595  4.73830  0.61958  0.77255  0.48576  0.95510
    108   2.39077  4.31197  3.33669  3.16121  4.22193  3.03946  4.26606  3.76496  3.24471  3.47483  4.39023  3.36150  3.79054  3.58315  3.52487  0.89358  2.88203  3.26843  5.58331  4.30678    108 s - - -
          2.68618  4.42225  2.77519  2.73123  3.46354  2.40513  3.72494  3.29354  2.67741  2.69355  4.24690  2.90347  2.73739  3.18146  2.89801  2.37887  2.77519  2.98518  4.58477  3.61503
          0.02714  4.01595  4.73830  0.61958  0.77255  0.48576  0.95510
    109   2.69973  4.55746  3.28439  2.84307  3.71478  3.51399  3.88218  2.87966  2.67055  2.63851  3.67840  3.26599  3.98196  2.02561  2.99268  2.86028  2.97596  1.85316  5.18610  3.89851    109 v - - -
          2.68618  4.42225  2.77519  2.73123  3.46354  2.40513  3.72494  3.29354  2.67741  2.69355  4.24690  2.90347  2.73739  3.18146  2.89801  2.37887  2.77519  2.98518  4.58477  3.61503
          0.02714  4.01595  4.73830  0.61958  0.77255  0.48576  0.95510
    110   2.87810  5.21324  2.66676  1.67784  4.56508  3.40995  3.66895  3.98556  1.62911  3.49148  4.32929  2.90606  3.89558  2.81081  2.63074  2.83366  3.11093  3.61938  5.61376  4.28467    110 k - - -
          2.68618  4.42225  2.77519  2.73123  3.46354  2.40513  3.72494  3.29354  2.67741  2.69355  4.24690  2.90347  2.73739  3.18146  2.89801  2.37887  2.77519  2.98518  4.58477  3.61503
          0.02714  4.01595  4.73830  0.61958  0.77255  0.48576  0.95510
    111   2.98079  4.41606  4.43488  3.91011  3.30794  4.12792  4.58853  2.05617  3.75883  1.84748  1.96218  4.15905  4.48251  4.02079  3.96155  3.48299  3.24553  1.44500  5.18607  4.01451    111 v - - -
          2.68618  4.42225  2.77519  2.73123  3.46354  2.40513  3.72494  3.29354  2.67741  2.69355  4.24690  2.90347  2.73739  3.18146  2.89801  2.37887  2.77519  2.98518  4.58477  3.61503
          0.02714  4.01595  4.73830  0.61958  0.77255  0.48576  0.95510
    112   3.30801  4.65701  4.68535  4.19882  1.69397  4.39672  4.29725  2.38189  4.05191  1.15657  3.02839  4.33830  4.65071  4.15782  4.16499  3.76241  3.53886  2.48360  4.54506  3.05512    112 l - - -
          2.68618  4.42225  2.77519  2.73123  3.46354  2.40513  3.72494  3.29354  2.67741  2.69355  4.24690  2.90347  2.73739  3.18146  2.89801  2.37887  2.77519  2.98518  4.58477  3.61503
          0.02714  4.01595  4.73830  0.61958  0.77255  0.48576  0.95510
    113   0.82523  4.26901  3.61304  3.41339  4.19984  3.08923  4.41782  3.34718  3.43345  3.22196  4.23978  3.52520  3.84224  3.76185  3.67266  2.61896  2.90637  2.97664  5.61262  4.42950    113 a - - -
          2.68618  4.42225  2.77519  2.73123  3.46354  2.40513  3.72494  3.29354  2.67741  2.69355  4.24690  2.90347  2.73739  3.18146  2.89801  2.37887  2.77519  2.98518  4.58477  3.61503
          0.29572  4.01595  1.43558  0.61958  0.77255  0.48576  0.95510
    114   2.85888  4.93406  2.45186  1.20507  4.26689  3.20360  3.78605  3.69754  2.65222  3.33576  4.31954  2.87932  3.80399  3.00720  3.04529  2.85629  3.16381  3.39527  5.46113  4.18823    114 e - - -
          2.68618  4.42225  2.77519  2.73123  3.46354  2.40513  3.72494  3.29354  2.67741  2.69355  4.24690  2.90347  2.73739  3.18146  2.89801  2.37887  2.77519  2.98518  4.58477  3.61503
          0.03536  3.75559  4.47794  0.61958  0.77255  0.70217  0.68421
    115   2.26471  4.18120  3.11132  2.92580  3.96111  2.91354  4.03688  3.46973  2.99129  3.20076  4.13993  3.16691  3.64355  3.35100  3.27814  1.28251  2.73681  3.03093  5.34409  4.04493    115 s - - -
          2.68618  4.42225  2.77519  2.73123  3.46354  2.40513  3.72494  3.29354  2.67741  2.69355  4.24690  2.90347  2.73739  3.18146  2.89801  2.37887  2.77519  2.98518  4.58477  3.61503
          0.03536  3.75559  4.47794  0.61958  0.77255  0.37092  1.17151
    116   3.09000  4.48038  4.58490  4.08043  3.31695  4.28378  4.74797  1.97377  3.92127  1.32184  3.17070  4.32644  4.61265  4.18179  4.11284  3.66009  3.35430  1.37668  5.26893  4.07607    116 l - - -
          2.68618  4.42225  2.77519  2.73123  3.46354  2.40513  3.72494  3.29354  2.67741  2.69355  4.24690  2.90347  2.73739  3.18146  2.89801  2.37887  2.77519  2.98518  4.58477  3.61503
          0.02714  4.01595  4.73830  0.61958  0.77255  0.48576  0.95510
    117   3.46003  4.89069  4.05266  3.81078  2.31164  3.99931  3.69422  3.44984  3.66427  2.86625  4.11035  3.90406  4.47068  3.93555  3.81775  3.58169  3.74789  3.32743  3.96026  0.75691    117 y - - -
          2.68618  4.42225  2.77519  2.73123  3.46354  2.40513  3.72494  3.29354  2.67741  2.69355  4.24690  2.90347  2.73739  3.18146  2.89801  2.37887  2.77519  2.98518  4.58477  3.61503
          0.02714  4.01595  4.73830  0.61958  0.77255  0.48576  0.95510
    118   1.72744  4.87165  1.66548  2.36915  4.42283  3.20924  3.84345  3.78780  2.79496  3.46150  4.32448  2.88727  3.82081  3.02673  3.29514  2.69723  3.01584  3.39764  5.69520  4.31524    118 d - - -
          2.68618  4.42225  2.77519  2.73123  3.46354  2.40513  3.72494  3.29354  2.67741  2.69355  4.24690  2.90347  2.73739  3.18146  2.89801  2.37887  2.77519  2.98518  4.58477  3.61503
          0.29572  4.01595  1.43558  0.61958  0.77255  0.48576  0.95510
    119   2.88004  4.71939  3.35942  2.90094  4.04428  3.38506  3.75199  3.58129  2.20906  3.11896  4.12635  3.26762  3.89706  2.98180  1.17412  2.97224  3.15647  3.31134  5.17735  4.00111    119 r - - -
          2.68618  4.42225  2.77519  2.73123  3.46354  2.40513  3.72494  3.29354  2.67741  2.69355  4.24690  2.90347  2.73739  3.18146  2.89801  2.37887  2.77519  2.98518  4.58477  3.61503
          0.03536  3.75559  4.47794  0.61958  0.77255  0.37092  1.17151
    120   2.34590  4.32562  3.18608  2.91341  4.26807  3.03911  4.08193  3.72443  2.99736  3.38619  4.23063  3.20404  1.87768  3.32455  3.34642  1.55202  2.79590  3.22866  5.58968  4.32478    120 s - - -
          2.68618  4.42225  2.77519  2.73123  3.46354  2.40513  3.72494  3.29354  2.67741  2.69355  4.24690  2.90347  2.73739  3.18146  2.89801  2.37887  2.77519  2.98518  4.58477  3.61503
          0.02714  4.01595  4.73830  0.61958  0.77255  0.48576  0.95510
    121   2.34590  4.32562  3.18608  2.91341  4.26807  3.03911  4.08193  3.72443  2.99736  3.38619  4.23063  3.20404  1.87768  3.32455  3.34642  1.55202  2.79590  3.22866  5.58968  4.32478    121 s - - -
          2.68618  4.42225  2.77519  2.73123  3.46354  2.40513  3.72494  3.29354  2.67741  2.69355  4.24690  2.90347  2.73739  3.18146  2.89801  2.37887  2.77519  2.98518  4.58477  3.61503
          0.02714  4.01595  4.73830  0.61958  0.77255  0.48576  0.95510
    122   0.82523  4.26901  3.61304  3.41339  4.19984  3.08923  4.41782  3.34718  3.43345  3.22196  4.23978  3.52520  3.84224  3.76185  3.67266  2.61896  2.90637  2.97664  5.61262  4.42950    122 a - - -
          2.68618  4.42225  2.77519  2.73123  3.46354  2.40513  3.72494  3.29354  2.67741  2.69355  4.24690  2.90347  2.73739  3.18146  2.89801  2.37887  2.77519  2.98518  4.58477  3.61503
          0.02714  4.01595  4.73830  0.61958  0.77255  0.48576  0.95510
    123   2.49550  4.34012  3.56139  3.32271  4.10138  3.17399  4.32832  3.24623  3.26851  3.10458  4.14760  3.50727  3.88985  3.65662  3.51887  2.69859  0.95000  2.92562  5.52648  4.31868    123 t - - -
          2.68618  4.42225  2.77519  2.73123  3.46354  2.40513  3.72494  3.29354  2.67741  2.69355  4.24690  2.90347  2.73739  3.18146  2.89801  2.37887  2.77519  2.98518  4.58477  3.61503
          0.02714  4.01595  4.73830  0.61958  0.77255  0.48576  0.95510
    124   2.81132  5.09213  1.55659  2.30531  4.54440  3.24921  3.83282  4.04222  2.79305  3.61122  4.46815  2.85309  1.93946  3.01247  3.31263  2.78624  3.12780  3.63483  5.75162  4.36482    124 d - - -
          2.68618  4.42225  2.77519  2.73123  3.46354  2.40513  3.72494  3.29354  2.67741  2.69355  4.24690  2.90347  2.73739  3.18146  2.89801  2.37887  2.77519  2.98518  4.58477  3.61503
          0.02714  4.01595  4.73830  0.61958  0.77255  0.48576  0.95510
    125   2.67782  4.32138  3.82264  3.36656  1.93360  3.58978  4.03388  2.63490  3.28553  2.31492  3.43481  3.61532  4.08850  3.56923  3.54628  2.95719  1.89303  2.48023  4.74569  3.32802    125 t - - -
          2.68618  4.42225  2.77519  2.73123  3.46354  2.40513  3.72494  3.29354  2.67741  2.69355  4.24690  2.90347  2.73739  3.18146  2.89801  2.37887  2.77519  2.98518  4.58477  3.61503
          0.02714  4.01595  4.73830  0.61958  0.77255  0.48576  0.95510
    126   2.68122  4.47533  3.29066  2.90209  3.62164  3.51529  3.94448  1.85417  2.86135  2.64949  3.66579  2.06628  4.00232  3.24261  3.20023  2.87830  2.96937  2.50557  5.12757  3.80581    126 i - - -
          2.68618  4.42225  2.77519  2.73123  3.46354  2.40513  3.72494  3.29354  2.67741  2.69355  4.24690  2.90347  2.73739  3.18146  2.89801  2.37887  2.77519  2.98518  4.58477  3.61503
          0.02714  4.01595  4.73830  0.61958  0.77255  0.48576  0.95510
    127   2.95210  4.68342  3.57513  3.43635  4.41590  3.36290  4.50040  4.00023  3.50632  3.61070  4.66800  3.72767  0.59936  3.89072  3.73394  3.12452  3.40536  3.62890  5.56117  4.53916    127 P - - -
          2.68618  4.42225  2.77519  2.73123  3.46354  2.40513  3.72494  3.29354  2.67741  2.69355  4.24690  2.90347  2.73739  3.18146  2.89801  2.37887  2.77519  2.98518  4.58477  3.61503
          0.02714  4.01595  4.73830  0.61958  0.77255  0.48576  0.95510
    128   2.39077  4.31197  3.33669  3.16121  4.22193  3.03946  4.26606  3.76496  3.24471  3.47483  4.39023  3.36150  3.79054  3.58315  3.52487  0.89358  2.88203  3.26843  5.58331  4.30678    128 s - - -
          2.68618  4.42225  2.77519  2.73123  3.46354  2.40513  3.72494  3.29354  2.67741  2.69355  4.24690  2.90347  2.73739  3.18146  2.89801  2.37887  2.77519  2.98518  4.58477  3.61503
          0.02714  4.01595  4.73830  0.61958  0.77255  0.48576  0.95510
    129   2.55883  4.28314  3.63738  3.20201  3.58593  3.44096  4.10338  1.76275  3.11866  2.55407  3.58526  3.48944  3.99001  3.45997  3.41206  1.85517  2.89866  2.38131  5.13026  3.86468    129 i - - -
          2.68618  4.42225  2.77519  2.73123  3.46354  2.40513  3.72494  3.29354  2.67741  2.69355  4.24690  2.90347  2.73739  3.18146  2.89801  2.37887  2.77519  2.98518  4.58477  3.61503
          0.02714  4.01595  4.73830  0.61958  0.77255  0.48576  0.95510
    130   3.17274  4.73041  3.87045  3.46332  1.47951  3.95613  1.87518  3.25144  3.34567  2.70233  3.83296  3.66148  4.34451  3.60946  3.58808  3.30616  3.41525  3.10027  3.92537  2.23901    130 f - - -
          2.68618  4.42225  2.77519  2.73123  3.46354  2.40513  3.72494  3.29354  2.67741  2.69355  4.24690  2.90347  2.73739  3.18146  2.89801  2.37887  2.77519  2.98518  4.58477  3.61503
          0.02714  4.01595  4.73830  0.61958  0.77255  0.48576  0.95510
    131   3.62174  4.86535  4.60914  4.29121  1.24149  4.37700  3.47565  3.30812  4.13894  2.64196  3.90679  4.06211  4.68729  4.11487  4.17819  3.74518  3.84434  3.23373  3.61853  1.21654    131 y - - -
          2.68618  4.42225  2.77519  2.73123  3.46354  2.40513  3.72494  3.29354  2.67741  2.69355  4.24690  2.90347  2.73739  3.18146  2.89801  2.37887  2.77519  2.98518  4.58477  3.61503
          0.29572  4.01595  1.43558  0.61958  0.77255  0.48576  0.95510
    132   2.63264  4.61832  2.65666  2.53244  3.96396  3.11011  3.83799  3.65300  2.73406  3.31474  4.27398  1.38394  3.75825  3.11411  3.08161  2.70663  3.01282  3.28718  5.28415  3.92341    132 n - - -
          2.68618  4.42225  2.77519  2.73123  3.46354  2.40513  3.72494  3.29354  2.67741  2.69355  4.24690  2.90347  2.73739  3.18146  2.89801  2.37887  2.77519  2.98518  4.58477  3.61503
          0.03536  3.75559  4.47794  0.61958  0.77255  0.70217  0.68421
    133   1.19697  4.14105  3.34898  3.13959  3.94029  2.96765  4.17474  3.04908  3.15284  2.93530  3.98404  3.31719  3.69622  3.50602  3.40889  2.49436  2.76380  2.72428  5.37952  4.16748    133 a - - -
          2.68618  4.42225  2.77519  2.73123  3.46354  2.40513  3.72494  3.29354  2.67741  2.69355  4.24690  2.90347  2.73739  3.18146  2.89801  2.37887  2.77519  2.98518  4.58477  3.61503
          0.03536  3.75559  4.47794  0.61958  0.77255  0.37092  1.17151
    134   3.31923  4.74013  4.41931  4.06186  3.19562  4.16312  4.67272  2.40966  3.82819  0.71679  3.17744  4.32336  4.57513  4.16207  3.97995  3.75378  3.60769  2.48386  5.12484  3.88060    134 l - - -
          2.68618  4.42225  2.77519  2.73123  3.46354  2.40513  3.72494  3.29354  2.67741  2.69355  4.24690  2.90347  2.73739  3.18146  2.89801  2.37887  2.77519  2.98518  4.58477  3.61503
          0.02714  4.01595  4.73830  0.61958  0.77255  0.48576  0.95510
    135   2.64000  4.70473  2.97868  2.60388  4.12066  3.33737  3.77596  3.49889  2.49085  3.12455  4.01901  3.05983  3.85984  1.93658  2.83948  2.71383  1.92897  3.17641  5.39888  4.09804    135 t - - -
          2.68618  4.42225  2.77519  2.73123  3.46354  2.40513  3.72494  3.29354  2.67741  2.69355  4.24690  2.90347  2.73739  3.18146  2.89801  2.37887  2.77519  2.98518  4.58477  3.61503
          0.02714  4.01595  4.73830  0.61958  0.77255  0.48576  0.95510
    136   2.63190  4.68534  3.18283  2.71607  4.22265  3.33730  3.76701  3.66619  2.35471  3.25351  4.10746  3.12563  3.86404  2.94544  1.77428  1.80112  2.94429  3.29402  5.41201  4.13936    136 r - - -
          2.68618  4.42225  2.77519  2.73123  3.46354  2.40513  3.72494  3.29354  2.67741  2.69355  4.24690  2.90347  2.73739  3.18146  2.89801  2.37887  2.77519  2.98518  4.58477  3.61503
          0.02714  4.01595  4.73830  0.61958  0.77255  0.48576  0.95510
    137   2.58236  4.67324  2.70222  2.55417  4.43134  1.75330  3.95125  3.95640  2.86958  3.56229  4.40746  1.71783  3.80650  3.16120  3.29030  2.65340  2.98131  3.47923  5.68645  4.35476    137 n - - -
          2.68618  4.42225  2.77519  2.73123  3.46354  2.40513  3.72494  3.29354  2.67741  2.69355  4.24690  2.90347  2.73739  3.18146  2.89801  2.37887  2.77519  2.98518  4.58477  3.61503
          0.02714  4.01595  4.73830  0.61958  0.77255  0.48576  0.95510
    138   2.85251  4.61167  3.55550  3.47416  4.60995  0.53845  4.58382  4.24627  3.67483  3.88184  4.86017  3.72008  4.00731  3.98780  3.89333  3.02886  3.34493  3.74690  5.66531  4.71736    138 G - - -
          2.68618  4.42225  2.77519  2.73123  3.46354  2.40513  3.72494  3.29354  2.67741  2.69355  4.24690  2.90347  2.73739  3.18146  2.89801  2.37887  2.77519  2.98518  4.58477  3.61503
          0.02714  4.01595  4.73830  0.61958  0.77255  0.48576  0.95510
    139   2.62960  2.08308  4.36258  3.89809  3.57498  3.61327  4.52653  2.15046  3.74768  2.38569  3.51141  3.95428  4.18885  4.01597  3.92665  3.03182  2.99475  1.38883  5.25117  4.03509    139 v - - -
          2.68618  4.42225  2.77519  2.73123  3.46354  2.40513  3.72494  3.29354  2.67741  2.69355  4.24690  2.90347  2.73739  3.18146  2.89801  2.37887  2.77519  2.98518  4.58477  3.61503
          0.02714  4.01595  4.73830  0.61958  0.77255  0.48576  0.95510
    140   1.74241  4.59983  3.28131  2.79780  4.14138  3.33828  3.81546  3.48383  2.42657  3.13471  4.02235  3.18373  3.87346  3.00861  1.78530  2.71628  2.92967  3.14741  5.38133  4.13374    140 a - - -
          2.68618  4.42225  2.77519  2.73123  3.46354  2.40513  3.72494  3.29354  2.67741  2.69355  4.24690  2.90347  2.73739  3.18146  2.89801  2.37887  2.77519  2.98518  4.58477  3.61503
          0.02714  4.01595  4.73830  0.61958  0.77255  0.48576  0.95510
    141   2.73552  4.60035  3.35697  2.85544  3.86030  3.54972  3.84574  2.88742  1.77346  2.78000  3.76742  3.27190  3.99562  3.06746  2.79440  2.88939  2.99589  1.84823  5.24602  3.98815    141 k - - -
          2.68618  4.42225  2.77519  2.73123  3.46354  2.40513  3.72494  3.29354  2.67741  2.69355  4.24690  2.90347  2.73739  3.18146  2.89801  2.37887  2.77519  2.98518  4.58477  3.61503
          0.02714  4.01595  4.73830  0.61958  0.77255  0.48576  0.95510
    142   3.09000  4.48038  4.58490  4.08043  3.31695  4.28378  4.74797  1.97377  3.92127  1.32184  3.17070  4.32644  4.61265  4.18179  4.11284  3.66009  3.35430  1.37668  5.26893  4.07607    142 l - - -
          2.68618  4.42225  2.77519  2.73123  3.46354  2.40513  3.72494  3.29354  2.67741  2.69355  4.24690  2.90347  2.73739  3.18146  2.89801  2.37887  2.77519  2.98518  4.58477  3.61503
          0.02714  4.01595  4.73830  0.61958  0.77255  0.48576  0.95510
    143   1.46540  4.26428  3.35029  3.05564  4.20508  3.04502  4.15588  3.52310  3.09811  3.26172  4.14878  3.29132  1.85135  3.42094  3.42194  2.50130  2.78695  3.08329  5.56399  4.33811    143 a - - -
          2.68618  4.42225  2.77519  2.73123  3.46354  2.40513  3.72494  3.29354  2.67741  2.69355  4.24690  2.90347  2.73739  3.18146  2.89801  2.37887  2.77519  2.98518  4.58477  3.61503
          0.02714  4.01595  4.73830  0.61958  0.77255  0.48576  0.95510
    144   1.74241  4.59983  3.28131  2.79780  4.14138  3.33828  3.81546  3.48383  2.42657  3.13471  4.02235  3.18373  3.87346  3.00861  1.78530  2.71628  2.92967  3.14741  5.38133  4.13374    144 a - - -
          2.68618  4.42225  2.77519  2.73123  3.46354  2.40513  3.72494  3.29354  2.67741  2.69355  4.24690  2.90347  2.73739  3.18146  2.89801  2.37887  2.77519  2.98518  4.58477  3.61503
          0.02714  4.01595  4.73830  0.61958  0.77255  0.48576  0.95510
    145   2.51490  4.55550  2.91796  2.64647  4.20142  3.18342  3.89915  3.58948  2.74787  3.28171  4.14496  1.86733  3.80275  3.10827  3.13229  2.61532  1.81042  3.19591  5.51009  4.19535    145 t - - -
          2.68618  4.42225  2.77519  2.73123  3.46354  2.40513  3.72494  3.29354  2.67741  2.69355  4.24690  2.90347  2.73739  3.18146  2.89801  2.37887  2.77519  2.98518  4.58477  3.61503
          0.02714  4.01595  4.73830  0.61958  0.77255  0.48576  0.95510
    146   2.68169  4.81068  2.96161  2.57486  4.31257  3.34489  3.73409  3.73398  1.66457  3.31499  4.15933  3.03422  3.86137  2.89891  2.67936  1.83376  2.97494  3.36176  5.47666  4.18181    146 k - - -
          2.68618  4.42225  2.77519  2.73123  3.46354  2.40513  3.72494  3.29354  2.67741  2.69355  4.24690  2.90347  2.73739  3.18146  2.89801  2.37887  2.77519  2.98518  4.58477  3.61503
          0.02714  4.01595  4.73830  0.61958  0.77255  0.48576  0.95510
    147   2.69591  4.82030  2.77214  2.52300  4.33420  1.88590  3.82019  3.82545  2.58521  3.39986  4.25932  3.00338  3.85533  1.81052  2.95967  2.73872  3.02033  3.43518  5.54826  4.23093    147 q - - -
          2.68618  4.42225  2.77519  2.73123  3.46354  2.40513  3.72494  3.29354  2.67741  2.69355  4.24690  2.90347  2.73739  3.18146  2.89801  2.37887  2.77519  2.98518  4.58477  3.61503
          0.02714  4.01595  4.73830  0.61958  0.77255  0.48576  0.95510
    148   3.09239  4.53238  4.30413  3.79694  2.62993  4.05892  3.96102  2.64652  3.53329  1.37494  3.26816  3.95773  4.40100  3.81608  3.69679  3.42352  3.32834  2.63567  2.04735  2.79553    148 l - - -
          2.68618  4.42225  2.77519  2.73123  3.46354  2.40513  3.72494  3.29354  2.67741  2.69355  4.24690  2.90347  2.73739  3.18146  2.89801  2.37887  2.77519  2.98518  4.58477  3.61503
          0.02714  4.01595  4.73830  0.61958  0.77255  0.48576  0.95510
    149   2.39077  4.31197  3.33669  3.16121  4.22193  3.03946  4.26606  3.76496  3.24471  3.47483  4.39023  3.36150  3.79054  3.58315  3.52487  0.89358  2.88203  3.26843  5.58331  4.30678    149 s - - -
          2.68618  4.42225  2.77519  2.73123  3.46354  2.40513  3.72494  3.29354  2.67741  2.69355  4.24690  2.90347  2.73739  3.18146  2.89801  2.37887  2.77519  2.98518  4.58477  3.61503
          0.02714  4.01595  4.73830  0.61958  0.77255  0.48576  0.95510
    150   2.39077  4.31197  3.33669  3.16121  4.22193  3.03946  4.26606  3.76496  3.24471  3.47483  4.39023  3.36150  3.79054  3.58315  3.52487  0.89358  2.88203  3.26843  5.58331  4.30678    150 s - - -
          2.68618  4.42225  2.77519  2.73123  3.46354  2.40513  3.72494  3.29354  2.67741  2.69355  4.24690  2.90347  2.73739  3.18146  2.89801  2.37887  2.77519  2.98518  4.58477  3.61503
          0.02714  4.01595  4.73830  0.61958  0.77255  0.48576  0.95510
    151   2.61914  4.72521  2.74426  2.53391  4.31448  3.20788  3.87492  3.82947  2.73398  3.43662  4.29056  1.78590  1.96776  3.07490  3.14306  2.67942  2.97979  3.40866  5.57737  4.23619    151 n - - -
          2.68618  4.42225  2.77519  2.73123  3.46354  2.40513  3.72494  3.29354  2.67741  2.69355  4.24690  2.90347  2.73739  3.18146  2.89801  2.37887  2.77519  2.98518  4.58477  3.61503
          0.02714  4.01595  4.73830  0.61958  0.77255  0.48576  0.95510
    152   2.53408  4.30683  3.60881  3.20808  3.73398  3.36162  4.16134  2.70742  3.14090  2.64948  3.69971  3.48076  2.03214  3.48716  3.43890  2.77360  2.90739  1.63224  5.26668  4.02280    152 v - - -
          2.68618  4.42225  2.77519  2.73123  3.46354  2.40513  3.72494  3.29354  2.67741  2.69355  4.24690  2.90347  2.73739  3.18146  2.89801  2.37887  2.77519  2.98518  4.58477  3.61503
          0.02714  4.01595  4.73830  0.61958  0.77255  0.48576  0.95510
    153   2.56377  4.35277  3.49572  3.07878  3.55518  3.39166  4.01154  2.86720  2.97621  1.73457  3.62611  3.39491  3.94694  3.35098  3.27705  1.81526  2.90623  2.65361  5.08751  3.78074    153 l - - -
          2.68618  4.42225  2.77519  2.73123  3.46354  2.40513  3.72494  3.29354  2.67741  2.69355  4.24690  2.90347  2.73739  3.18146  2.89801  2.37887  2.77519  2.98518  4.58477  3.61503
          0.02714  4.01595  4.73830  0.61958  0.77255  0.48576  0.95510
    154   2.27906  4.24860  3.22803  3.02093  4.39840  1.63741  4.20276  3.87185  3.18207  3.53582  4.35884  3.24482  3.71037  3.46336  3.51516  1.47079  2.76801  3.29045  5.71309  4.47582    154 s - - -
          2.68618  4.42225  2.77519  2.73123  3.46354  2.40513  3.72494  3.29354  2.67741  2.69355  4.24690  2.90347  2.73739  3.18146  2.89801  2.37887  2.77519  2.98518  4.58477  3.61503
          0.02714  4.01595  4.73830  0.61958  0.77255  0.48576  0.95510
    155   1.72744  4.87165  1.66548  2.36915  4.42283  3.20924  3.84345  3.78780  2.79496  3.46150  4.32448  2.88727  3.82081  3.02673  3.29514  2.69723  3.01584  3.39764  5.69520  4.31524    155 d - - -
          2.68618  4.42225  2.77519  2.73123  3.46354  2.40513  3.72494  3.29354  2.67741  2.69355  4.24690  2.90347  2.73739  3.18146  2.89801  2.37887  2.77519  2.98518  4.58477  3.61503
          0.02714  4.01595  4.73830  0.61958  0.77255  0.48576  0.95510
    156   2.69973  4.55746  3.28439  2.84307  3.71478  3.51399  3.88218  2.87966  2.67055  2.63851  3.67840  3.26599  3.98196  2.02561  2.99268  2.86028  2.97596  1.85316  5.18610  3.89851    156 v - - -
          2.68618  4.42225  2.77519  2.73123  3.46354  2.40513  3.72494  3.29354  2.67741  2.69355  4.24690  2.90347  2.73739  3.18146  2.89801  2.37887  2.77519  2.98518  4.58477  3.61503
          0.02714  4.01595  4.73830  0.61958  0.77255  0.48576  0.95510
    157   2.87809  5.29408  2.32693  1.53784  4.61244  3.27438  3.75094  4.11192  2.63716  3.64516  4.49225  1.78623  3.85715  2.91554  3.12690  2.80837  3.15925  3.71423  5.79025  4.35516    157 e - - -
          2.68618  4.42225  2.77519  2.73123  3.46354  2.40513  3.72494  3.29354  2.67741  2.69355  4.24690  2.90347  2.73739  3.18146  2.89801  2.37887  2.77519  2.98518  4.58477  3.61503
          0.02714  4.01595  4.73830  0.61958  0.77255  0.48576  0.95510
    158   2.84825  4.72459  3.39695  2.86389  3.79184  3.62971  3.79337  3.07022  1.68500  1.82719  3.73422  3.28341  4.03497  3.01217  2.63225  2.97355  3.07517  2.89163  5.18620  3.92315    158 k - - -
          2.68618  4.42225  2.77519  2.73123  3.46354  2.40513  3.72494  3.29354  2.67741  2.69355  4.24690  2.90347  2.73739  3.18146  2.89801  2.37887  2.77519  2.98518  4.58477  3.61503
          0.02714  4.01595  4.73830  0.61958  0.77255  0.48576  0.95510
    159   3.57305  4.85716  4.50626  4.15120  1.95770  4.30652  3.45755  3.41499  3.92818  2.78029  3.99025  3.99167  4.63147  4.01507  4.00931  3.67926  3.79431  3.29863  1.75451  1.21717    159 y - - -
          2.68618  4.42225  2.77519  2.73123  3.46354  2.40513  3.72494  3.29354  2.67741  2.69355  4.24690  2.90347  2.73739  3.18146  2.89801  2.37887  2.77519  2.98518  4.58477  3.61503
          0.29572  4.01595  1.43558  0.61958  0.77255  0.48576  0.95510
    160   3.08582  4.62223  3.66834  3.37961  2.31332  3.69592  3.57642  3.11195  3.24044  2.59523  3.80058  3.58475  4.17454  3.57481  3.44662  3.23293  3.37312  2.97757  3.95125  1.18533    160 y - - -
          2.68618  4.42225  2.77519  2.73123  3.46354  2.40513  3.72494  3.29354  2.67741  2.69355  4.24690  2.90347  2.73739  3.18146  2.89801  2.37887  2.77519  2.98518  4.58477  3.61503
          0.03536  3.75559  4.47794  0.61958  0.77255  0.70217  0.68421
    161   2.85888  4.93406  2.45186  1.20507  4.26689  3.20360  3.78605  3.69754  2.65222  3.33576  4.31954  2.87932  3.80399  3.00720  3.04529  2.85629  3.16381  3.39527  5.46113  4.18823    161 e - - -
          2.68618  4.42225  2.77519  2.73123  3.46354  2.40513  3.72494  3.29354  2.67741  2.69355  4.24690  2.90347  2.73739  3.18146  2.89801  2.37887  2.77519  2.98518  4.58477  3.61503
          0.03536  3.75559  4.47794  0.61958  0.77255  0.37092  1.17151
    162   3.10078  4.41688  4.80506  4.31154  3.57131  4.44505  5.02737  1.27612  4.19856  2.07221  3.37706  4.52958  4.76022  4.46406  4.39697  3.83510  3.36832  1.18920  5.54105  4.33546    162 v - - -
          2.68618  4.42225  2.77519  2.73123  3.46354  2.40513  3.72494  3.29354  2.67741  2.69355  4.24690  2.90347  2.73739  3.18146  2.89801  2.37887  2.77519  2.98518  4.58477  3.61503
          0.02714  4.01595  4.73830  0.61958  0.77255  0.48576  0.95510
    163   2.22373  1.86779  3.87587  3.51088  3.97850  2.99455  4.31729  3.30154  3.40548  3.10308  3.99533  3.49506  3.74000  3.69505  3.62988  1.49662  2.70754  2.88368  5.41578  4.20912    163 s - - -
          2.68618  4.42225  2.77519  2.73123  3.46354  2.40513  3.72494  3.29354  2.67741  2.69355  4.24690  2.90347  2.73739  3.18146  2.89801  2.37887  2.77519  2.98518  4.58477  3.61503
          0.02714  4.01595  4.73830  0.61958  0.77255  0.48576  0.95510
    164   2.28047  4.21989  3.39536  3.07750  4.19856  3.01118  4.14901  3.54751  3.08695  3.28532  4.14338  3.28583  3.72884  3.41442  3.40514  1.54496  1.65131  3.08053  5.55867  4.32312    164 s - - -
          2.68618  4.42225  2.77519  2.73123  3.46354  2.40513  3.72494  3.29354  2.67741  2.69355  4.24690  2.90347  2.73739  3.18146  2.89801  2.37887  2.77519  2.98518  4.58477  3.61503
          0.02714  4.01595  4.73830  0.61958  0.77255  0.48576  0.95510
    165   2.83114  5.10735  1.47985  2.29437  4.66134  1.74935  3.88302  4.18095  2.89984  3.74069  4.59900  2.84274  3.85495  3.07184  3.44279  2.80311  3.17316  3.73674  5.85443  4.46393    165 d - - -
          2.68618  4.42225  2.77519  2.73123  3.46354  2.40513  3.72494  3.29354  2.67741  2.69355  4.24690  2.90347  2.73739  3.18146  2.89801  2.37887  2.77519  2.98518  4.58477  3.61503
          0.02714  4.01595  4.73830  0.61958  0.77255  0.48576  0.95510
    166   2.68578  4.89422  1.70698  2.36184  4.37586  3.23851  3.80995  3.74121  2.73331  3.40910  4.27083  2.88501  3.82536  2.98812  3.22497  2.70312  1.88276  3.36833  5.64621  4.26745    166 d - - -
          2.68618  4.42225  2.77519  2.73123  3.46354  2.40513  3.72494  3.29354  2.67741  2.69355  4.24690  2.90347  2.73739  3.18146  2.89801  2.37887  2.77519  2.98518  4.58477  3.61503
          0.02714  4.01595  4.73830  0.61958  0.77255  0.48576  0.95510
    167   1.41191  4.16736  3.45696  3.17479  4.27420  2.95469  4.23634  3.62941  3.22063  3.37255  4.22074  3.32076  3.70470  3.51560  3.52457  1.48833  2.72006  3.11490  5.63601  4.41674    167 a - - -
          2.68618  4.42225  2.77519  2.73123  3.46354  2.40513  3.72494  3.29354  2.67741  2.69355  4.24690  2.90347  2.73739  3.18146  2.89801  2.37887  2.77519  2.98518  4.58477  3.61503
          0.02714  4.01595  4.73830  0.61958  0.77255  0.48576  0.95510
    168   2.42979  4.24090  3.58563  3.24210  3.86917  1.80500  4.20763  2.89844  3.22313  2.87227  3.85295  3.45429  3.87682  3.54277  3.51075  2.65665  2.84796  1.62237  5.34835  4.11497    168 v - - -
          2.68618  4.42225  2.77519  2.73123  3.46354  2.40513  3.72494  3.29354  2.67741  2.69355  4.24690  2.90347  2.73739  3.18146  2.89801  2.37887  2.77519  2.98518  4.58477  3.61503
          0.02714  4.01595  4.73830  0.61958  0.77255  0.48576  0.95510
    169   2.73580  4.31836  3.99134  3.51748  3.55287  3.73885  4.35103  1.56037  3.39296  2.29892  3.45439  3.78738  4.22212  3.72867  3.65726  3.10975  1.93781  2.01357  5.23473  4.01143    169 i - - -
          2.68618  4.42225  2.77519  2.73123  3.46354  2.40513  3.72494  3.29354  2.67741  2.69355  4.24690  2.90347  2.73739  3.18146  2.89801  2.37887  2.77519  2.98518  4.58477  3.61503
          0.02714  4.01595  4.73830  0.61958  0.77255  0.48576  0.95510
    170   2.85251  4.61167  3.55550  3.47416  4.60995  0.53845  4.58382  4.24627  3.67483  3.88184  4.86017  3.72008  4.00731  3.98780  3.89333  3.02886  3.34493  3.74690  5.66531  4.71736    170 G - - -
          2.68618  4.42225  2.77519  2.73123  3.46354  2.40513  3.72494  3.29354  2.67741  2.69355  4.24690  2.90347  2.73739  3.18146  2.89801  2.37887  2.77519  2.98518  4.58477  3.61503
          0.02714  4.01595  4.73830  0.61958  0.77255  0.48576  0.95510
    171   1.74241  4.59983  3.28131  2.79780  4.14138  3.33828  3.81546  3.48383  2.42657  3.13471  4.02235  3.18373  3.87346  3.00861  1.78530  2.71628  2.92967  3.14741  5.38133  4.13374    171 a - - -
          2.68618  4.42225  2.77519  2.73123  3.46354  2.40513  3.72494  3.29354  2.67741  2.69355  4.24690  2.90347  2.73739  3.18146  2.89801  2.37887  2.77519  2.98518  4.58477  3.61503
          0.02714  4.01595  4.73830  0.61958  0.77255  0.48576  0.95510
    172   2.55883  4.28314  3.63738  3.20201  3.58593  3.44096  4.10338  1.76275  3.11866  2.55407  3.58526  3.48944  3.99001  3.45997  3.41206  1.85517  2.89866  2.38131  5.13026  3.86468    172 i - - -
          2.68618  4.42225  2.77519  2.73123  3.46354  2.40513  3.72494  3.29354  2.67741  2.69355  4.24690  2.90347  2.73739  3.18146  2.89801  2.37887  2.77519  2.98518  4.58477  3.61503
          0.02714  4.01595  4.73830  0.61958  0.77255  0.48576  0.95510
    173   3.13020  4.49729  4.65257  4.11096  3.21494  4.35370  4.72654  1.46462  3.95083  1.66566  1.90570  4.36347  4.62289  4.16417  4.11818  3.70468  3.37118  2.01794  5.18992  4.05557    173 i - - -
          2.68618  4.42225  2.77519  2.73123  3.46354  2.40513  3.72494  3.29354  2.67741  2.69355  4.24690  2.90347  2.73739  3.18146  2.89801  2.37887  2.77519  2.98518  4.58477  3.61503
          0.02714  4.01595  4.73830  0.61958  0.77255  0.48576  0.95510
    174   2.79941  4.84543  2.83758  1.76386  3.52666  3.46149  3.69979  3.43813  2.62049  3.04153  3.96508  3.03200  3.93307  2.98819  3.01964  2.84132  3.04706  3.16959  4.98325  2.09977    174 e - - -
          2.68618  4.42225  2.77519  2.73123  3.46354  2.40513  3.72494  3.29354  2.67741  2.69355  4.24690  2.90347  2.73739  3.18146  2.89801  2.37887  2.77519  2.98518  4.58477  3.61503
          0.02714  4.01595  4.73830  0.61958  0.77255  0.48576  0.95510
    175   1.65076  4.23010  3.92907  3.52282  3.76728  3.41232  4.39325  2.37501  3.44703  2.58147  3.67475  3.68571  4.03919  3.75544  3.70873  2.83297  2.92340  1.48365  5.38638  4.16769    175 v - - -
          2.68618  4.42225  2.77519  2.73123  3.46354  2.40513  3.72494  3.29354  2.67741  2.69355  4.24690  2.90347  2.73739  3.18146  2.89801  2.37887  2.77519  2.98518  4.58477  3.61503
          0.02714  4.01595  4.73830  0.61958  0.77255  0.48576  0.95510
    176   3.58422  4.90605  4.31717  4.06013  2.82688  3.89644  4.08711  3.61597  3.78028  2.98522  4.24282  4.18070  4.42658  4.16047  3.88272  3.78646  3.89232  3.51024  0.63969  2.82180    176 W - - -
          2.68618  4.42225  2.77519  2.73123  3.46354  2.40513  3.72494  3.29354  2.67741  2.69355  4.24690  2.90347  2.73739  3.18146  2.89801  2.37887  2.77519  2.98518  4.58477  3.61503
          0.29572  4.01595  1.43558  0.61958  0.77255  0.48576  0.95510
    177   3.02732  4.52670  3.99892  3.64276  3.09816  3.82882  4.33524  2.30157  3.41145  1.03458  3.16588  3.92892  4.28742  3.80811  3.60489  3.39232  3.32871  2.30762  4.93056  3.62555    177 l - - -
          2.68618  4.42225  2.77519  2.73123  3.46354  2.40513  3.72494  3.29354  2.67741  2.69355  4.24690  2.90347  2.73739  3.18146  2.89801  2.37887  2.77519  2.98518  4.58477  3.61503
          0.03536  3.75559  4.47794  0.61958  0.77255  0.37092  1.17151
    178   2.51490  4.55550  2.91796  2.64647  4.20142  3.18342  3.89915  3.58948  2.74787  3.28171  4.14496  1.86733  3.80275  3.10827  3.13229  2.61532  1.81042  3.19591  5.51009  4.19535    178 t - - -
          2.68618  4.42225  2.77519  2.73123  3.46354  2.40513  3.72494  3.29354  2.67741  2.69355  4.24690  2.90347  2.73739  3.18146  2.89801  2.37887  2.77519  2.98518  4.58477  3.61503
          0.02714  4.01595  4.73830  0.61958  0.77255  0.48576  0.95510
    179   1.37862  4.19190  3.40023  3.17169  4.34777  1.61315  4.27451  3.71021  3.27995  3.44744  4.29613  3.32724  3.71585  3.55866  3.58217  2.43742  2.75321  3.17627  5.68709  4.48865    179 a - - -
          2.68618  4.42225  2.77519  2.73123  3.46354  2.40513  3.72494  3.29354  2.67741  2.69355  4.24690  2.90347  2.73739  3.18146  2.89801  2.37887  2.77519  2.98518  4.58477  3.61503
          0.02714  4.01595  4.73830  0.61958  0.77255  0.48576  0.95510
    180   2.95210  4.68342  3.57513  3.43635  4.41590  3.36290  4.50040  4.00023  3.50632  3.61070  4.66800  3.72767  0.59936  3.89072  3.73394  3.12452  3.40536  3.62890  5.56117  4.53916    180 P - - -
          2.68618  4.42225  2.77519  2.73123  3.46354  2.40513  3.72494  3.29354  2.67741  2.69355  4.24690  2.90347  2.73739  3.18146  2.89801  2.37887  2.77519  2.98518  4.58477  3.61503
          0.02714  4.01595  4.73830  0.61958  0.77255  0.48576  0.95510
    181   1.37862  4.19190  3.40023  3.17169  4.34777  1.61315  4.27451  3.71021  3.27995  3.44744  4.29613  3.32724  3.71585  3.55866  3.58217  2.43742  2.75321  3.17627  5.68709  4.48865    181 a - - -
          2.68618  4.42225  2.77519  2.73123  3.46354  2.40513  3.72494  3.29354  2.67741  2.69355  4.24690  2.90347  2.73739  3.18146  2.89801  2.37887  2.77519  2.98518  4.58477  3.61503
          0.02714  4.01595  4.73830  0.61958  0.77255  0.48576  0.95510
    182   2.71579  4.58906  3.16177  2.79924  3.58872  3.47697  3.86113  3.02580  2.73844  1.81645  3.74320  1.99554  3.97165  3.15329  3.07532  2.85749  3.00190  2.81556  5.07989  3.70649    182 l - - -
          2.68618  4.42225  2.77519  2.73123  3.46354  2.40513  3.72494  3.29354  2.67741  2.69355  4.24690  2.90347  2.73739  3.18146  2.89801  2.37887  2.77519  2.98518  4.58477  3.61503
          0.02714  4.01595  4.73830  0.61958  0.77255  0.48576  0.95510
    183   2.71651  4.96133  2.53371  1.63330  4.41212  3.25794  3.76907  3.85878  2.62700  3.44953  4.29223  2.86839  3.82960  2.93984  3.08388  1.80098  3.02326  3.46930  5.63980  4.26074    183 e - - -
          2.68618  4.42225  2.77519  2.73123  3.46354  2.40513  3.72494  3.29354  2.67741  2.69355  4.24690  2.90347  2.73739  3.18146  2.89801  2.37887  2.77519  2.98518  4.58477  3.61503
          0.02714  4.01595  4.73830  0.61958  0.77255  0.48576  0.95510
    184   2.69462  4.85907  2.67868  1.70093  4.26833  3.30691  3.76980  3.59274  2.59153  3.26649  4.13832  2.93555  3.84710  2.94523  3.01849  2.72498  1.93596  3.25837  5.53092  4.19026    184 e - - -
          2.68618  4.42225  2.77519  2.73123  3.46354  2.40513  3.72494  3.29354  2.67741  2.69355  4.24690  2.90347  2.73739  3.18146  2.89801  2.37887  2.77519  2.98518  4.58477  3.61503
          0.02714  4.01595  4.73830  0.61958  0.77255  0.48576  0.95510
    185   1.78946  4.30149  4.00682  3.55475  3.58871  3.68921  4.39283  1.54445  3.45704  2.33335  3.48826  3.79836  4.20543  3.77455  3.71914  3.07559  3.03458  2.01084  5.27490  4.05254    185 i - - -
          2.68618  4.42225  2.77519  2.73123  3.46354  2.40513  3.72494  3.29354  2.67741  2.69355  4.24690  2.90347  2.73739  3.18146  2.89801  2.37887  2.77519  2.98518  4.58477  3.61503
          0.02714  4.01595  4.73830  0.61958  0.77255  0.48576  0.95510
    186   2.92878  5.01171  3.27840  2.72450  4.08920  3.58796  2.08237  3.77328  2.09132  3.27430  4.15440  3.15731  3.99209  2.82695  1.63391  2.94948  3.13349  3.46550  5.25251  3.92479    186 r - - -
          2.68618  4.42225  2.77519  2.73123  3.46354  2.40513  3.72494  3.29354  2.67741  2.69355  4.24690  2.90347  2.73739  3.18146  2.89801  2.37887  2.77519  2.98518  4.58477  3.61503
          0.02714  4.01595  4.73830  0.61958  0.77255  0.48576  0.95510
    187   3.09000  4.48038  4.58490  4.08043  3.31695  4.28378  4.74797  1.97377  3.92127  1.32184  3.17070  4.32644  4.61265  4.18179  4.11284  3.66009  3.35430  1.37668  5.26893  4.07607    187 l - - -
          2.68618  4.42225  2.77519  2.73123  3.46354  2.40513  3.72494  3.29354  2.67741  2.69355  4.24690  2.90347  2.73739  3.18146  2.89801  2.37887  2.77519  2.98518  4.58477  3.61503
          0.02714  4.01595  4.73830  0.61958  0.77255  0.48576  0.95510
    188   2.85251  4.61167  3.55550  3.47416  4.60995  0.53845  4.58382  4.24627  3.67483  3.88184  4.86017  3.72008  4.00731  3.98780  3.89333  3.02886  3.34493  3.74690  5.66531  4.71736    188 G - - -
          2.68618  4.42225  2.77519  2.73123  3.46354  2.40513  3.72494  3.29354  2.67741  2.69355  4.24690  2.90347  2.73739  3.18146  2.89801  2.37887  2.77519  2.98518  4.58477  3.61503
          0.02714  4.01595  4.73830  0.61958  0.77255  0.48576  0.95510
    189   3.44580  4.80616  4.43552  4.17911  0.80323  4.09819  3.94818  2.95390  4.08301  2.29178  3.66404  4.18330  4.55497  4.21191  4.16721  3.70709  3.74772  2.95482  4.15818  2.50864    189 f - - -
          2.68618  4.42225  2.77519  2.73123  3.46354  2.40513  3.72494  3.29354  2.67741  2.69355  4.24690  2.90347  2.73739  3.18146  2.89801  2.37887  2.77519  2.98518  4.58477  3.61503
          0.02714  4.01595  4.73830  0.61958  0.77255  0.48576  0.95510
    190   2.79301  2.16495  4.45503  3.94906  3.44224  3.88825  4.54037  1.45662  3.78980  2.19072  3.36828  4.08337  4.34941  4.05501  3.96429  3.27664  3.09772  1.86927  5.17287  3.95438    190 i - - -
          2.68618  4.42225  2.77519  2.73123  3.46354  2.40513  3.72494  3.29354  2.67741  2.69355  4.24690  2.90347  2.73739  3.18146  2.89801  2.37887  2.77519  2.98518  4.58477  3.61503
          0.02714  4.01595  4.73830  0.61958  0.77255  0.48576  0.95510
    191   2.28047  4.21989  3.39536  3.07750  4.19856  3.01118  4.14901  3.54751  3.08695  3.28532  4.14338  3.28583  3.72884  3.41442  3.40514  1.54496  1.65131  3.08053  5.55867  4.32312    191 s - - -
          2.68618  4.42225  2.77519  2.73123  3.46354  2.40513  3.72494  3.29354  2.67741  2.69355  4.24690  2.90347  2.73739  3.18146  2.89801  2.37887  2.77519  2.98518  4.58477  3.61503
          0.29572  4.01595  1.43558  0.61958  0.77255  0.48576  0.95510
    192   3.11500  4.55306  4.07614  3.77205  1.22509  3.82499  3.83577  2.65732  3.68278  2.05686  3.40789  3.88932  4.28930  3.88445  3.83139  3.38869  3.41768  2.63858  4.12666  2.51125    192 f - - -
          2.68618  4.42225  2.77519  2.73123  3.46354  2.40513  3.72494  3.29354  2.67741  2.69355  4.24690  2.90347  2.73739  3.18146  2.89801  2.37887  2.77519  2.98518  4.58477  3.61503
          0.03536  3.75559  4.47794  0.61958  0.77255  0.70217  0.68421
    193   2.85888  4.93406  2.45186  1.20507  4.26689  3.20360  3.78605  3.69754  2.65222  3.33576  4.31954  2.87932  3.80399  3.00720  3.04529  2.85629  3.16381  3.39527  5.46113  4.18823    193 e - - -
          2.68618  4.42225  2.77519  2.73123  3.46354  2.40513  3.72494  3.29354  2.67741  2.69355  4.24690  2.90347  2.73739  3.18146  2.89801  2.37887  2.77519  2.98518  4.58477  3.61503
          0.03536  3.75559  4.47794  0.61958  0.77255  0.37092  1.17151
    194   2.92242  4.42761  4.32212  3.99168  3.65848  3.87022  4.76973  2.05344  3.86165  2.32189  3.60378  4.15791  4.42419  4.21203  4.06002  3.38436  3.28140  0.86162  5.46650  4.20616    194 v - - -
          2.68618  4.42225  2.77519  2.73123  3.46354  2.40513  3.72494  3.29354  2.67741  2.69355  4.24690  2.90347  2.73739  3.18146  2.89801  2.37887  2.77519  2.98518  4.58477  3.61503
          0.02714  4.01595  4.73830  0.61958  0.77255  0.48576  0.95510
    195   3.19677  4.85166  3.66419  3.26749  2.30600  3.91353  1.87441  3.47250  3.10213  2.91687  4.00640  3.53486  4.30530  3.45595  3.37011  3.26296  3.42910  3.28193  3.94160  1.46999    195 y - - -
          2.68618  4.42225  2.77519  2.73123  3.46354  2.40513  3.72494  3.29354  2.67741  2.69355  4.24690  2.90347  2.73739  3.18146  2.89801  2.37887  2.77519  2.98518  4.58477  3.61503
          0.02714  4.01595  4.73830  0.61958  0.77255  0.48576  0.95510
    196   0.82523  4.26901  3.61304  3.41339  4.19984  3.08923  4.41782  3.34718  3.43345  3.22196  4.23978  3.52520  3.84224  3.76185  3.67266  2.61896  2.90637  2.97664  5.61262  4.42950    196 a - - -
          2.68618  4.42225  2.77519  2.73123  3.46354  2.40513  3.72494  3.29354  2.67741  2.69355  4.24690  2.90347  2.73739  3.18146  2.89801  2.37887  2.77519  2.98518  4.58477  3.61503
          0.02714  4.01595  4.73830  0.61958  0.77255  0.48576  0.95510
    197   2.68578  4.89422  1.70698  2.36184  4.37586  3.23851  3.80995  3.74121  2.73331  3.40910  4.27083  2.88501  3.82536  2.98812  3.22497  2.70312  1.88276  3.36833  5.64621  4.26745    197 d - - -
          2.68618  4.42225  2.77519  2.73123  3.46354  2.40513  3.72494  3.29354  2.67741  2.69355  4.24690  2.90347  2.73739  3.18146  2.89801  2.37887  2.77519  2.98518  4.58477  3.61503
          0.02714  4.01595  4.73830  0.61958  0.77255  0.48576  0.95510
    198   3.24216  4.56512  4.81229  4.28822  3.22108  4.51973  4.88937  1.40552  4.12100  1.20144  3.04467  4.54072  4.75229  4.32282  4.27443  3.89364  3.48232  1.95597  5.26688  4.11598    198 l - - -
          2.68618  4.42225  2.77519  2.73123  3.46354  2.40513  3.72494  3.29354  2.67741  2.69355  4.24690  2.90347  2.73739  3.18146  2.89801  2.37887  2.77519  2.98518  4.58477  3.61503
          0.02714  4.01595  4.73830  0.61958  0.77255  0.48576  0.95510
    199   2.85874  5.23363  2.50166  1.62551  4.53151  3.34644  3.69690  4.00007  2.43990  3.51149  4.35717  2.83930  3.86991  1.87326  2.85192  2.80478  3.11027  3.62856  5.66301  4.28142    199 e - - -
          2.68618  4.42225  2.77519  2.73123  3.46354  2.40513  3.72494  3.29354  2.67741  2.69355  4.24690  2.90347  2.73739  3.18146  2.89801  2.37887  2.77519  2.98518  4.58477  3.61503
          0.02714  4.01595  4.73830  0.61958  0.77255  0.48576  0.95510
    200   2.67782  4.32138  3.82264  3.36656  1.93360  3.58978  4.03388  2.63490  3.28553  2.31492  3.43481  3.61532  4.08850  3.56923  3.54628  2.95719  1.89303  2.48023  4.74569  3.32802    200 t - - -
          2.68618  4.42225  2.77519  2.73123  3.46354  2.40513  3.72494  3.29354  2.67741  2.69355  4.24690  2.90347  2.73739  3.18146  2.89801  2.37887  2.77519  2.98518  4.58477  3.61503
          0.02714  4.01595  4.73830  0.61958  0.77255  0.48576  0.95510
    201   2.86403  5.31555  1.61070  2.19573  4.59299  3.27615  3.73545  4.11949  2.63944  3.63264  4.47468  2.76528  3.84719  1.84843  3.15473  2.78911  3.13870  3.71910  5.77749  4.32992    201 d - - -
          2.68618  4.42225  2.77519  2.73123  3.46354  2.40513  3.72494  3.29354  2.67741  2.69355  4.24690  2.90347  2.73739  3.18146  2.89801  2.37887  2.77519  2.98518  4.58477  3.61503
          0.02714  4.01595  4.73830  0.61958  0.77255  0.48576  0.95510
    202   2.85251  4.61167  3.55550  3.47416  4.60995  0.53845  4.58382  4.24627  3.67483  3.88184  4.86017  3.72008  4.00731  3.98780  3.89333  3.02886  3.34493  3.74690  5.66531  4.71736    202 G - - -
          2.68618  4.42225  2.77519  2.73123  3.46354  2.40513  3.72494  3.29354  2.67741  2.69355  4.24690  2.90347  2.73739  3.18146  2.89801  2.37887  2.77519  2.98518  4.58477  3.61503
          0.02714  4.01595  4.73830  0.61958  0.77255  0.48576  0.95510
    203   2.76262  4.46974  3.51296  3.03472  3.21185  3.64934  2.21134  1.89457  2.83833  2.48561  3.53118  3.40883  4.06572  3.26279  3.12869  2.97582  3.01164  2.60357  4.76658  3.34647    203 i - - -
          2.68618  4.42225  2.77519  2.73123  3.46354  2.40513  3.72494  3.29354  2.67741  2.69355  4.24690  2.90347  2.73739  3.18146  2.89801  2.37887  2.77519  2.98518  4.58477  3.61503
          0.02714  4.01595  4.73830  0.61958  0.77255  0.48576  0.95510
    204   3.08056  5.18522  3.50844  2.82570  4.64976  3.68837  3.61941  3.99190  1.36275  3.42620  4.29973  3.22037  4.05332  2.75390  1.47852  3.07486  3.24231  3.67522  5.45973  4.30134    204 k - - -
          2.68618  4.42225  2.77519  2.73123  3.46354  2.40513  3.72494  3.29354  2.67741  2.69355  4.24690  2.90347  2.73739  3.18146  2.89801  2.37887  2.77519  2.98518  4.58477  3.61503
          0.29572  4.01595  1.43558  0.61958  0.77255  0.48576  0.95510
    205   2.85888  4.93406  2.45186  1.20507  4.26689  3.20360  3.78605  3.69754  2.65222  3.33576  4.31954  2.87932  3.80399  3.00720  3.04529  2.85629  3.16381  3.39527  5.46113  4.18823    205 e - - -
          2.68618  4.42225  2.77519  2.73123  3.46354  2.40513  3.72494  3.29354  2.67741  2.69355  4.24690  2.90347  2.73739  3.18146  2.89801  2.37887  2.77519  2.98518  4.58477  3.61503
          0.02394  3.74417        *  0.61958  0.77255  0.00000        *
//
