HMMER3/f [3.3.1 | Jul 2020]
NAME  vHMM_18078
LENG  154
ALPH  amino
RF    no
MM    no
CONS  yes
CS    no
MAP   yes
DATE  Thu Feb 11 23:07:28 2021
NSEQ  34
EFFN  0.701416
CKSUM 1859361814
STATS LOCAL MSV      -10.3303  0.70896
STATS LOCAL VITERBI  -10.9930  0.70896
STATS LOCAL FORWARD   -4.5381  0.70896
CUTOFF SCORE	153.12
TAXON	Nanoviridae
TXID	251095
PROTEIN	Nsp
TYPE	Full-length
RANGE	Wide
HMM          A        C        D        E        F        G        H        I        K        L        M        N        P        Q        R        S        T        V        W        Y   
            m->m     m->i     m->d     i->m     i->i     d->m     d->d
  COMPO   2.71584  3.91493  2.76018  2.74824  3.22893  2.80286  3.76763  2.75956  2.70131  2.53003  3.60779  3.01209  3.60125  3.12248  2.87769  2.64613  2.95267  2.56057  4.67714  3.22999
          2.68618  4.42225  2.77519  2.73123  3.46354  2.40513  3.72494  3.29354  2.67741  2.69355  4.24690  2.90347  2.73739  3.18146  2.89801  2.37887  2.77519  2.98518  4.58477  3.61503
          0.26104  4.01230  1.55277  0.61958  0.77255  0.00000        *
      1   2.90392  4.46752  3.95706  3.54603  3.17486  3.76907  4.30143  2.34200  3.31803  1.78474  1.55563  3.83362  4.23108  3.70686  3.53315  3.24297  3.20851  2.33744  5.00281  3.75564      1 m - - -
          2.68618  4.42225  2.77519  2.73123  3.46354  2.40513  3.72494  3.29354  2.67741  2.69355  4.24690  2.90347  2.73739  3.18146  2.89801  2.37887  2.77519  2.98518  4.58477  3.61503
          0.03430  3.78556  4.50791  0.61958  0.77255  0.38154  1.14824
      2   1.80961  4.24481  3.51822  3.04241  3.63087  2.89161  3.97715  2.87277  2.97590  2.64270  2.24385  3.34989  3.87506  3.30193  3.29459  2.68157  2.79823  2.61807  5.09488  3.86757      2 a - - -
          2.68618  4.42225  2.77519  2.73123  3.46354  2.40513  3.72494  3.29354  2.67741  2.69355  4.24690  2.90347  2.73739  3.18146  2.89801  2.37887  2.77519  2.98518  4.58477  3.61503
          0.02725  4.01230  4.73465  0.61958  0.77255  0.48576  0.95510
      3   2.83987  5.28023  1.41835  1.83546  4.58592  3.25621  3.70640  4.08634  2.64381  3.61819  4.43310  2.72970  3.81856  2.86668  3.18724  2.75987  3.10926  3.68895  5.71599  4.31763      3 d - - -
          2.68618  4.42225  2.77519  2.73123  3.46354  2.40513  3.72494  3.29354  2.67741  2.69355  4.24690  2.90347  2.73739  3.18146  2.89801  2.37887  2.77519  2.98518  4.58477  3.61503
          0.02725  4.01230  4.73465  0.61958  0.77255  0.48576  0.95510
      4   3.21345  4.67086  4.23425  3.79070  2.46917  4.01773  3.80161  2.94406  3.46091  2.05291  3.58896  3.91030  4.41419  3.80690  3.62382  3.45409  3.46808  2.88660  1.31969  2.50703      4 w - - -
          2.68618  4.42225  2.77519  2.73123  3.46354  2.40513  3.72494  3.29354  2.67741  2.69355  4.24690  2.90347  2.73739  3.18146  2.89801  2.37887  2.77519  2.98518  4.58477  3.61503
          0.02725  4.01230  4.73465  0.61958  0.77255  0.48576  0.95510
      5   2.53500  4.27029  4.19803  3.63737  1.92532  3.90346  4.21176  2.30409  3.52568  1.89905  2.62269  3.87677  4.25535  3.74279  3.72615  3.21160  3.04232  2.06794  4.82126  3.58294      5 l - - -
          2.68618  4.42225  2.77519  2.73123  3.46354  2.40513  3.72494  3.29354  2.67741  2.69355  4.24690  2.90347  2.73739  3.18146  2.89801  2.37887  2.77519  2.98518  4.58477  3.61503
          0.02725  4.01230  4.73465  0.61958  0.77255  0.48576  0.95510
      6   2.41592  5.03861  2.45485  2.02357  4.33585  2.98910  2.88586  3.79242  2.43150  3.33289  4.12235  2.82078  3.78531  2.75004  2.92789  2.33665  2.89917  3.40977  5.51995  4.12703      6 e - - -
          2.68618  4.42225  2.77519  2.73123  3.46354  2.40513  3.72494  3.29354  2.67741  2.69355  4.24690  2.90347  2.73739  3.18146  2.89801  2.37887  2.77519  2.98518  4.58477  3.61503
          0.02725  4.01230  4.73465  0.61958  0.77255  0.48576  0.95510
      7   1.99746  4.20060  3.36484  3.13290  4.30022  2.95956  4.23563  3.67571  3.20505  3.41818  4.28031  3.30208  3.71491  3.51462  3.50543  1.09120  2.74958  3.15604  5.66198  4.42239      7 s - - -
          2.68618  4.42225  2.77519  2.73123  3.46354  2.40513  3.72494  3.29354  2.67741  2.69355  4.24690  2.90347  2.73739  3.18146  2.89801  2.37887  2.77519  2.98518  4.58477  3.61503
          0.02725  4.01230  4.73465  0.61958  0.77255  0.48576  0.95510
      8   2.40118  4.68358  2.99131  2.50055  3.99975  3.36724  3.67521  3.40142  2.46533  2.76476  3.86105  2.99058  2.72655  2.28954  2.88439  2.45362  2.83510  3.08121  5.28400  3.97318      8 q - - -
          2.68618  4.42225  2.77519  2.73123  3.46354  2.40513  3.72494  3.29354  2.67741  2.69355  4.24690  2.90347  2.73739  3.18146  2.89801  2.37887  2.77519  2.98518  4.58477  3.61503
          0.02725  4.01230  4.73465  0.61958  0.77255  0.48576  0.95510
      9   2.94158  4.35637  4.36532  3.81397  2.12811  4.04505  4.08608  2.42178  3.68655  1.41180  3.09067  3.98294  4.35488  3.84764  3.83918  3.35214  3.16863  2.17550  4.49650  2.70064      9 l - - -
          2.68618  4.42225  2.77519  2.73123  3.46354  2.40513  3.72494  3.29354  2.67741  2.69355  4.24690  2.90347  2.73739  3.18146  2.89801  2.37887  2.77519  2.98518  4.58477  3.61503
          0.02725  4.01230  4.73465  0.61958  0.77255  0.48576  0.95510
     10   3.10414  5.06918  3.28914  2.88695  4.48765  3.57633  3.84332  3.92618  0.86180  3.46176  4.41757  3.30455  4.06836  3.02824  2.46718  3.13808  3.34796  3.62676  5.48629  4.32005     10 k - - -
          2.68618  4.42225  2.77519  2.73123  3.46354  2.40513  3.72494  3.29354  2.67741  2.69355  4.24690  2.90347  2.73739  3.18146  2.89801  2.37887  2.77519  2.98518  4.58477  3.61503
          0.02725  4.01230  4.73465  0.61958  0.77255  0.48576  0.95510
     11   2.31319  3.10583  3.87505  3.46745  3.91393  3.10778  4.29821  2.98376  3.33777  2.91681  3.88186  3.52732  3.81539  3.65632  3.58070  2.55000  1.22896  2.66295  5.39065  4.18988     11 t - - -
          2.68618  4.42225  2.77519  2.73123  3.46354  2.40513  3.72494  3.29354  2.67741  2.69355  4.24690  2.90347  2.73739  3.18146  2.89801  2.37887  2.77519  2.98518  4.58477  3.61503
          0.02725  4.01230  4.73465  0.61958  0.77255  0.48576  0.95510
     12   2.26010  1.28299  3.99445  3.67618  3.91931  3.02546  4.39541  3.17267  3.51770  3.05286  3.99398  3.58538  3.78080  3.82509  3.69379  2.16618  2.75124  2.79594  5.39137  4.16809     12 c - - -
          2.68618  4.42225  2.77519  2.73123  3.46354  2.40513  3.72494  3.29354  2.67741  2.69355  4.24690  2.90347  2.73739  3.18146  2.89801  2.37887  2.77519  2.98518  4.58477  3.61503
          0.02725  4.01230  4.73465  0.61958  0.77255  0.48576  0.95510
     13   2.38125  4.36835  3.13195  2.80206  4.15619  3.10430  3.96804  3.55614  2.85728  3.23340  4.07392  2.70215  3.75420  3.19529  3.22709  2.05021  1.57937  3.12699  5.48242  4.21283     13 t - - -
          2.68618  4.42225  2.77519  2.73123  3.46354  2.40513  3.72494  3.29354  2.67741  2.69355  4.24690  2.90347  2.73739  3.18146  2.89801  2.37887  2.77519  2.98518  4.58477  3.61503
          0.02725  4.01230  4.73465  0.61958  0.77255  0.48576  0.95510
     14   2.91000  4.98068  2.90924  2.60538  3.70447  3.48708  1.53502  3.72766  2.39393  3.24207  4.16912  3.07724  3.97534  2.58228  2.69323  2.92787  3.15827  3.43148  5.08480  3.60898     14 h - - -
          2.68618  4.42225  2.77519  2.73123  3.46354  2.40513  3.72494  3.29354  2.67741  2.69355  4.24690  2.90347  2.73739  3.18146  2.89801  2.37887  2.77519  2.98518  4.58477  3.61503
          0.02725  4.01230  4.73465  0.61958  0.77255  0.48576  0.95510
     15   2.57341  4.46769  3.12023  2.47579  3.76117  2.52921  3.80198  3.05203  2.69042  2.80168  3.69046  3.13746  3.87099  3.05051  2.97892  2.71838  2.85269  1.92786  5.14912  3.88389     15 v - - -
          2.68618  4.42225  2.77519  2.73123  3.46354  2.40513  3.72494  3.29354  2.67741  2.69355  4.24690  2.90347  2.73739  3.18146  2.89801  2.37887  2.77519  2.98518  4.58477  3.61503
          0.02725  4.01230  4.73465  0.61958  0.77255  0.48576  0.95510
     16   2.78904  2.07380  4.32362  3.76037  2.78946  3.92828  4.26515  2.02901  3.63062  1.86752  3.15869  3.95237  4.28687  3.84263  3.80256  3.24672  3.03677  2.06313  4.84003  3.59028     16 l - - -
          2.68618  4.42225  2.77519  2.73123  3.46354  2.40513  3.72494  3.29354  2.67741  2.69355  4.24690  2.90347  2.73739  3.18146  2.89801  2.37887  2.77519  2.98518  4.58477  3.61503
          0.02725  4.01230  4.73465  0.61958  0.77255  0.48576  0.95510
     17   2.97901  5.28127  0.96955  2.28259  4.61216  3.26911  3.89154  4.18945  2.91125  3.75150  4.66572  2.84744  3.90537  3.09310  3.21869  2.91693  3.29761  3.80047  5.82195  4.41725     17 d - - -
          2.68618  4.42225  2.77519  2.73123  3.46354  2.40513  3.72494  3.29354  2.67741  2.69355  4.24690  2.90347  2.73739  3.18146  2.89801  2.37887  2.77519  2.98518  4.58477  3.61503
          0.02725  4.01230  4.73465  0.61958  0.77255  0.48576  0.95510
     18   3.52210  4.76053  4.67955  4.32619  1.21376  4.34684  3.47124  3.25164  4.15364  2.53004  3.83693  4.06001  4.64671  4.10809  4.16533  3.69334  3.73761  3.15053  2.19303  1.71065     18 f - - -
          2.68618  4.42225  2.77520  2.73120  3.46354  2.40513  3.72495  3.29354  2.67741  2.69355  4.24690  2.90347  2.73740  3.18146  2.89801  2.37887  2.77520  2.98518  4.58477  3.61503
          0.04036  3.48117  4.73465  0.56667  0.83797  0.48576  0.95510
     19   2.62799  4.76905  2.93637  2.52367  4.22767  3.33272  3.71036  3.63939  1.92618  3.23087  4.06308  2.99846  2.18812  2.87329  2.76560  2.43942  2.91324  3.24007  5.43206  4.12675     20 k - - -
          2.68618  4.42225  2.77519  2.73123  3.46354  2.40513  3.72494  3.29354  2.67741  2.69355  4.24690  2.90347  2.73739  3.18146  2.89801  2.37887  2.77519  2.98518  4.58477  3.61503
          0.02725  4.01230  4.73465  0.61958  0.77255  0.48576  0.95510
     20   2.41668  4.60991  2.78175  2.45125  3.96411  3.39137  3.63012  3.28692  2.31329  2.99082  3.81349  2.94150  3.75636  2.79256  2.84193  2.17505  2.63741  2.82867  5.24899  3.92683     21 s - - -
          2.68618  4.42225  2.77519  2.73123  3.46354  2.40513  3.72494  3.29354  2.67741  2.69355  4.24690  2.90347  2.73739  3.18146  2.89801  2.37887  2.77519  2.98518  4.58477  3.61503
          0.02725  4.01230  4.73465  0.61958  0.77255  0.48576  0.95510
     21   3.10600  4.47151  4.59691  4.05442  3.17197  4.32973  4.62011  1.36457  3.89072  1.41225  3.07530  4.30289  4.59679  4.11618  4.06331  3.66969  3.34093  2.00086  5.08795  3.63679     22 i - - -
          2.68618  4.42225  2.77519  2.73123  3.46354  2.40513  3.72494  3.29354  2.67741  2.69355  4.24690  2.90347  2.73739  3.18146  2.89801  2.37887  2.77519  2.98518  4.58477  3.61503
          0.02725  4.01230  4.73465  0.61958  0.77255  0.48576  0.95510
     22   1.94622  4.48508  3.10369  2.65645  4.06367  3.22061  3.81166  3.45853  2.41227  3.10583  3.93826  3.07542  3.58709  3.00680  3.05092  1.90981  2.52275  3.08418  5.36710  4.08346     23 s - - -
          2.68618  4.42225  2.77519  2.73123  3.46354  2.40513  3.72494  3.29354  2.67741  2.69355  4.24690  2.90347  2.73739  3.18146  2.89801  2.37887  2.77519  2.98518  4.58477  3.61503
          0.02725  4.01230  4.73465  0.61958  0.77255  0.48576  0.95510
     23   2.23675  4.69093  2.89833  2.46795  4.12669  2.71838  3.69532  3.55040  2.51070  3.15209  3.96535  2.95770  3.25817  2.61589  2.88652  2.09269  2.81971  3.18376  5.38564  4.05832     24 s - - -
          2.68618  4.42225  2.77519  2.73123  3.46354  2.40513  3.72494  3.29354  2.67741  2.69355  4.24690  2.90347  2.73739  3.18146  2.89801  2.37887  2.77519  2.98518  4.58477  3.61503
          0.02725  4.01230  4.73465  0.61958  0.77255  0.48576  0.95510
     24   2.76272  5.26223  2.12050  1.96746  4.56413  3.28624  3.66057  4.05141  2.52731  3.55343  4.34669  2.16218  3.80388  2.53718  3.05643  2.26772  3.01809  3.63620  5.71471  4.27297     25 e - - -
          2.68618  4.42225  2.77519  2.73123  3.46354  2.40513  3.72494  3.29354  2.67741  2.69355  4.24690  2.90347  2.73739  3.18146  2.89801  2.37887  2.77519  2.98518  4.58477  3.61503
          0.26104  4.01230  1.55277  0.61958  0.77255  0.48576  0.95510
     25   1.73951  4.08418  3.31196  2.95935  4.01489  2.47004  4.01164  3.35704  2.97751  3.09380  3.94323  3.17126  3.61134  3.28238  3.30571  1.95469  2.60942  2.66696  5.38304  4.15826     26 a - - -
          2.68618  4.42225  2.77519  2.73123  3.46354  2.40513  3.72494  3.29354  2.67741  2.69355  4.24690  2.90347  2.73739  3.18146  2.89801  2.37887  2.77519  2.98518  4.58477  3.61503
          0.03430  3.78556  4.50791  0.61958  0.77255  0.38154  1.14824
     26   2.54740  4.84577  2.89950  2.39680  4.17549  3.36211  3.61761  3.60470  2.37227  3.17647  3.97731  2.51490  3.01123  2.65679  2.52772  2.33384  2.63308  3.24634  5.38445  4.04072     27 s - - -
          2.68618  4.42225  2.77519  2.73123  3.46354  2.40513  3.72494  3.29354  2.67741  2.69355  4.24690  2.90347  2.73739  3.18146  2.89801  2.37887  2.77519  2.98518  4.58477  3.61503
          0.02725  4.01230  4.73465  0.61958  0.77255  0.48576  0.95510
     27   2.81774  5.32993  2.11400  1.57001  4.62602  3.27891  3.68549  4.11762  2.56480  3.61591  4.42331  2.74125  3.82122  2.17376  3.08966  2.67037  3.07788  3.70274  5.77341  4.32305     28 e - - -
          2.68624  4.42231  2.77526  2.73129  3.46360  2.40519  3.72501  3.29339  2.67747  2.69349  4.24696  2.90296  2.73746  3.18152  2.89778  2.37893  2.77526  2.98524  4.58483  3.61509
          0.26104  1.50974  4.73465  0.66930  0.71757  0.48576  0.95510
     28   2.81674  5.07795  2.89224  2.27385  4.39332  3.46417  3.62512  3.81798  2.18223  3.33129  4.16449  2.96771  3.89327  1.67682  2.30656  2.80224  3.03379  3.47409  5.47014  4.08202     31 q - - -
          2.68618  4.42225  2.77519  2.73123  3.46354  2.40513  3.72494  3.29354  2.67741  2.69355  4.24690  2.90347  2.73739  3.18146  2.89801  2.37887  2.77519  2.98518  4.58477  3.61503
          0.02725  4.01230  4.73465  0.61958  0.77255  0.48576  0.95510
     29   2.45263  4.93163  2.43708  2.00676  4.20046  3.36306  3.59777  3.63973  2.38869  3.20435  3.99878  2.86315  3.78164  2.55483  2.86885  2.60653  2.84543  2.99343  5.40992  3.50278     32 e - - -
          2.68618  4.42225  2.77519  2.73123  3.46354  2.40513  3.72494  3.29354  2.67741  2.69355  4.24690  2.90347  2.73739  3.18146  2.89801  2.37887  2.77519  2.98518  4.58477  3.61503
          0.02725  4.01230  4.73465  0.61958  0.77255  0.48576  0.95510
     30   3.03040  4.37758  4.67424  4.12520  2.23872  4.27999  4.59749  1.52522  4.00763  1.81263  3.11474  4.31336  4.56475  4.17362  4.15044  3.61763  3.26960  1.65585  5.03389  3.79379     33 i - - -
          2.68618  4.42225  2.77519  2.73123  3.46354  2.40513  3.72494  3.29354  2.67741  2.69355  4.24690  2.90347  2.73739  3.18146  2.89801  2.37887  2.77519  2.98518  4.58477  3.61503
          0.02725  4.01230  4.73465  0.61958  0.77255  0.48576  0.95510
     31   2.56590  4.66011  2.82378  2.47863  3.43429  3.42147  3.63315  3.19919  2.46320  2.90616  3.48134  2.78016  3.39488  2.80952  2.56067  2.63208  2.48235  2.97661  5.03746  3.83039     34 k - - -
          2.68618  4.42225  2.77519  2.73123  3.46354  2.40513  3.72494  3.29354  2.67741  2.69355  4.24690  2.90347  2.73739  3.18146  2.89801  2.37887  2.77519  2.98518  4.58477  3.61503
          0.02725  4.01230  4.73465  0.61958  0.77255  0.48576  0.95510
     32   2.48538  1.39978  4.24487  3.84582  3.66289  3.34103  4.48799  2.48951  3.65923  2.54718  3.66989  3.81596  4.01586  3.95712  3.83041  2.79880  2.91715  2.02925  5.29478  4.05828     35 c - - -
          2.68618  4.42225  2.77519  2.73123  3.46354  2.40513  3.72494  3.29354  2.67741  2.69355  4.24690  2.90347  2.73739  3.18146  2.89801  2.37887  2.77519  2.98518  4.58477  3.61503
          0.02725  4.01230  4.73465  0.61958  0.77255  0.48576  0.95510
     33   2.43491  2.18607  3.86100  3.33790  3.48588  3.36664  4.08286  2.49985  3.23832  2.52318  3.45939  3.53042  3.91749  3.51131  3.49208  2.34139  2.50352  2.19446  4.98449  3.78202     36 c - - -
          2.68618  4.42225  2.77519  2.73123  3.46354  2.40513  3.72494  3.29354  2.67741  2.69355  4.24690  2.90347  2.73739  3.18146  2.89801  2.37887  2.77519  2.98518  4.58477  3.61503
          0.02725  4.01230  4.73465  0.61958  0.77255  0.48576  0.95510
     34   3.00853  5.53055  1.08060  1.91556  4.82503  3.22950  3.82407  4.34416  2.88347  3.87327  4.75913  2.71193  3.87525  3.00523  3.48676  2.89019  3.31117  3.92994  6.01563  4.52044     37 d - - -
          2.68618  4.42225  2.77519  2.73123  3.46354  2.40513  3.72494  3.29354  2.67741  2.69355  4.24690  2.90347  2.73739  3.18146  2.89801  2.37887  2.77519  2.98518  4.58477  3.61503
          0.02725  4.01230  4.73465  0.61958  0.77255  0.48576  0.95510
     35   1.96317  4.20008  3.40628  3.04249  4.24140  2.55252  4.12298  3.64534  3.07669  3.32432  4.14419  3.25604  3.69601  3.37119  3.42338  1.51803  2.10824  3.13346  5.57544  4.35045     38 s - - -
          2.68618  4.42225  2.77519  2.73123  3.46354  2.40513  3.72494  3.29354  2.67741  2.69355  4.24690  2.90347  2.73739  3.18146  2.89801  2.37887  2.77519  2.98518  4.58477  3.61503
          0.08077  4.01230  2.82171  0.61958  0.77255  0.48576  0.95510
     36   2.58312  4.29998  3.54041  3.02530  3.43560  2.49493  3.92548  2.67560  2.91559  2.19760  2.28077  3.38280  3.96276  3.26319  3.22837  2.82432  2.83719  2.49278  4.96388  3.72388     39 l - - -
          2.68618  4.42225  2.77519  2.73123  3.46354  2.40513  3.72494  3.29354  2.67741  2.69355  4.24690  2.90347  2.73739  3.18146  2.89801  2.37887  2.77519  2.98518  4.58477  3.61503
          0.02872  3.96025  4.68260  0.61958  0.77255  0.53766  0.87735
     37   2.61737  4.90201  2.97600  2.28715  4.18668  3.43092  3.58619  3.60106  1.80234  3.16037  3.97513  2.94560  3.82597  2.72560  2.42429  2.53409  2.88830  3.26526  5.34827  3.44183     40 k - - -
          2.68618  4.42225  2.77519  2.73123  3.46354  2.40513  3.72494  3.29354  2.67741  2.69355  4.24690  2.90347  2.73739  3.18146  2.89801  2.37887  2.77519  2.98518  4.58477  3.61503
          0.02872  3.96025  4.68260  0.61958  0.77255  0.45463  1.00699
     38   2.75002  5.06596  2.05292  2.24943  4.56175  1.70671  3.79543  4.05563  2.75913  3.61030  4.44382  2.33142  3.81770  2.96828  3.29026  2.72438  3.07310  3.62441  5.78667  4.36356     41 g - - -
          2.68618  4.42225  2.77519  2.73123  3.46354  2.40513  3.72494  3.29354  2.67741  2.69355  4.24690  2.90347  2.73739  3.18146  2.89801  2.37887  2.77519  2.98518  4.58477  3.61503
          0.02725  4.01230  4.73465  0.61958  0.77255  0.48576  0.95510
     39   2.74995  4.89607  3.18545  2.58429  4.20608  3.51342  3.61423  3.13160  1.71057  3.15198  3.98955  3.05477  3.89610  2.76140  2.00887  2.55111  2.96145  3.27139  5.33316  4.06622     42 k - - -
          2.68618  4.42225  2.77519  2.73123  3.46354  2.40513  3.72494  3.29354  2.67741  2.69355  4.24690  2.90347  2.73739  3.18146  2.89801  2.37887  2.77519  2.98518  4.58477  3.61503
          0.19727  4.01230  1.82671  0.61958  0.77255  0.48576  0.95510
     40   2.97391  4.49276  3.97675  3.49983  2.75813  3.93616  3.97657  2.46671  3.29314  1.27135  3.17996  3.77537  4.29185  3.62423  3.51722  3.28800  3.21667  2.45045  4.49540  2.58702     43 l - - -
          2.68618  4.42225  2.77519  2.73123  3.46354  2.40513  3.72494  3.29354  2.67741  2.69355  4.24690  2.90347  2.73739  3.18146  2.89801  2.37887  2.77519  2.98518  4.58477  3.61503
          0.03221  3.84724  4.56959  0.61958  0.77255  0.40311  1.10334
     41   2.73718  5.09216  2.75935  2.19937  4.42176  3.39596  3.61274  3.85797  1.74031  3.37037  4.17185  2.72217  3.83596  2.54236  2.66444  2.31517  2.96653  3.48243  5.51978  4.17234     44 k - - -
          2.68618  4.42225  2.77519  2.73123  3.46354  2.40513  3.72494  3.29354  2.67741  2.69355  4.24690  2.90347  2.73739  3.18146  2.89801  2.37887  2.77519  2.98518  4.58477  3.61503
          0.02725  4.01230  4.73465  0.61958  0.77255  0.48576  0.95510
     42   2.75795  5.24417  2.06658  1.79000  4.55498  3.28143  3.66643  4.03946  2.54161  3.54772  4.34294  2.30247  3.80311  2.80328  3.07431  2.40437  2.77126  3.62540  5.71365  4.27299     45 e - - -
          2.68618  4.42225  2.77519  2.73123  3.46354  2.40513  3.72494  3.29354  2.67741  2.69355  4.24690  2.90347  2.73739  3.18146  2.89801  2.37887  2.77519  2.98518  4.58477  3.61503
          0.02725  4.01230  4.73465  0.61958  0.77255  0.48576  0.95510
     43   2.05981  4.27182  3.24362  2.94572  4.25574  3.01620  4.08979  3.65571  3.01702  3.33900  4.17629  3.21289  1.67118  3.33256  3.36553  1.96443  2.75388  3.16452  5.58639  4.33979     46 p - - -
          2.68618  4.42225  2.77519  2.73123  3.46354  2.40513  3.72494  3.29354  2.67741  2.69355  4.24690  2.90347  2.73739  3.18146  2.89801  2.37887  2.77519  2.98518  4.58477  3.61503
          0.02725  4.01230  4.73465  0.61958  0.77255  0.48576  0.95510
     44   3.16848  4.99418  3.67392  3.15820  4.38442  3.62722  3.93364  3.93740  2.30487  3.42801  4.42618  3.50640  4.12447  3.14845  0.78451  3.24691  3.42586  3.65572  5.41169  4.28315     47 r - - -
          2.68618  4.42225  2.77519  2.73123  3.46354  2.40513  3.72494  3.29354  2.67741  2.69355  4.24690  2.90347  2.73739  3.18146  2.89801  2.37887  2.77519  2.98518  4.58477  3.61503
          0.02725  4.01230  4.73465  0.61958  0.77255  0.48576  0.95510
     45   3.07800  5.18199  3.50548  2.82377  4.64551  3.68609  3.61816  3.98801  1.37188  3.42322  4.29689  3.21857  4.05139  2.75285  1.47350  3.07264  3.24007  3.67155  5.45748  4.29873     48 k - - -
          2.68618  4.42225  2.77519  2.73123  3.46354  2.40513  3.72494  3.29354  2.67741  2.69355  4.24690  2.90347  2.73739  3.18146  2.89801  2.37887  2.77519  2.98518  4.58477  3.61503
          0.02725  4.01230  4.73465  0.61958  0.77255  0.48576  0.95510
     46   2.91946  4.42551  4.31717  3.98649  3.65559  3.86656  4.76509  2.05302  3.85640  2.31955  3.60132  4.15334  4.42065  4.20698  4.05514  3.38037  3.27847  0.86538  5.46303  4.20252     49 v - - -
          2.68618  4.42225  2.77519  2.73123  3.46354  2.40513  3.72494  3.29354  2.67741  2.69355  4.24690  2.90347  2.73739  3.18146  2.89801  2.37887  2.77519  2.98518  4.58477  3.61503
          0.02725  4.01230  4.73465  0.61958  0.77255  0.48576  0.95510
     47   3.28848  4.65313  4.70878  4.19787  3.11660  4.47056  4.79676  1.93436  3.99156  0.88607  2.96728  4.47151  4.71520  4.21771  4.15012  3.85432  3.53085  2.17877  5.17522  4.00518     50 l - - -
          2.68618  4.42225  2.77519  2.73123  3.46354  2.40513  3.72494  3.29354  2.67741  2.69355  4.24690  2.90347  2.73739  3.18146  2.89801  2.37887  2.77519  2.98518  4.58477  3.61503
          0.02725  4.01230  4.73465  0.61958  0.77255  0.48576  0.95510
     48   3.31493  4.73685  4.41347  4.05588  3.19390  4.15855  4.66787  2.40761  3.82224  0.72041  3.17663  4.31773  4.57110  4.15700  3.97466  3.74858  3.60352  2.48089  5.12194  3.87690     51 l - - -
          2.68618  4.42225  2.77519  2.73123  3.46354  2.40513  3.72494  3.29354  2.67741  2.69355  4.24690  2.90347  2.73739  3.18146  2.89801  2.37887  2.77519  2.98518  4.58477  3.61503
          0.02725  4.01230  4.73465  0.61958  0.77255  0.48576  0.95510
     49   2.39699  4.51285  3.23629  2.70608  3.80122  3.42933  3.74840  3.10977  2.52863  2.83050  3.70876  2.83260  3.87250  2.97127  2.26980  2.71640  2.84936  2.11027  5.14959  3.88651     52 v - - -
          2.68618  4.42225  2.77519  2.73123  3.46354  2.40513  3.72494  3.29354  2.67741  2.69355  4.24690  2.90347  2.73739  3.18146  2.89801  2.37887  2.77519  2.98518  4.58477  3.61503
          0.02725  4.01230  4.73465  0.61958  0.77255  0.48576  0.95510
     50   2.54998  4.58070  2.96535  2.68243  4.22375  3.20726  3.88509  3.66304  2.34829  3.30688  4.17030  3.09175  3.82139  3.09358  2.98493  1.31574  2.92013  3.26239  5.49736  4.19906     53 s - - -
          2.68618  4.42225  2.77519  2.73123  3.46354  2.40513  3.72494  3.29354  2.67741  2.69355  4.24690  2.90347  2.73739  3.18146  2.89801  2.37887  2.77519  2.98518  4.58477  3.61503
          0.02725  4.01230  4.73465  0.61958  0.77255  0.48576  0.95510
     51   2.80040  2.14957  4.46681  3.93530  3.43572  3.95153  4.53215  1.60168  3.80152  2.17664  3.33659  4.09236  4.37306  4.04659  3.98187  3.31230  3.08592  1.69155  5.16232  3.95969     54 i - - -
          2.68618  4.42225  2.77519  2.73123  3.46354  2.40513  3.72494  3.29354  2.67741  2.69355  4.24690  2.90347  2.73739  3.18146  2.89801  2.37887  2.77519  2.98518  4.58477  3.61503
          0.02725  4.01230  4.73465  0.61958  0.77255  0.48576  0.95510
     52   2.58884  4.78216  2.94599  2.17812  3.51119  3.37161  3.61353  3.44423  2.39885  3.04639  3.86306  2.93480  3.79947  2.57860  2.65801  2.23545  2.63744  3.12155  5.28708  3.95564     55 e - - -
          2.68618  4.42225  2.77519  2.73123  3.46354  2.40513  3.72494  3.29354  2.67741  2.69355  4.24690  2.90347  2.73739  3.18146  2.89801  2.37887  2.77519  2.98518  4.58477  3.61503
          0.02725  4.01230  4.73465  0.61958  0.77255  0.48576  0.95510
     53   2.60897  4.33538  4.53984  4.03074  3.59276  4.19306  4.76892  1.47233  3.93012  2.20591  3.42327  4.25934  4.56619  4.20686  4.15496  3.55848  3.22337  1.20594  5.42456  4.21796     56 v - - -
          2.68618  4.42225  2.77519  2.73123  3.46354  2.40513  3.72494  3.29354  2.67741  2.69355  4.24690  2.90347  2.73739  3.18146  2.89801  2.37887  2.77519  2.98518  4.58477  3.61503
          0.02725  4.01230  4.73465  0.61958  0.77255  0.48576  0.95510
     54   2.27753  4.22304  3.38064  3.02572  4.15309  2.28186  4.10080  3.53798  3.05092  3.24720  4.09018  3.25867  3.72121  3.35949  3.39132  1.40024  2.72770  2.61897  5.51016  4.26925     57 s - - -
          2.68618  4.42225  2.77519  2.73123  3.46354  2.40513  3.72494  3.29354  2.67741  2.69355  4.24690  2.90347  2.73739  3.18146  2.89801  2.37887  2.77519  2.98518  4.58477  3.61503
          0.02725  4.01230  4.73465  0.61958  0.77255  0.48576  0.95510
     55   2.48844  4.44943  4.04930  3.67455  1.28545  3.75815  4.03465  2.64505  3.59715  2.20936  3.45044  3.82851  4.25905  3.82884  3.79636  3.17406  3.20407  2.54901  4.48549  2.93551     58 f - - -
          2.68618  4.42225  2.77519  2.73123  3.46354  2.40513  3.72494  3.29354  2.67741  2.69355  4.24690  2.90347  2.73739  3.18146  2.89801  2.37887  2.77519  2.98518  4.58477  3.61503
          0.02725  4.01230  4.73465  0.61958  0.77255  0.48576  0.95510
     56   2.58739  4.65754  2.76897  2.58423  4.28342  3.18190  3.91363  3.72160  2.76600  3.40564  4.28804  1.35576  3.82374  3.12633  3.14920  2.66684  2.55773  3.31612  5.58589  4.23625     59 n - - -
          2.68618  4.42225  2.77519  2.73123  3.46354  2.40513  3.72494  3.29354  2.67741  2.69355  4.24690  2.90347  2.73739  3.18146  2.89801  2.37887  2.77519  2.98518  4.58477  3.61503
          0.02725  4.01230  4.73465  0.61958  0.77255  0.48576  0.95510
     57   2.84745  4.60710  3.54970  3.46783  4.60394  0.54262  4.57784  4.23924  3.66800  3.87532  4.85352  3.71426  4.00264  3.98125  3.88702  3.02367  3.33958  3.74059  5.66039  4.71118     60 G - - -
          2.68618  4.42225  2.77519  2.73123  3.46354  2.40513  3.72494  3.29354  2.67741  2.69355  4.24690  2.90347  2.73739  3.18146  2.89801  2.37887  2.77519  2.98518  4.58477  3.61503
          0.02725  4.01230  4.73465  0.61958  0.77255  0.48576  0.95510
     58   2.34762  4.27960  3.33203  3.10913  4.11311  3.03337  4.19050  3.52084  3.14103  3.33817  4.25857  3.31647  3.77021  3.49453  3.43172  1.00791  2.82580  3.14943  5.51972  4.20370     61 s - - -
          2.68618  4.42225  2.77519  2.73123  3.46354  2.40513  3.72494  3.29354  2.67741  2.69355  4.24690  2.90347  2.73739  3.18146  2.89801  2.37887  2.77519  2.98518  4.58477  3.61503
          0.02725  4.01230  4.73465  0.61958  0.77255  0.48576  0.95510
     59   3.44085  4.80224  4.43050  4.17328  0.80795  4.09434  3.94611  2.94927  4.07724  2.28793  3.65988  4.17903  4.55111  4.20711  4.16234  3.70241  3.74272  2.94993  4.15699  2.50781     62 f - - -
          2.68618  4.42225  2.77519  2.73123  3.46354  2.40513  3.72494  3.29354  2.67741  2.69355  4.24690  2.90347  2.73739  3.18146  2.89801  2.37887  2.77519  2.98518  4.58477  3.61503
          0.02725  4.01230  4.73465  0.61958  0.77255  0.48576  0.95510
     60   2.74230  4.68056  3.26156  2.71353  3.67280  3.54823  3.66612  3.28019  2.14031  2.90465  3.78832  3.15287  3.94037  2.90664  2.33182  2.76981  2.96155  3.01801  5.02284  2.07600     63 y - - -
          2.68618  4.42225  2.77519  2.73123  3.46354  2.40513  3.72494  3.29354  2.67741  2.69355  4.24690  2.90347  2.73739  3.18146  2.89801  2.37887  2.77519  2.98518  4.58477  3.61503
          0.02725  4.01230  4.73465  0.61958  0.77255  0.48576  0.95510
     61   2.84745  4.60710  3.54970  3.46783  4.60394  0.54262  4.57784  4.23924  3.66800  3.87532  4.85352  3.71426  4.00264  3.98125  3.88702  3.02367  3.33958  3.74059  5.66039  4.71118     64 G - - -
          2.68618  4.42225  2.77519  2.73123  3.46354  2.40513  3.72494  3.29354  2.67741  2.69355  4.24690  2.90347  2.73739  3.18146  2.89801  2.37887  2.77519  2.98518  4.58477  3.61503
          0.02725  4.01230  4.73465  0.61958  0.77255  0.48576  0.95510
     62   2.47265  4.57681  2.79036  2.55578  4.38325  2.15073  3.89562  3.85065  2.79204  3.45190  4.26774  2.00943  3.75620  3.08479  3.22734  1.98266  2.86437  3.36925  5.64515  4.31745     65 s - - -
          2.68618  4.42225  2.77519  2.73123  3.46354  2.40513  3.72494  3.29354  2.67741  2.69355  4.24690  2.90347  2.73739  3.18146  2.89801  2.37887  2.77519  2.98518  4.58477  3.61503
          0.02725  4.01230  4.73465  0.61958  0.77255  0.48576  0.95510
     63   2.85502  5.18615  2.08444  2.24366  4.53963  3.23468  3.81687  4.10899  2.79162  3.67416  4.53968  1.30846  3.85663  3.00436  3.31201  2.80776  3.17220  3.69897  5.78167  4.33577     66 n - - -
          2.68618  4.42225  2.77519  2.73123  3.46354  2.40513  3.72494  3.29354  2.67741  2.69355  4.24690  2.90347  2.73739  3.18146  2.89801  2.37887  2.77519  2.98518  4.58477  3.61503
          0.02725  4.01230  4.73465  0.61958  0.77255  0.48576  0.95510
     64   3.16848  4.99418  3.67392  3.15820  4.38442  3.62722  3.93364  3.93740  2.30487  3.42801  4.42618  3.50640  4.12447  3.14845  0.78451  3.24691  3.42586  3.65572  5.41169  4.28315     67 r - - -
          2.68618  4.42225  2.77519  2.73123  3.46354  2.40513  3.72494  3.29354  2.67741  2.69355  4.24690  2.90347  2.73739  3.18146  2.89801  2.37887  2.77519  2.98518  4.58477  3.61503
          0.02725  4.01230  4.73465  0.61958  0.77255  0.48576  0.95510
     65   2.72874  4.79000  2.69274  2.58716  4.19858  3.22064  3.95682  3.90165  2.85517  3.54629  4.47099  1.10275  3.88294  3.20927  3.22856  2.74877  3.11764  3.49333  5.53212  4.12330     68 n - - -
          2.68618  4.42225  2.77519  2.73123  3.46354  2.40513  3.72494  3.29354  2.67741  2.69355  4.24690  2.90347  2.73739  3.18146  2.89801  2.37887  2.77519  2.98518  4.58477  3.61503
          0.02725  4.01230  4.73465  0.61958  0.77255  0.48576  0.95510
     66   2.91946  4.42551  4.31717  3.98649  3.65559  3.86656  4.76509  2.05302  3.85640  2.31955  3.60132  4.15334  4.42065  4.20698  4.05514  3.38037  3.27847  0.86538  5.46303  4.20252     69 v - - -
          2.68618  4.42225  2.77519  2.73123  3.46354  2.40513  3.72494  3.29354  2.67741  2.69355  4.24690  2.90347  2.73739  3.18146  2.89801  2.37887  2.77519  2.98518  4.58477  3.61503
          0.02725  4.01230  4.73465  0.61958  0.77255  0.48576  0.95510
     67   3.16848  4.99418  3.67392  3.15820  4.38442  3.62722  3.93364  3.93740  2.30487  3.42801  4.42618  3.50640  4.12447  3.14845  0.78451  3.24691  3.42586  3.65572  5.41169  4.28315     70 r - - -
          2.68618  4.42225  2.77519  2.73123  3.46354  2.40513  3.72494  3.29354  2.67741  2.69355  4.24690  2.90347  2.73739  3.18146  2.89801  2.37887  2.77519  2.98518  4.58477  3.61503
          0.02725  4.01230  4.73465  0.61958  0.77255  0.48576  0.95510
     68   2.45007  4.14918  3.41464  3.16441  4.28605  0.98237  4.22939  3.76725  3.13190  3.44831  4.33707  3.38924  3.81680  3.52256  3.15639  2.61961  2.91598  3.29003  5.56630  4.37841     71 g - - -
          2.68618  4.42225  2.77519  2.73123  3.46354  2.40513  3.72494  3.29354  2.67741  2.69355  4.24690  2.90347  2.73739  3.18146  2.89801  2.37887  2.77519  2.98518  4.58477  3.61503
          0.02725  4.01230  4.73465  0.61958  0.77255  0.48576  0.95510
     69   2.69997  4.59103  3.26357  2.74062  2.32991  3.54522  3.70171  3.12117  2.54548  2.71178  3.65949  3.18163  3.94374  2.16338  2.62774  2.82170  2.93218  2.89429  4.88766  3.48733     72 q - - -
          2.68618  4.42225  2.77519  2.73123  3.46354  2.40513  3.72494  3.29354  2.67741  2.69355  4.24690  2.90347  2.73739  3.18146  2.89801  2.37887  2.77519  2.98518  4.58477  3.61503
          0.02725  4.01230  4.73465  0.61958  0.77255  0.48576  0.95510
     70   3.05808  4.39920  4.68424  4.12942  3.10595  4.33975  4.70979  1.51637  4.01883  1.44639  3.11779  4.35585  4.60760  4.20123  4.18216  3.61364  3.29507  1.65620  5.18316  4.02423     73 l - - -
          2.68618  4.42225  2.77519  2.73123  3.46354  2.40513  3.72494  3.29354  2.67741  2.69355  4.24690  2.90347  2.73739  3.18146  2.89801  2.37887  2.77519  2.98518  4.58477  3.61503
          0.02725  4.01230  4.73465  0.61958  0.77255  0.48576  0.95510
     71   2.63774  4.64597  3.08162  2.57629  3.65394  3.46415  3.66283  3.24068  2.49807  2.87770  3.74757  2.79187  3.87014  2.18635  2.89065  2.72194  2.87235  2.72230  5.03933  2.68346     74 q - - -
          2.68618  4.42225  2.77519  2.73123  3.46354  2.40513  3.72494  3.29354  2.67741  2.69355  4.24690  2.90347  2.73739  3.18146  2.89801  2.37887  2.77519  2.98518  4.58477  3.61503
          0.02725  4.01230  4.73465  0.61958  0.77255  0.48576  0.95510
     72   2.96794  4.37591  4.42831  3.86571  3.25050  4.16100  4.50424  1.80966  3.72174  1.35141  3.10647  4.12740  4.46290  3.96194  3.69345  3.48096  3.20519  1.72863  5.09008  3.93185     75 l - - -
          2.68618  4.42225  2.77519  2.73123  3.46354  2.40513  3.72494  3.29354  2.67741  2.69355  4.24690  2.90347  2.73739  3.18146  2.89801  2.37887  2.77519  2.98518  4.58477  3.61503
          0.02725  4.01230  4.73465  0.61958  0.77255  0.48576  0.95510
     73   2.40287  4.31562  3.30175  2.89729  3.09945  2.75143  3.94268  3.29338  2.91829  2.98739  3.86559  3.22389  3.79353  3.23149  3.28065  1.45523  2.78402  2.94191  5.20545  3.88459     76 s - - -
          2.68618  4.42225  2.77519  2.73123  3.46354  2.40513  3.72494  3.29354  2.67741  2.69355  4.24690  2.90347  2.73739  3.18146  2.89801  2.37887  2.77519  2.98518  4.58477  3.61503
          0.02725  4.01230  4.73465  0.61958  0.77255  0.48576  0.95510
     74   3.10100  4.48024  4.60885  4.05601  3.21046  4.31835  4.68693  1.69108  3.91482  1.66289  1.72980  4.31625  4.58972  4.11828  4.09136  3.65729  3.34040  1.95541  5.17236  4.04916     77 l - - -
          2.68618  4.42225  2.77519  2.73123  3.46354  2.40513  3.72494  3.29354  2.67741  2.69355  4.24690  2.90347  2.73739  3.18146  2.89801  2.37887  2.77519  2.98518  4.58477  3.61503
          0.02725  4.01230  4.73465  0.61958  0.77255  0.48576  0.95510
     75   2.60958  4.74396  3.05529  2.34591  3.97684  3.44057  3.61757  3.35203  2.23405  2.72636  3.69717  2.98532  3.82505  2.59822  2.30092  2.65862  2.83504  2.95812  5.23757  3.44328     78 k - - -
          2.68618  4.42225  2.77519  2.73123  3.46354  2.40513  3.72494  3.29354  2.67741  2.69355  4.24690  2.90347  2.73739  3.18146  2.89801  2.37887  2.77519  2.98518  4.58477  3.61503
          0.02725  4.01230  4.73465  0.61958  0.77255  0.48576  0.95510
     76   2.73761  5.18460  2.30646  1.83666  4.48698  3.31054  3.64688  3.95496  2.47025  3.47251  4.26863  2.78514  3.80592  2.03785  2.96687  2.68573  2.69530  3.55675  5.64072  4.22545     79 e - - -
          2.68618  4.42225  2.77519  2.73123  3.46354  2.40513  3.72494  3.29354  2.67741  2.69355  4.24690  2.90347  2.73739  3.18146  2.89801  2.37887  2.77519  2.98518  4.58477  3.61503
          0.02725  4.01230  4.73465  0.61958  0.77255  0.48576  0.95510
     77   3.14495  5.28845  0.73646  2.43213  4.68546  3.32121  4.06141  4.30656  3.17311  3.89076  4.87381  2.99479  3.98408  3.30213  3.70686  3.09285  3.48717  3.93148  5.82641  4.53772     80 d - - -
          2.68618  4.42225  2.77519  2.73123  3.46354  2.40513  3.72494  3.29354  2.67741  2.69355  4.24690  2.90347  2.73739  3.18146  2.89801  2.37887  2.77519  2.98518  4.58477  3.61503
          0.02725  4.01230  4.73465  0.61958  0.77255  0.48576  0.95510
     78   3.14495  5.28845  0.73646  2.43213  4.68546  3.32121  4.06141  4.30656  3.17311  3.89076  4.87381  2.99479  3.98408  3.30213  3.70686  3.09285  3.48717  3.93148  5.82641  4.53772     81 d - - -
          2.68618  4.42225  2.77519  2.73123  3.46354  2.40513  3.72494  3.29354  2.67741  2.69355  4.24690  2.90347  2.73739  3.18146  2.89801  2.37887  2.77519  2.98518  4.58477  3.61503
          0.02725  4.01230  4.73465  0.61958  0.77255  0.48576  0.95510
     79   2.84745  4.60710  3.54970  3.46783  4.60394  0.54262  4.57784  4.23924  3.66800  3.87532  4.85352  3.71426  4.00264  3.98125  3.88702  3.02367  3.33958  3.74059  5.66039  4.71118     82 G - - -
          2.68618  4.42225  2.77519  2.73123  3.46354  2.40513  3.72494  3.29354  2.67741  2.69355  4.24690  2.90347  2.73739  3.18146  2.89801  2.37887  2.77519  2.98518  4.58477  3.61503
          0.02725  4.01230  4.73465  0.61958  0.77255  0.48576  0.95510
     80   2.61490  4.58789  3.05343  2.29815  3.78122  3.44905  3.25385  3.15409  2.53058  2.82487  3.69097  3.05479  3.86087  2.79078  2.92614  2.71686  2.68619  2.08244  5.13125  3.84706     83 v - - -
          2.68618  4.42225  2.77519  2.73123  3.46354  2.40513  3.72494  3.29354  2.67741  2.69355  4.24690  2.90347  2.73739  3.18146  2.89801  2.37887  2.77519  2.98518  4.58477  3.61503
          0.02725  4.01230  4.73465  0.61958  0.77255  0.48576  0.95510
     81   2.55831  3.51289  3.94296  3.35953  2.86995  3.64923  3.94333  2.47273  2.94970  2.04074  2.56929  3.59825  4.01767  3.48234  3.45369  2.91193  2.79035  2.16002  4.65878  3.10150     84 l - - -
          2.68618  4.42225  2.77519  2.73123  3.46354  2.40513  3.72494  3.29354  2.67741  2.69355  4.24690  2.90347  2.73739  3.18146  2.89801  2.37887  2.77519  2.98518  4.58477  3.61503
          0.02725  4.01230  4.73465  0.61958  0.77255  0.48576  0.95510
     82   3.07786  5.11630  3.50552  2.86911  4.55321  3.67066  3.65646  3.91956  1.77037  3.38644  4.28147  3.25189  4.06194  2.80464  1.15174  3.09322  3.25667  3.61616  5.43507  4.27414     85 r - - -
          2.68618  4.42225  2.77519  2.73123  3.46354  2.40513  3.72494  3.29354  2.67741  2.69355  4.24690  2.90347  2.73739  3.18146  2.89801  2.37887  2.77519  2.98518  4.58477  3.61503
          0.02725  4.01230  4.73465  0.61958  0.77255  0.48576  0.95510
     83   2.54351  4.39871  3.38699  3.00852  3.76114  3.32050  4.03030  2.58756  2.92775  2.75513  3.78987  3.33881  1.55002  3.32004  3.24381  2.70139  2.91065  2.73247  5.25405  3.95634     86 p - - -
          2.68618  4.42225  2.77519  2.73123  3.46354  2.40513  3.72494  3.29354  2.67741  2.69355  4.24690  2.90347  2.73739  3.18146  2.89801  2.37887  2.77519  2.98518  4.58477  3.61503
          0.02725  4.01230  4.73465  0.61958  0.77255  0.48576  0.95510
     84   3.13159  4.43196  4.83710  4.31395  3.47915  4.50389  4.99106  1.26382  4.20156  1.80963  3.27966  4.54637  4.76992  4.43400  4.38763  3.87326  3.38241  1.34941  5.46176  4.28504     87 i - - -
          2.68618  4.42225  2.77519  2.73123  3.46354  2.40513  3.72494  3.29354  2.67741  2.69355  4.24690  2.90347  2.73739  3.18146  2.89801  2.37887  2.77519  2.98518  4.58477  3.61503
          0.02725  4.01230  4.73465  0.61958  0.77255  0.48576  0.95510
     85   2.54827  4.33225  3.43601  2.91050  3.56276  2.18364  3.87523  2.80547  2.83026  2.20516  3.07607  3.29431  3.91511  3.17385  3.17570  2.75488  2.58645  2.58209  5.02795  3.78526     88 g - - -
          2.68618  4.42225  2.77519  2.73123  3.46354  2.40513  3.72494  3.29354  2.67741  2.69355  4.24690  2.90347  2.73739  3.18146  2.89801  2.37887  2.77519  2.98518  4.58477  3.61503
          0.02725  4.01230  4.73465  0.61958  0.77255  0.48576  0.95510
     86   2.63524  4.12142  4.00481  3.43487  2.40874  3.71607  3.92070  2.16905  3.32275  2.22063  3.20121  3.65395  4.08197  3.54680  3.52296  2.73180  2.86867  2.16489  4.53777  2.53183     89 v - - -
          2.68618  4.42225  2.77519  2.73123  3.46354  2.40513  3.72494  3.29354  2.67741  2.69355  4.24690  2.90347  2.73739  3.18146  2.89801  2.37887  2.77519  2.98518  4.58477  3.61503
          0.02725  4.01230  4.73465  0.61958  0.77255  0.48576  0.95510
     87   3.12055  4.43233  4.79384  4.26081  3.42445  4.46824  4.92101  1.54414  4.14827  1.61854  3.23000  4.49805  4.73176  4.36786  4.33096  3.82772  3.36729  1.26544  5.39439  4.22981     90 v - - -
          2.68618  4.42225  2.77519  2.73123  3.46354  2.40513  3.72494  3.29354  2.67741  2.69355  4.24690  2.90347  2.73739  3.18146  2.89801  2.37887  2.77519  2.98518  4.58477  3.61503
          0.02725  4.01230  4.73465  0.61958  0.77255  0.48576  0.95510
     88   2.94665  4.67871  3.56926  3.42986  4.40994  3.35840  4.49432  3.99318  3.49949  3.60411  4.66117  3.72160  0.60431  3.88400  3.72763  3.11893  3.39959  3.62230  5.55635  4.53310     91 P - - -
          2.68618  4.42225  2.77519  2.73123  3.46354  2.40513  3.72494  3.29354  2.67741  2.69355  4.24690  2.90347  2.73739  3.18146  2.89801  2.37887  2.77519  2.98518  4.58477  3.61503
          0.02725  4.01230  4.73465  0.61958  0.77255  0.48576  0.95510
     89   3.13352  4.48632  4.66099  4.15041  1.92346  4.30975  4.44491  1.45281  4.01998  1.74942  3.09957  4.31242  4.59533  4.16751  4.15203  3.66505  3.37456  2.11223  4.78296  3.38208     92 i - - -
          2.68618  4.42225  2.77519  2.73123  3.46354  2.40513  3.72494  3.29354  2.67741  2.69355  4.24690  2.90347  2.73739  3.18146  2.89801  2.37887  2.77519  2.98518  4.58477  3.61503
          0.02725  4.01230  4.73465  0.61958  0.77255  0.48576  0.95510
     90   2.84745  4.60710  3.54970  3.46783  4.60394  0.54262  4.57784  4.23924  3.66800  3.87532  4.85352  3.71426  4.00264  3.98125  3.88702  3.02367  3.33958  3.74059  5.66039  4.71118     93 G - - -
          2.68618  4.42225  2.77519  2.73123  3.46354  2.40513  3.72494  3.29354  2.67741  2.69355  4.24690  2.90347  2.73739  3.18146  2.89801  2.37887  2.77519  2.98518  4.58477  3.61503
          0.02725  4.01230  4.73465  0.61958  0.77255  0.48576  0.95510
     91   2.84745  4.60710  3.54970  3.46783  4.60394  0.54262  4.57784  4.23924  3.66800  3.87532  4.85352  3.71426  4.00264  3.98125  3.88702  3.02367  3.33958  3.74059  5.66039  4.71118     94 G - - -
          2.68618  4.42225  2.77519  2.73123  3.46354  2.40513  3.72494  3.29354  2.67741  2.69355  4.24690  2.90347  2.73739  3.18146  2.89801  2.37887  2.77519  2.98518  4.58477  3.61503
          0.02725  4.01230  4.73465  0.61958  0.77255  0.48576  0.95510
     92   3.45441  4.88657  4.04710  3.80442  2.31070  3.99493  3.69200  3.44469  3.65801  2.86208  4.10556  3.89933  4.46633  3.93019  3.81229  3.57649  3.74223  3.32209  3.95922  0.76156     95 y - - -
          2.68618  4.42225  2.77519  2.73123  3.46354  2.40513  3.72494  3.29354  2.67741  2.69355  4.24690  2.90347  2.73739  3.18146  2.89801  2.37887  2.77519  2.98518  4.58477  3.61503
          0.02725  4.01230  4.73465  0.61958  0.77255  0.48576  0.95510
     93   2.65244  4.31573  3.66628  3.14052  3.36644  2.53663  3.99284  2.59304  3.02318  1.65727  2.88379  3.48736  4.04041  3.35742  3.32001  2.92351  2.91798  2.44475  4.94533  3.71243     96 l - - -
          2.68618  4.42225  2.77519  2.73123  3.46354  2.40513  3.72494  3.29354  2.67741  2.69355  4.24690  2.90347  2.73739  3.18146  2.89801  2.37887  2.77519  2.98518  4.58477  3.61503
          0.02725  4.01230  4.73465  0.61958  0.77255  0.48576  0.95510
     94   3.45441  4.88657  4.04710  3.80442  2.31070  3.99493  3.69200  3.44469  3.65801  2.86208  4.10556  3.89933  4.46633  3.93019  3.81229  3.57649  3.74223  3.32209  3.95922  0.76156     97 y - - -
          2.68618  4.42225  2.77519  2.73123  3.46354  2.40513  3.72494  3.29354  2.67741  2.69355  4.24690  2.90347  2.73739  3.18146  2.89801  2.37887  2.77519  2.98518  4.58477  3.61503
          0.02725  4.01230  4.73465  0.61958  0.77255  0.48576  0.95510
     95   2.91709  4.92726  3.16117  2.73908  3.75808  3.54180  1.49882  3.69542  2.29497  3.21975  4.13734  3.17448  3.99899  2.95206  2.27882  2.95827  3.15532  3.40190  5.08755  3.66367     98 h - - -
          2.68618  4.42225  2.77519  2.73123  3.46354  2.40513  3.72494  3.29354  2.67741  2.69355  4.24690  2.90347  2.73739  3.18146  2.89801  2.37887  2.77519  2.98518  4.58477  3.61503
          0.02725  4.01230  4.73465  0.61958  0.77255  0.48576  0.95510
     96   2.87861  5.29019  1.86553  2.18875  4.62479  3.23168  3.79438  4.18216  2.78322  3.72300  4.57890  1.42690  3.85026  2.97183  3.33338  2.80798  3.18500  3.76355  5.84618  4.37848     99 n - - -
          2.68618  4.42225  2.77519  2.73123  3.46354  2.40513  3.72494  3.29354  2.67741  2.69355  4.24690  2.90347  2.73739  3.18146  2.89801  2.37887  2.77519  2.98518  4.58477  3.61503
          0.02725  4.01230  4.73465  0.61958  0.77255  0.48576  0.95510
     97   3.14495  5.28845  0.73646  2.43213  4.68546  3.32121  4.06141  4.30656  3.17311  3.89076  4.87381  2.99479  3.98408  3.30213  3.70686  3.09285  3.48717  3.93148  5.82641  4.53772    100 d - - -
          2.68618  4.42225  2.77519  2.73123  3.46354  2.40513  3.72494  3.29354  2.67741  2.69355  4.24690  2.90347  2.73739  3.18146  2.89801  2.37887  2.77519  2.98518  4.58477  3.61503
          0.02725  4.01230  4.73465  0.61958  0.77255  0.48576  0.95510
     98   3.68890  4.87847  4.72332  4.41813  1.51790  4.42879  3.41695  3.43370  4.24630  2.77071  4.00371  4.08204  4.72086  4.15745  4.23907  3.78534  3.90024  3.33127  2.78922  1.02420    101 y - - -
          2.68618  4.42225  2.77519  2.73123  3.46354  2.40513  3.72494  3.29354  2.67741  2.69355  4.24690  2.90347  2.73739  3.18146  2.89801  2.37887  2.77519  2.98518  4.58477  3.61503
          0.02725  4.01230  4.73465  0.61958  0.77255  0.48576  0.95510
     99   2.68739  4.53437  3.23603  2.90696  3.30898  1.63581  3.85088  3.32039  2.93104  2.96281  3.90863  3.28432  3.95261  3.27585  3.26781  2.82888  3.01421  3.03833  4.81745  2.14811    102 g - - -
          2.68618  4.42225  2.77519  2.73123  3.46354  2.40513  3.72494  3.29354  2.67741  2.69355  4.24690  2.90347  2.73739  3.18146  2.89801  2.37887  2.77519  2.98518  4.58477  3.61503
          0.02725  4.01230  4.73465  0.61958  0.77255  0.48576  0.95510
    100   3.45441  4.88657  4.04710  3.80442  2.31070  3.99493  3.69200  3.44469  3.65801  2.86208  4.10556  3.89933  4.46633  3.93019  3.81229  3.57649  3.74223  3.32209  3.95922  0.76156    103 y - - -
          2.68618  4.42225  2.77519  2.73123  3.46354  2.40513  3.72494  3.29354  2.67741  2.69355  4.24690  2.90347  2.73739  3.18146  2.89801  2.37887  2.77519  2.98518  4.58477  3.61503
          0.02725  4.01230  4.73465  0.61958  0.77255  0.48576  0.95510
    101   3.49417  4.79131  4.51063  4.15475  1.35120  4.29702  3.50237  3.21671  4.01082  2.59509  3.83010  4.00779  4.61830  4.03764  4.08682  3.65150  3.62788  3.12893  3.66913  1.22701    104 y - - -
          2.68618  4.42225  2.77519  2.73123  3.46354  2.40513  3.72494  3.29354  2.67741  2.69355  4.24690  2.90347  2.73739  3.18146  2.89801  2.37887  2.77519  2.98518  4.58477  3.61503
          0.02725  4.01230  4.73465  0.61958  0.77255  0.48576  0.95510
    102   2.85366  5.24389  2.48571  1.54650  4.54605  3.34103  3.68848  4.00900  2.41601  3.51970  4.35826  2.82656  3.86374  2.02198  2.85009  2.79653  3.10382  3.63322  5.67157  4.28588    105 e - - -
          2.68618  4.42225  2.77519  2.73123  3.46354  2.40513  3.72494  3.29354  2.67741  2.69355  4.24690  2.90347  2.73739  3.18146  2.89801  2.37887  2.77519  2.98518  4.58477  3.61503
          0.02725  4.01230  4.73465  0.61958  0.77255  0.48576  0.95510
    103   2.54516  4.41778  3.36828  3.25099  4.39228  0.78621  4.39010  3.91894  3.41401  3.61903  4.56052  3.47247  3.86612  3.73280  3.67584  2.71760  3.04058  3.32042  5.64577  4.49408    106 g - - -
          2.68618  4.42225  2.77519  2.73123  3.46354  2.40513  3.72494  3.29354  2.67741  2.69355  4.24690  2.90347  2.73739  3.18146  2.89801  2.37887  2.77519  2.98518  4.58477  3.61503
          0.02725  4.01230  4.73465  0.61958  0.77255  0.48576  0.95510
    104   2.64479  5.00026  2.93886  2.14241  4.31189  3.42615  3.57959  3.74161  1.99616  3.26698  4.06113  2.91983  3.82095  2.25088  2.43963  2.66477  2.87672  3.37634  5.42674  3.49458    107 k - - -
          2.68618  4.42225  2.77519  2.73123  3.46354  2.40513  3.72494  3.29354  2.67741  2.69355  4.24690  2.90347  2.73739  3.18146  2.89801  2.37887  2.77519  2.98518  4.58477  3.61503
          0.02725  4.01230  4.73465  0.61958  0.77255  0.48576  0.95510
    105   2.69242  5.04081  2.81535  2.21620  4.36229  2.74790  3.59834  3.79849  1.86323  3.32020  4.11501  2.88922  3.81933  2.52220  2.59810  2.48002  2.92110  3.42457  5.47977  4.13062    108 k - - -
          2.68618  4.42225  2.77519  2.73123  3.46354  2.40513  3.72494  3.29354  2.67741  2.69355  4.24690  2.90347  2.73739  3.18146  2.89801  2.37887  2.77519  2.98518  4.58477  3.61503
          0.02725  4.01230  4.73465  0.61958  0.77255  0.48576  0.95510
    106   2.60223  4.74447  2.93970  2.18055  4.00909  3.39391  3.60697  3.40785  2.29197  3.02912  3.85876  2.95976  3.81522  2.81142  2.86490  2.47533  2.19899  2.83421  5.28304  3.96479    109 e - - -
          2.68618  4.42225  2.77519  2.73123  3.46354  2.40513  3.72494  3.29354  2.67741  2.69355  4.24690  2.90347  2.73739  3.18146  2.89801  2.37887  2.77519  2.98518  4.58477  3.61503
          0.02725  4.01230  4.73465  0.61958  0.77255  0.48576  0.95510
    107   2.82322  4.24416  4.34200  3.77987  2.16921  3.99121  4.33371  1.81511  3.66585  1.98068  3.16030  3.99439  4.33158  3.87759  3.84744  3.30577  2.73166  1.78019  4.92435  3.70948    110 v - - -
          2.68618  4.42225  2.77519  2.73123  3.46354  2.40513  3.72494  3.29354  2.67741  2.69355  4.24690  2.90347  2.73739  3.18146  2.89801  2.37887  2.77519  2.98518  4.58477  3.61503
          0.02725  4.01230  4.73465  0.61958  0.77255  0.48576  0.95510
    108   2.63734  4.93371  2.54937  2.19695  4.19982  3.35888  3.62203  3.50537  2.42253  3.20939  3.56191  1.96717  3.79657  2.76356  2.89556  2.63617  2.87747  3.27826  5.42284  4.05582    111 n - - -
          2.68618  4.42225  2.77519  2.73123  3.46354  2.40513  3.72494  3.29354  2.67741  2.69355  4.24690  2.90347  2.73739  3.18146  2.89801  2.37887  2.77519  2.98518  4.58477  3.61503
          0.02725  4.01230  4.73465  0.61958  0.77255  0.48576  0.95510
    109   2.85793  2.61403  4.41912  3.86265  3.24195  4.00868  4.42534  1.95438  3.71123  1.40439  3.15135  4.06173  4.36865  3.94180  3.88431  3.34385  3.11439  2.00647  5.00757  3.81799    112 l - - -
          2.68618  4.42225  2.77519  2.73123  3.46354  2.40513  3.72494  3.29354  2.67741  2.69355  4.24690  2.90347  2.73739  3.18146  2.89801  2.37887  2.77519  2.98518  4.58477  3.61503
          0.02725  4.01230  4.73465  0.61958  0.77255  0.48576  0.95510
    110   2.95529  5.55759  1.33155  1.75818  4.83729  3.22450  3.76667  4.36631  2.78953  3.85291  4.69973  2.37622  3.84775  2.93111  3.39448  2.83232  3.24325  3.93027  6.01005  4.48946    113 d - - -
          2.68618  4.42225  2.77519  2.73123  3.46354  2.40513  3.72494  3.29354  2.67741  2.69355  4.24690  2.90347  2.73739  3.18146  2.89801  2.37887  2.77519  2.98518  4.58477  3.61503
          0.02725  4.01230  4.73465  0.61958  0.77255  0.48576  0.95510
    111   2.93514  4.32047  4.46844  3.90698  3.33481  4.16980  4.54362  1.46015  3.79716  1.78298  2.79978  4.15343  4.47585  4.02162  3.99402  3.48919  2.79121  1.73298  5.13800  3.97558    114 i - - -
          2.68618  4.42225  2.77519  2.73123  3.46354  2.40513  3.72494  3.29354  2.67741  2.69355  4.24690  2.90347  2.73739  3.18146  2.89801  2.37887  2.77519  2.98518  4.58477  3.61503
          0.02725  4.01230  4.73465  0.61958  0.77255  0.48576  0.95510
    112   2.41033  4.68492  2.95884  1.88893  3.96948  3.19504  3.67049  3.01081  2.49653  2.99435  3.83155  2.97622  3.81120  2.84409  2.94003  2.45039  2.82794  2.89474  5.27013  3.95381    115 e - - -
          2.68618  4.42225  2.77519  2.73123  3.46354  2.40513  3.72494  3.29354  2.67741  2.69355  4.24690  2.90347  2.73739  3.18146  2.89801  2.37887  2.77519  2.98518  4.58477  3.61503
          0.02725  4.01230  4.73465  0.61958  0.77255  0.48576  0.95510
    113   2.37213  4.30114  3.31714  3.11253  4.13812  3.04203  4.20605  3.66156  3.16232  3.30769  4.30172  3.32613  3.78105  3.51451  3.45076  0.97254  2.85232  3.19474  5.53046  4.22192    116 s - - -
          2.68618  4.42225  2.77519  2.73123  3.46354  2.40513  3.72494  3.29354  2.67741  2.69355  4.24690  2.90347  2.73739  3.18146  2.89801  2.37887  2.77519  2.98518  4.58477  3.61503
          0.02725  4.01230  4.73465  0.61958  0.77255  0.48576  0.95510
    114   2.75158  5.19472  1.70055  2.20403  4.52906  2.87435  3.68136  4.01003  2.55859  3.52965  4.33210  2.76757  3.16183  2.36570  3.08265  2.67612  3.01763  3.60045  5.70159  4.27078    117 d - - -
          2.68618  4.42225  2.77519  2.73123  3.46354  2.40513  3.72494  3.29354  2.67741  2.69355  4.24690  2.90347  2.73739  3.18146  2.89801  2.37887  2.77519  2.98518  4.58477  3.61503
          0.02725  4.01230  4.73465  0.61958  0.77255  0.48576  0.95510
    115   2.98001  4.53150  3.95872  3.51026  2.48931  3.87582  3.74841  2.81421  3.36580  2.43100  3.58052  3.70794  4.28549  3.64177  3.59587  3.21787  3.19712  2.37447  4.16694  1.30752    118 y - - -
          2.68618  4.42225  2.77519  2.73123  3.46354  2.40513  3.72494  3.29354  2.67741  2.69355  4.24690  2.90347  2.73739  3.18146  2.89801  2.37887  2.77519  2.98518  4.58477  3.61503
          0.02725  4.01230  4.73465  0.61958  0.77255  0.48576  0.95510
    116   3.18774  4.50169  4.83106  4.29085  3.29250  4.50938  4.91463  1.42858  4.16326  1.30645  3.09132  4.53610  4.74365  4.34723  4.32360  3.86847  3.42764  1.71461  5.31884  4.19046    119 l - - -
          2.68618  4.42225  2.77519  2.73123  3.46354  2.40513  3.72494  3.29354  2.67741  2.69355  4.24690  2.90347  2.73739  3.18146  2.89801  2.37887  2.77519  2.98518  4.58477  3.61503
          0.02725  4.01230  4.73465  0.61958  0.77255  0.48576  0.95510
    117   2.47959  5.00010  2.87266  2.23256  4.31573  3.39778  3.58433  3.75242  1.98527  3.28034  4.06920  2.67572  3.01202  2.70750  2.42360  2.64199  2.88251  3.37897  5.44606  4.09548    120 k - - -
          2.68618  4.42225  2.77519  2.73123  3.46354  2.40513  3.72494  3.29354  2.67741  2.69355  4.24690  2.90347  2.73739  3.18146  2.89801  2.37887  2.77519  2.98518  4.58477  3.61503
          0.02725  4.01230  4.73465  0.61958  0.77255  0.48576  0.95510
    118   2.01848  4.64854  2.98774  2.57213  4.13919  3.29606  3.75414  3.51969  2.13204  3.15364  3.99537  3.02991  2.33776  2.93194  2.88966  2.63971  2.86983  3.16526  5.39780  4.10232    121 a - - -
          2.68618  4.42225  2.77519  2.73123  3.46354  2.40513  3.72494  3.29354  2.67741  2.69355  4.24690  2.90347  2.73739  3.18146  2.89801  2.37887  2.77519  2.98518  4.58477  3.61503
          0.02725  4.01230  4.73465  0.61958  0.77255  0.48576  0.95510
    119   2.76882  5.22260  1.70442  2.06970  4.53651  2.53106  3.67748  4.01433  2.54554  3.53215  4.33645  2.76612  3.81220  2.81934  2.72596  2.70949  3.02939  3.60987  5.70220  4.27274    122 d - - -
          2.68618  4.42225  2.77519  2.73123  3.46354  2.40513  3.72494  3.29354  2.67741  2.69355  4.24690  2.90347  2.73739  3.18146  2.89801  2.37887  2.77519  2.98518  4.58477  3.61503
          0.02725  4.01230  4.73465  0.61958  0.77255  0.48576  0.95510
    120   2.64665  4.93642  2.53128  1.74190  4.19941  3.35945  3.63015  3.48447  2.43773  3.20233  4.01753  2.86727  3.80169  2.66653  2.91233  2.64596  2.88728  2.76537  5.42946  4.06339    123 e - - -
          2.68618  4.42225  2.77519  2.73123  3.46354  2.40513  3.72494  3.29354  2.67741  2.69355  4.24690  2.90347  2.73739  3.18146  2.89801  2.37887  2.77519  2.98518  4.58477  3.61503
          0.02725  4.01230  4.73465  0.61958  0.77255  0.48576  0.95510
    121   3.14495  5.28845  0.73646  2.43213  4.68546  3.32121  4.06141  4.30656  3.17311  3.89076  4.87381  2.99479  3.98408  3.30213  3.70686  3.09285  3.48717  3.93148  5.82641  4.53772    124 d - - -
          2.68618  4.42225  2.77519  2.73123  3.46354  2.40513  3.72494  3.29354  2.67741  2.69355  4.24690  2.90347  2.73739  3.18146  2.89801  2.37887  2.77519  2.98518  4.58477  3.61503
          0.02725  4.01230  4.73465  0.61958  0.77255  0.48576  0.95510
    122   3.65600  4.86445  4.68534  4.36522  1.69070  4.40533  3.42200  3.41911  4.19416  2.76822  3.99182  4.06355  4.70141  4.13016  4.20465  3.75886  3.86863  3.31178  2.07659  1.13038    125 y - - -
          2.68618  4.42225  2.77519  2.73123  3.46354  2.40513  3.72494  3.29354  2.67741  2.69355  4.24690  2.90347  2.73739  3.18146  2.89801  2.37887  2.77519  2.98518  4.58477  3.61503
          0.02725  4.01230  4.73465  0.61958  0.77255  0.48576  0.95510
    123   2.60127  4.78041  2.98117  2.30740  4.01052  3.41584  3.23862  3.43515  2.37525  3.03652  3.85665  2.71932  3.80980  2.76726  2.58337  2.16097  2.83070  3.11723  4.00078  3.94037    126 s - - -
          2.68618  4.42225  2.77519  2.73123  3.46354  2.40513  3.72494  3.29354  2.67741  2.69355  4.24690  2.90347  2.73739  3.18146  2.89801  2.37887  2.77519  2.98518  4.58477  3.61503
          0.02725  4.01230  4.73465  0.61958  0.77255  0.48576  0.95510
    124   3.08022  5.18077  3.51032  2.82760  4.64414  3.68755  3.61898  3.98636  1.40915  3.42213  4.29669  3.22116  4.05292  2.75404  1.43029  3.07553  3.24210  3.67074  5.45647  4.29874    127 k - - -
          2.68618  4.42225  2.77519  2.73123  3.46354  2.40513  3.72494  3.29354  2.67741  2.69355  4.24690  2.90347  2.73739  3.18146  2.89801  2.37887  2.77519  2.98518  4.58477  3.61503
          0.02725  4.01230  4.73465  0.61958  0.77255  0.48576  0.95510
    125   2.61686  4.91756  2.35640  2.36197  4.19606  3.38480  3.59356  3.62810  2.21673  2.71273  3.98795  2.89113  3.34850  2.72604  2.44445  2.61878  2.84876  3.27363  5.39086  4.03680    128 k - - -
          2.68618  4.42225  2.77519  2.73123  3.46354  2.40513  3.72494  3.29354  2.67741  2.69355  4.24690  2.90347  2.73739  3.18146  2.89801  2.37887  2.77519  2.98518  4.58477  3.61503
          0.02725  4.01230  4.73465  0.61958  0.77255  0.48576  0.95510
    126   3.14600  4.54530  4.52498  4.01021  1.58736  4.23156  4.26964  2.38873  3.86877  1.65847  2.12438  4.18765  4.52228  4.01824  4.01230  3.57551  3.38221  2.45535  4.60724  3.17158    129 f - - -
          2.68618  4.42225  2.77519  2.73123  3.46354  2.40513  3.72494  3.29354  2.67741  2.69355  4.24690  2.90347  2.73739  3.18146  2.89801  2.37887  2.77519  2.98518  4.58477  3.61503
          0.02725  4.01230  4.73465  0.61958  0.77255  0.48576  0.95510
    127   2.58940  4.59402  3.11624  2.16622  3.80306  3.45456  3.67967  3.01907  2.50433  2.76047  3.68899  3.05243  3.84884  2.87780  2.70647  2.68611  2.45805  2.45733  5.14660  3.85800    130 e - - -
          2.68618  4.42225  2.77519  2.73123  3.46354  2.40513  3.72494  3.29354  2.67741  2.69355  4.24690  2.90347  2.73739  3.18146  2.89801  2.37887  2.77519  2.98518  4.58477  3.61503
          0.02725  4.01230  4.73465  0.61958  0.77255  0.48576  0.95510
    128   3.09655  4.41442  4.79641  4.30279  3.57014  4.43801  5.01999  1.30056  4.18971  2.07311  3.37680  4.52162  4.75475  4.45625  4.38919  3.82765  3.36435  1.17147  5.53745  4.33108    131 v - - -
          2.68618  4.42225  2.77519  2.73123  3.46354  2.40513  3.72494  3.29354  2.67741  2.69355  4.24690  2.90347  2.73739  3.18146  2.89801  2.37887  2.77519  2.98518  4.58477  3.61503
          0.02725  4.01230  4.73465  0.61958  0.77255  0.48576  0.95510
    129   2.63441  4.94683  2.47831  2.31485  4.28669  3.31636  3.64636  3.73298  2.46435  3.29377  4.09386  2.51714  3.78853  2.56542  2.94762  2.08830  2.43278  3.35666  5.49495  4.11949    132 s - - -
          2.68618  4.42225  2.77519  2.73123  3.46354  2.40513  3.72494  3.29354  2.67741  2.69355  4.24690  2.90347  2.73739  3.18146  2.89801  2.37887  2.77519  2.98518  4.58477  3.61503
          0.02725  4.01230  4.73465  0.61958  0.77255  0.48576  0.95510
    130   3.10546  4.42624  4.79459  4.30368  3.54754  4.43735  5.01766  1.15244  4.18514  2.03946  3.35527  4.52333  4.75445  4.45048  4.38181  3.82946  3.37402  1.34226  5.52573  4.32266    133 i - - -
          2.68618  4.42225  2.77519  2.73123  3.46354  2.40513  3.72494  3.29354  2.67741  2.69355  4.24690  2.90347  2.73739  3.18146  2.89801  2.37887  2.77519  2.98518  4.58477  3.61503
          0.02725  4.01230  4.73465  0.61958  0.77255  0.48576  0.95510
    131   2.59199  4.30573  3.46800  2.68866  3.46145  3.56814  3.84921  2.31644  2.85277  2.25772  3.41258  3.31861  3.95766  3.17309  3.20087  2.29788  2.83130  2.22243  4.93139  3.69438    134 v - - -
          2.68618  4.42225  2.77519  2.73123  3.46354  2.40513  3.72494  3.29354  2.67741  2.69355  4.24690  2.90347  2.73739  3.18146  2.89801  2.37887  2.77519  2.98518  4.58477  3.61503
          0.02725  4.01230  4.73465  0.61958  0.77255  0.48576  0.95510
    132   2.85502  5.18615  2.08444  2.24366  4.53963  3.23468  3.81687  4.10899  2.79162  3.67416  4.53968  1.30846  3.85663  3.00436  3.31201  2.80776  3.17220  3.69897  5.78167  4.33577    135 n - - -
          2.68618  4.42225  2.77519  2.73123  3.46354  2.40513  3.72494  3.29354  2.67741  2.69355  4.24690  2.90347  2.73739  3.18146  2.89801  2.37887  2.77519  2.98518  4.58477  3.61503
          0.02725  4.01230  4.73465  0.61958  0.77255  0.48576  0.95510
    133   2.60563  3.90452  2.44452  2.09800  4.20801  3.35610  3.60458  3.64554  2.26231  3.21073  4.00508  2.86819  3.78121  2.73822  2.87086  2.18559  2.84562  3.28358  5.41610  4.04953    136 e - - -
          2.68618  4.42225  2.77519  2.73123  3.46354  2.40513  3.72494  3.29354  2.67741  2.69355  4.24690  2.90347  2.73739  3.18146  2.89801  2.37887  2.77519  2.98518  4.58477  3.61503
          0.02725  4.01230  4.73465  0.61958  0.77255  0.48576  0.95510
    134   2.73166  5.03835  2.68430  2.34299  4.32456  3.36862  3.11682  3.78541  2.24694  3.32889  4.14520  1.86480  3.83512  2.70245  2.78761  2.48770  2.97308  3.42512  5.49634  4.13535    137 n - - -
          2.68618  4.42225  2.77519  2.73123  3.46354  2.40513  3.72494  3.29354  2.67741  2.69355  4.24690  2.90347  2.73739  3.18146  2.89801  2.37887  2.77519  2.98518  4.58477  3.61503
          0.02725  4.01230  4.73465  0.61958  0.77255  0.48576  0.95510
    135   2.55787  4.62493  2.73934  2.59661  4.42058  1.50658  3.98048  3.94662  2.90665  3.56108  4.40889  1.98743  3.80128  3.19892  3.31605  2.64092  2.96914  3.46153  5.68326  4.36286    138 g - - -
          2.68618  4.42225  2.77519  2.73123  3.46354  2.40513  3.72494  3.29354  2.67741  2.69355  4.24690  2.90347  2.73739  3.18146  2.89801  2.37887  2.77519  2.98518  4.58477  3.61503
          0.02725  4.01230  4.73465  0.61958  0.77255  0.48576  0.95510
    136   2.70526  2.78202  4.11795  3.54240  3.18286  3.79619  4.13982  2.34492  3.38162  1.51599  2.80247  3.77792  4.16628  3.64395  3.43829  3.10198  2.94999  2.22836  4.82425  3.63522    139 l - - -
          2.68618  4.42225  2.77519  2.73123  3.46354  2.40513  3.72494  3.29354  2.67741  2.69355  4.24690  2.90347  2.73739  3.18146  2.89801  2.37887  2.77519  2.98518  4.58477  3.61503
          0.02725  4.01230  4.73465  0.61958  0.77255  0.48576  0.95510
    137   2.63821  3.85022  2.01547  2.10307  4.28169  3.33142  3.62630  3.72352  2.44102  3.28482  4.08104  2.52618  3.78643  2.76223  2.93160  2.62588  2.76460  3.35180  5.48500  4.10355    140 d - - -
          2.68618  4.42225  2.77519  2.73123  3.46354  2.40513  3.72494  3.29354  2.67741  2.69355  4.24690  2.90347  2.73739  3.18146  2.89801  2.37887  2.77519  2.98518  4.58477  3.61503
          0.02725  4.01230  4.73465  0.61958  0.77255  0.48576  0.95510
    138   2.67755  5.08940  2.00022  1.99928  4.38403  3.32356  3.62333  3.84374  2.44035  3.37686  4.16601  2.80586  3.78941  2.54108  2.91891  2.49156  2.87997  3.06467  5.55748  4.15527    141 e - - -
          2.68618  4.42225  2.77519  2.73123  3.46354  2.40513  3.72494  3.29354  2.67741  2.69355  4.24690  2.90347  2.73739  3.18146  2.89801  2.37887  2.77519  2.98518  4.58477  3.61503
          0.02725  4.01230  4.73465  0.61958  0.77255  0.48576  0.95510
    139   2.62795  4.87300  2.96687  2.28585  4.14049  3.41897  3.59429  3.56320  2.30043  2.98414  3.94224  2.87675  3.81140  2.44843  2.26038  2.37223  2.85364  3.22545  5.33911  3.58777    142 r - - -
          2.68618  4.42225  2.77519  2.73123  3.46354  2.40513  3.72494  3.29354  2.67741  2.69355  4.24690  2.90347  2.73739  3.18146  2.89801  2.37887  2.77519  2.98518  4.58477  3.61503
          0.02725  4.01230  4.73465  0.61958  0.77255  0.48576  0.95510
    140   2.75461  0.69610  4.30372  4.07660  4.03792  3.34639  4.69312  3.20674  3.90493  3.11508  4.24160  4.02647  4.06420  4.24541  4.00388  3.02626  3.23329  2.94144  5.42246  4.32412    143 c - - -
          2.68618  4.42225  2.77519  2.73123  3.46354  2.40513  3.72494  3.29354  2.67741  2.69355  4.24690  2.90347  2.73739  3.18146  2.89801  2.37887  2.77519  2.98518  4.58477  3.61503
          0.02725  4.01230  4.73465  0.61958  0.77255  0.48576  0.95510
    141   3.14495  5.28845  0.73646  2.43213  4.68546  3.32121  4.06141  4.30656  3.17311  3.89076  4.87381  2.99479  3.98408  3.30213  3.70686  3.09285  3.48717  3.93148  5.82641  4.53772    144 d - - -
          2.68618  4.42225  2.77519  2.73123  3.46354  2.40513  3.72494  3.29354  2.67741  2.69355  4.24690  2.90347  2.73739  3.18146  2.89801  2.37887  2.77519  2.98518  4.58477  3.61503
          0.02725  4.01230  4.73465  0.61958  0.77255  0.48576  0.95510
    142   3.14620  4.47419  4.77676  4.21497  3.21842  4.43831  4.79879  1.70684  4.10116  1.27286  2.64831  4.45531  4.66781  4.25046  4.24789  3.77678  3.37658  1.68709  5.20959  4.11165    145 l - - -
          2.68618  4.42225  2.77519  2.73123  3.46354  2.40513  3.72494  3.29354  2.67741  2.69355  4.24690  2.90347  2.73739  3.18146  2.89801  2.37887  2.77519  2.98518  4.58477  3.61503
          0.02725  4.01230  4.73465  0.61958  0.77255  0.48576  0.95510
    143   2.80572  4.80554  3.22214  2.72220  3.12313  3.54150  3.71965  3.34264  1.35078  2.94020  3.91173  3.17019  3.96884  2.94517  2.66772  2.87772  3.04406  3.10163  5.12579  3.74813    146 k - - -
          2.68618  4.42225  2.77519  2.73123  3.46354  2.40513  3.72494  3.29354  2.67741  2.69355  4.24690  2.90347  2.73739  3.18146  2.89801  2.37887  2.77519  2.98518  4.58477  3.61503
          0.02725  4.01230  4.73465  0.61958  0.77255  0.48576  0.95510
    144   2.70898  2.48485  4.28078  3.72521  3.36667  3.84629  4.31704  1.93128  3.60168  2.24358  3.19680  3.91381  4.24922  3.84469  3.79289  3.07348  2.97503  1.51910  4.99281  3.79245    147 v - - -
          2.68618  4.42225  2.77519  2.73123  3.46354  2.40513  3.72494  3.29354  2.67741  2.69355  4.24690  2.90347  2.73739  3.18146  2.89801  2.37887  2.77519  2.98518  4.58477  3.61503
          0.02725  4.01230  4.73465  0.61958  0.77255  0.48576  0.95510
    145   2.73755  4.31597  3.77677  3.23505  2.33482  3.72609  3.75900  2.74486  2.78722  2.40881  3.39825  3.52416  4.09592  3.40431  3.39606  3.00492  2.96973  2.35462  4.37621  1.93086    148 y - - -
          2.68618  4.42225  2.77519  2.73123  3.46354  2.40513  3.72494  3.29354  2.67741  2.69355  4.24690  2.90347  2.73739  3.18146  2.89801  2.37887  2.77519  2.98518  4.58477  3.61503
          0.02725  4.01230  4.73465  0.61958  0.77255  0.48576  0.95510
    146   3.06895  4.41181  4.71814  4.23098  3.57322  4.36694  4.96425  1.53008  4.11078  2.09582  3.39323  4.45369  4.71049  4.39327  4.32008  3.75861  3.34388  1.02653  5.52077  4.30175    149 v - - -
          2.68618  4.42225  2.77519  2.73123  3.46354  2.40513  3.72494  3.29354  2.67741  2.69355  4.24690  2.90347  2.73739  3.18146  2.89801  2.37887  2.77519  2.98518  4.58477  3.61503
          0.02725  4.01230  4.73465  0.61958  0.77255  0.48576  0.95510
    147   2.73997  4.27868  3.95773  3.44885  3.48704  3.80549  4.25178  1.88326  3.34062  2.35207  3.42907  3.16448  4.22461  3.66089  3.61228  3.13573  3.01111  1.34983  5.11027  3.86755    150 v - - -
          2.68618  4.42225  2.77519  2.73123  3.46354  2.40513  3.72494  3.29354  2.67741  2.69355  4.24690  2.90347  2.73739  3.18146  2.89801  2.37887  2.77519  2.98518  4.58477  3.61503
          0.02725  4.01230  4.73465  0.61958  0.77255  0.48576  0.95510
    148   2.65552  2.50598  3.65986  3.11825  2.68882  3.61673  2.41386  2.78771  3.01251  2.47400  3.42784  3.43759  4.01971  3.31633  3.30521  2.90266  2.90398  2.58189  4.52851  3.05231    151 h - - -
          2.68618  4.42225  2.77519  2.73123  3.46354  2.40513  3.72494  3.29354  2.67741  2.69355  4.24690  2.90347  2.73739  3.18146  2.89801  2.37887  2.77519  2.98518  4.58477  3.61503
          0.02725  4.01230  4.73465  0.61958  0.77255  0.48576  0.95510
    149   2.44349  4.47322  3.14472  2.65783  3.88407  3.30412  3.77859  2.89083  2.64780  2.93235  3.78515  2.54648  3.80552  2.99165  3.05476  2.13687  2.18942  2.92708  5.23132  3.95084    152 s - - -
          2.68618  4.42225  2.77519  2.73123  3.46354  2.40513  3.72494  3.29354  2.67741  2.69355  4.24690  2.90347  2.73739  3.18146  2.89801  2.37887  2.77519  2.98518  4.58477  3.61503
          0.02725  4.01230  4.73465  0.61958  0.77255  0.48576  0.95510
    150   3.27942  4.64000  4.74049  4.17688  3.06567  4.49042  4.77085  2.12271  4.00890  0.99138  2.06797  4.46326  4.68738  4.16968  4.15807  3.83180  3.50157  2.30238  5.13594  4.05242    153 l - - -
          2.68618  4.42225  2.77519  2.73123  3.46354  2.40513  3.72494  3.29354  2.67741  2.69355  4.24690  2.90347  2.73739  3.18146  2.89801  2.37887  2.77519  2.98518  4.58477  3.61503
          0.02725  4.01230  4.73465  0.61958  0.77255  0.48576  0.95510
    151   3.16848  4.99418  3.67392  3.15820  4.38442  3.62722  3.93364  3.93740  2.30487  3.42801  4.42618  3.50640  4.12447  3.14845  0.78451  3.24691  3.42586  3.65572  5.41169  4.28315    154 r - - -
          2.68618  4.42225  2.77519  2.73123  3.46354  2.40513  3.72494  3.29354  2.67741  2.69355  4.24690  2.90347  2.73739  3.18146  2.89801  2.37887  2.77519  2.98518  4.58477  3.61503
          0.02725  4.01230  4.73465  0.61958  0.77255  0.48576  0.95510
    152   3.10620  4.45231  4.72928  4.25550  3.49858  4.38032  4.96865  1.04528  4.11406  1.98806  3.32501  4.47675  4.72132  4.39469  4.30953  3.78323  3.38286  1.56503  5.48274  4.26996    155 i - - -
          2.68618  4.42225  2.77519  2.73123  3.46354  2.40513  3.72494  3.29354  2.67741  2.69355  4.24690  2.90347  2.73739  3.18146  2.89801  2.37887  2.77519  2.98518  4.58477  3.61503
          0.02725  4.01230  4.73465  0.61958  0.77255  0.48576  0.95510
    153   2.99834  5.15306  3.11785  2.66101  4.53704  3.56922  3.65412  3.94165  1.16167  3.41151  4.29242  3.10919  3.99781  2.48262  2.26745  2.98783  3.19838  3.61826  5.48774  4.25985    156 k - - -
          2.68618  4.42225  2.77519  2.73123  3.46354  2.40513  3.72494  3.29354  2.67741  2.69355  4.24690  2.90347  2.73739  3.18146  2.89801  2.37887  2.77519  2.98518  4.58477  3.61503
          0.02725  4.01230  4.73465  0.61958  0.77255  0.48576  0.95510
    154   2.62503  4.53259  2.84176  2.31068  3.73332  3.49572  3.77131  2.63760  2.66936  2.72768  3.63952  3.12277  3.90639  2.99961  3.08535  2.76288  2.86547  1.94541  5.14299  3.86028    157 v - - -
          2.68619  4.42226  2.77520  2.73124  3.46354  2.40513  3.72495  3.29355  2.67741  2.69355  4.24690  2.90347  2.73740  3.18147  2.89801  2.37879  2.77520  2.98519  4.58477  3.61504
          0.07195  2.66758        *  0.45181  1.01190  0.00000        *
//
