HMMER3/f [3.3.1 | Jul 2020]
NAME  vHMM_18089
LENG  170
ALPH  amino
RF    no
MM    no
CONS  yes
CS    no
MAP   yes
DATE  Thu Feb 11 23:19:44 2021
NSEQ  30
EFFN  1.182861
CKSUM 248961200
STATS LOCAL MSV       -9.9503  0.70750
STATS LOCAL VITERBI  -11.1232  0.70750
STATS LOCAL FORWARD   -4.3768  0.70750
CUTOFF SCORE	75.36
TAXON	Nanoviridae
TXID	251095
PROTEIN	Cycle
TYPE	Full-length
RANGE	Wide
HMM          A        C        D        E        F        G        H        I        K        L        M        N        P        Q        R        S        T        V        W        Y   
            m->m     m->i     m->d     i->m     i->i     d->m     d->d
  COMPO   2.75157  3.88874  2.88036  2.48841  3.32258  3.17819  3.73104  2.70132  2.55909  2.34336  3.50327  3.15248  3.61506  3.09962  2.97817  2.73296  2.97511  2.54490  4.74798  3.34025
          2.68651  4.42133  2.77579  2.73183  3.46269  2.40552  3.72517  3.29242  2.67761  2.69227  4.24559  2.90407  2.73785  3.18184  2.89811  2.37809  2.77565  2.98560  4.58448  3.61394
          0.11725  2.26384  5.00720  2.92696  0.05505  0.00000        *
      1   3.35378  4.84650  4.52853  4.17389  3.46716  4.16511  4.81370  2.68836  3.91531  2.01511  0.76023  4.39426  4.64462  4.27819  4.06776  3.73654  3.67617  2.73932  5.35030  4.14148     34 m - - -
          2.68618  4.42225  2.77519  2.73123  3.46354  2.40513  3.72494  3.29354  2.67741  2.69355  4.24690  2.90347  2.73739  3.18146  2.89801  2.37887  2.77519  2.98518  4.58477  3.61503
          0.02068  4.28486  5.00720  0.61958  0.77255  0.48576  0.95510
      2   2.14157  4.89870  2.60773  2.29412  4.25768  1.91182  3.76498  3.67482  2.60468  3.27825  4.09316  2.99041  3.87956  2.92077  3.08040  2.70930  2.95215  2.94612  5.51232  4.16204     35 g - - -
          2.68618  4.42225  2.77519  2.73123  3.46354  2.40513  3.72494  3.29354  2.67741  2.69355  4.24690  2.90347  2.73739  3.18146  2.89801  2.37887  2.77519  2.98518  4.58477  3.61503
          0.02068  4.28486  5.00720  0.61958  0.77255  0.48576  0.95510
      3   3.08597  4.55997  4.35630  3.79850  2.71763  4.15383  4.33687  2.55120  3.57090  0.93454  3.15390  4.06260  4.46881  3.86340  3.11020  3.47148  3.31612  2.57741  4.89820  3.60483     36 l - - -
          2.68618  4.42225  2.77519  2.73123  3.46354  2.40513  3.72494  3.29354  2.67741  2.69355  4.24690  2.90347  2.73739  3.18146  2.89801  2.37887  2.77519  2.98518  4.58477  3.61503
          0.02068  4.28486  5.00720  0.61958  0.77255  0.48576  0.95510
      4   2.90523  5.11277  3.31083  2.45360  4.44162  3.64281  3.68581  3.84171  1.36227  3.35377  4.18059  3.15085  4.01013  2.81908  2.10287  2.90985  3.10165  3.50952  3.24012  4.21825     37 k - - -
          2.68618  4.42225  2.77519  2.73123  3.46354  2.40513  3.72494  3.29354  2.67741  2.69355  4.24690  2.90347  2.73739  3.18146  2.89801  2.37887  2.77519  2.98518  4.58477  3.61503
          0.02068  4.28486  5.00720  0.61958  0.77255  0.48576  0.95510
      5   3.10274  4.94769  3.19053  2.25884  3.10955  3.74124  3.84439  3.52176  2.99183  3.09936  4.10375  3.37280  4.22072  3.36281  3.32788  3.17863  3.35633  3.29605  4.67675  1.11187     38 y - - -
          2.68618  4.42225  2.77519  2.73123  3.46354  2.40513  3.72494  3.29354  2.67741  2.69355  4.24690  2.90347  2.73739  3.18146  2.89801  2.37887  2.77519  2.98518  4.58477  3.61503
          0.02068  4.28486  5.00720  0.61958  0.77255  0.48576  0.95510
      6   2.82648  4.43698  3.72124  2.84974  1.42272  3.77665  3.84581  2.92202  3.19192  2.59486  3.55321  3.55789  4.16802  3.46509  3.47874  2.73202  3.06413  2.72105  4.50257  2.67967     39 f - - -
          2.68618  4.42225  2.77519  2.73123  3.46354  2.40513  3.72494  3.29354  2.67741  2.69355  4.24690  2.90347  2.73739  3.18146  2.89801  2.37887  2.77519  2.98518  4.58477  3.61503
          0.02068  4.28486  5.00720  0.61958  0.77255  0.48576  0.95510
      7   2.41780  4.73032  2.53839  2.65850  4.50990  3.25547  4.01489  3.95202  2.93087  3.56503  4.38182  3.10845  3.63475  3.20003  3.38810  1.10567  2.99711  3.48442  5.77689  4.44348     40 s - - -
          2.68618  4.42225  2.77519  2.73123  3.46354  2.40513  3.72494  3.29354  2.67741  2.69355  4.24690  2.90347  2.73739  3.18146  2.89801  2.37887  2.77519  2.98518  4.58477  3.61503
          0.02068  4.28486  5.00720  0.61958  0.77255  0.48576  0.95510
      8   2.47254  4.65478  3.15977  2.44518  3.38069  3.50903  2.68262  3.23848  2.58253  2.68647  3.73979  2.84851  3.89666  2.62206  3.01620  2.72622  2.86649  2.41067  5.18884  3.89374     41 v - - -
          2.68618  4.42225  2.77519  2.73123  3.46354  2.40513  3.72494  3.29354  2.67741  2.69355  4.24690  2.90347  2.73739  3.18146  2.89801  2.37887  2.77519  2.98518  4.58477  3.61503
          0.02068  4.28486  5.00720  0.61958  0.77255  0.48576  0.95510
      9   3.25744  4.64513  4.70682  4.14358  3.05895  4.40631  4.56900  2.45057  3.96337  0.82098  2.64845  4.36920  4.65389  4.13569  4.10164  3.73071  3.47811  2.55304  4.96308  3.05556     42 l - - -
          2.68618  4.42225  2.77519  2.73123  3.46354  2.40513  3.72494  3.29354  2.67741  2.69355  4.24690  2.90347  2.73739  3.18146  2.89801  2.37887  2.77519  2.98518  4.58477  3.61503
          0.02068  4.28486  5.00720  0.61958  0.77255  0.48576  0.95510
     10   3.39586  5.06194  4.04975  3.96157  4.88966  3.72725  4.98622  4.56615  4.05922  4.13653  5.21655  4.21808  0.32616  4.43369  4.23966  3.58041  3.87244  4.15937  5.93973  5.02186     43 P - - -
          2.68618  4.42225  2.77519  2.73123  3.46354  2.40513  3.72494  3.29354  2.67741  2.69355  4.24690  2.90347  2.73739  3.18146  2.89801  2.37887  2.77519  2.98518  4.58477  3.61503
          0.02068  4.28486  5.00720  0.61958  0.77255  0.48576  0.95510
     11   2.67913  4.98609  2.49680  1.81846  4.25076  3.44345  3.67184  3.67675  2.46001  2.53950  4.05102  2.94651  3.85721  2.60582  2.93662  2.68033  2.91372  2.86221  5.46762  4.10324     44 e - - -
          2.68618  4.42225  2.77519  2.73123  3.46354  2.40513  3.72494  3.29354  2.67741  2.69355  4.24690  2.90347  2.73739  3.18146  2.89801  2.37887  2.77519  2.98518  4.58477  3.61503
          0.02068  4.28486  5.00720  0.61958  0.77255  0.48576  0.95510
     12   3.14354  5.74021  1.86306  0.92759  5.03281  3.37686  3.94363  4.56977  2.98152  4.05670  4.91868  2.84016  4.01184  3.11316  3.58917  3.01477  3.43734  4.13119  6.19269  4.67804     45 e - - -
          2.68618  4.42225  2.77519  2.73123  3.46354  2.40513  3.72494  3.29354  2.67741  2.69355  4.24690  2.90347  2.73739  3.18146  2.89801  2.37887  2.77519  2.98518  4.58477  3.61503
          0.02068  4.28486  5.00720  0.61958  0.77255  0.48576  0.95510
     13   3.41191  4.75607  4.99983  4.49588  3.28902  4.62249  5.05663  2.21072  4.31410  0.77087  3.10381  4.71968  4.88057  4.48229  4.43662  4.02084  3.66585  1.86714  5.37516  4.25567     46 l - - -
          2.68618  4.42225  2.77519  2.73123  3.46354  2.40513  3.72494  3.29354  2.67741  2.69355  4.24690  2.90347  2.73739  3.18146  2.89801  2.37887  2.77519  2.98518  4.58477  3.61503
          0.02068  4.28486  5.00720  0.61958  0.77255  0.48576  0.95510
     14   3.30500  5.40585  3.78671  3.02783  4.93776  3.88084  3.74227  4.25062  1.02019  3.63272  4.50980  3.39810  4.22608  2.87029  1.53480  3.28518  3.44300  3.93120  5.62117  4.49908     47 k - - -
          2.68618  4.42225  2.77519  2.73123  3.46354  2.40513  3.72494  3.29354  2.67741  2.69355  4.24690  2.90347  2.73739  3.18146  2.89801  2.37887  2.77519  2.98518  4.58477  3.61503
          0.11725  4.28486  2.33444  0.61958  0.77255  0.48576  0.95510
     15   2.97751  5.46636  2.36426  1.14843  4.76991  3.35212  3.81500  4.27772  2.70266  3.77816  4.61557  2.22835  3.93362  2.86061  3.20468  2.88910  3.25145  3.86631  5.92255  4.46819     48 e - - -
          2.68618  4.42225  2.77519  2.73123  3.46354  2.40513  3.72494  3.29354  2.67741  2.69355  4.24690  2.90347  2.73739  3.18146  2.89801  2.37887  2.77519  2.98518  4.58477  3.61503
          0.02275  4.19035  4.91270  0.61958  0.77255  0.41887  1.07232
     16   3.29723  5.39819  3.76293  3.02036  4.92392  3.87289  3.74590  4.24223  0.95794  3.62936  4.50680  3.39372  4.22268  2.87490  1.65988  3.27871  3.43885  3.92251  5.62099  4.49492     49 k - - -
          2.68618  4.42225  2.77519  2.73123  3.46354  2.40513  3.72494  3.29354  2.67741  2.69355  4.24690  2.90347  2.73739  3.18146  2.89801  2.37887  2.77519  2.98518  4.58477  3.61503
          0.02068  4.28486  5.00720  0.61958  0.77255  0.48576  0.95510
     17   3.03650  4.44541  4.41989  3.34245  3.63433  4.23805  4.68002  1.00823  3.80456  2.31592  3.50049  4.20406  4.59370  4.11722  4.03478  3.58704  3.29213  1.69775  5.39458  4.18305     50 i - - -
          2.68618  4.42225  2.77519  2.73123  3.46354  2.40513  3.72494  3.29354  2.67741  2.69355  4.24690  2.90347  2.73739  3.18146  2.89801  2.37887  2.77519  2.98518  4.58477  3.61503
          0.02068  4.28486  5.00720  0.61958  0.77255  0.48576  0.95510
     18   3.22614  4.50971  5.04892  4.50599  3.52946  4.61002  5.06132  1.64936  4.39467  1.86980  2.67539  4.68742  4.85979  4.56931  4.52699  3.96893  3.46743  1.04108  5.47479  4.32967     51 v - - -
          2.68618  4.42225  2.77519  2.73123  3.46354  2.40513  3.72494  3.29354  2.67741  2.69355  4.24690  2.90347  2.73739  3.18146  2.89801  2.37887  2.77519  2.98518  4.58477  3.61503
          0.02068  4.28486  5.00720  0.61958  0.77255  0.48576  0.95510
     19   2.99106  5.29789  3.32457  2.68734  4.73087  3.67443  3.35970  4.11616  1.60053  3.54280  4.35489  2.79034  4.03849  2.31262  1.60916  2.96037  3.17501  3.74509  5.59679  4.35099     52 k - - -
          2.68618  4.42225  2.77519  2.73123  3.46354  2.40513  3.72494  3.29354  2.67741  2.69355  4.24690  2.90347  2.73739  3.18146  2.89801  2.37887  2.77519  2.98518  4.58477  3.61503
          0.02068  4.28486  5.00720  0.61958  0.77255  0.48576  0.95510
     20   3.10972  5.77000  1.47262  1.26211  5.04986  3.35853  3.90559  4.59548  2.93891  4.05690  4.89920  2.46146  3.98609  3.06679  3.56061  2.97458  3.39796  4.13961  6.20356  4.66197     53 e - - -
          2.68618  4.42225  2.77519  2.73123  3.46354  2.40513  3.72494  3.29354  2.67741  2.69355  4.24690  2.90347  2.73739  3.18146  2.89801  2.37887  2.77519  2.98518  4.58477  3.61503
          0.02068  4.28486  5.00720  0.61958  0.77255  0.48576  0.95510
     21   2.87845  4.69433  3.50269  2.97335  3.11071  3.73449  1.48867  2.84470  2.77006  2.84352  3.79243  3.37530  4.12000  3.19899  2.99319  3.00860  3.10649  3.00945  4.64754  2.76019     54 h - - -
          2.68618  4.42225  2.77519  2.73123  3.46354  2.40513  3.72494  3.29354  2.67741  2.69355  4.24690  2.90347  2.73739  3.18146  2.89801  2.37887  2.77519  2.98518  4.58477  3.61503
          0.02068  4.28486  5.00720  0.61958  0.77255  0.48576  0.95510
     22   3.09733  4.49988  4.59504  4.02231  3.05184  4.23760  4.42544  2.47206  3.86055  1.13580  2.03249  4.22011  4.52060  4.02939  3.99567  3.55015  3.32067  2.51417  4.86764  2.67148     55 l - - -
          2.68618  4.42225  2.77519  2.73123  3.46354  2.40513  3.72494  3.29354  2.67741  2.69355  4.24690  2.90347  2.73739  3.18146  2.89801  2.37887  2.77519  2.98518  4.58477  3.61503
          0.02068  4.28486  5.00720  0.61958  0.77255  0.48576  0.95510
     23   2.91486  5.14298  3.32632  2.68198  4.48554  3.64878  3.67924  3.88783  1.66642  3.38464  4.20747  3.15098  4.01230  2.03593  1.95204  2.91306  3.10872  3.54834  3.23866  4.23544     56 k - - -
          2.68618  4.42225  2.77519  2.73123  3.46354  2.40513  3.72494  3.29354  2.67741  2.69355  4.24690  2.90347  2.73739  3.18146  2.89801  2.37887  2.77519  2.98518  4.58477  3.61503
          0.02068  4.28486  5.00720  0.61958  0.77255  0.48576  0.95510
     24   2.76444  5.15632  2.91977  1.47729  4.48625  3.48155  3.66253  3.70325  2.18084  3.43354  4.21571  2.96333  3.89277  2.56278  2.52479  2.66289  2.98961  3.54200  5.57621  4.21886     57 e - - -
          2.68618  4.42225  2.77519  2.73123  3.46354  2.40513  3.72494  3.29354  2.67741  2.69355  4.24690  2.90347  2.73739  3.18146  2.89801  2.37887  2.77519  2.98518  4.58477  3.61503
          0.02068  4.28486  5.00720  0.61958  0.77255  0.48576  0.95510
     25   2.78521  5.17195  2.44354  1.32856  4.46635  3.41207  3.73719  3.29551  2.56982  3.46583  4.26715  2.90364  3.89206  2.87439  3.07076  2.51785  3.03516  3.52916  5.65825  4.25684     58 e - - -
          2.68618  4.42225  2.77519  2.73123  3.46354  2.40513  3.72494  3.29354  2.67741  2.69355  4.24690  2.90347  2.73739  3.18146  2.89801  2.37887  2.77519  2.98518  4.58477  3.61503
          0.02068  4.28486  5.00720  0.61958  0.77255  0.48576  0.95510
     26   3.33750  5.35425  3.82224  3.10766  4.86170  3.88590  3.79565  4.20305  1.81737  3.61656  4.51848  3.45790  4.25843  2.93735  0.84951  3.34012  3.49022  3.89952  5.61297  4.49676     59 r - - -
          2.68618  4.42225  2.77519  2.73123  3.46354  2.40513  3.72494  3.29354  2.67741  2.69355  4.24690  2.90347  2.73739  3.18146  2.89801  2.37887  2.77519  2.98518  4.58477  3.61503
          0.02068  4.28486  5.00720  0.61958  0.77255  0.48576  0.95510
     27   3.12848  5.16390  3.52353  2.95373  4.41331  3.76532  3.83261  3.77023  0.91464  2.80932  4.28745  3.36483  4.17512  2.99599  2.42281  3.16369  3.33390  3.51420  5.51347  4.27525     60 k - - -
          2.68618  4.42225  2.77519  2.73123  3.46354  2.40513  3.72494  3.29354  2.67741  2.69355  4.24690  2.90347  2.73739  3.18146  2.89801  2.37887  2.77519  2.98518  4.58477  3.61503
          0.02068  4.28486  5.00720  0.61958  0.77255  0.48576  0.95510
     28   2.80721  5.15375  2.93979  2.14769  4.48942  3.50389  3.68776  3.91556  1.40741  3.43248  4.23046  2.71460  3.92387  2.81260  2.70357  2.78605  3.03250  3.09527  5.57875  4.23936     61 k - - -
          2.68618  4.42225  2.77519  2.73123  3.46354  2.40513  3.72494  3.29354  2.67741  2.69355  4.24690  2.90347  2.73739  3.18146  2.89801  2.37887  2.77519  2.98518  4.58477  3.61503
          0.02068  4.28486  5.00720  0.61958  0.77255  0.48576  0.95510
     29   2.82659  5.11889  2.80465  1.37697  4.35442  3.48115  3.74599  3.78484  2.48824  2.64956  4.18636  2.98447  3.93809  2.50567  2.91038  2.81462  3.06468  3.45511  5.56667  4.20536     62 e - - -
          2.68618  4.42225  2.77519  2.73123  3.46354  2.40513  3.72494  3.29354  2.67741  2.69355  4.24690  2.90347  2.73739  3.18146  2.89801  2.37887  2.77519  2.98518  4.58477  3.61503
          0.02068  4.28486  5.00720  0.61958  0.77255  0.48576  0.95510
     30   3.61553  4.91009  4.95139  4.54539  0.94407  4.60809  4.19901  2.71298  4.37571  1.60475  3.35540  4.51505  4.87851  4.41245  4.42714  4.00753  3.85182  2.80980  4.36192  2.74508     63 f - - -
          2.68618  4.42225  2.77519  2.73123  3.46354  2.40513  3.72494  3.29354  2.67741  2.69355  4.24690  2.90347  2.73739  3.18146  2.89801  2.37887  2.77519  2.98518  4.58477  3.61503
          0.02068  4.28486  5.00720  0.61958  0.77255  0.48576  0.95510
     31   3.61542  4.90294  5.15269  4.65055  2.25707  4.79317  4.80091  2.43867  4.49798  0.68909  3.01098  4.81018  4.95698  4.51594  4.54965  4.18355  3.83532  2.63551  4.95643  3.60321     64 L - - -
          2.68618  4.42225  2.77519  2.73123  3.46354  2.40513  3.72494  3.29354  2.67741  2.69355  4.24690  2.90347  2.73739  3.18146  2.89801  2.37887  2.77519  2.98518  4.58477  3.61503
          0.02068  4.28486  5.00720  0.61958  0.77255  0.48576  0.95510
     32   2.68537  3.37972  2.67385  1.61145  4.31671  3.44038  3.66848  3.75613  2.43037  3.31022  4.09915  2.94522  3.85715  2.79618  2.49250  2.67963  2.92182  3.38722  5.50205  4.13458     65 e - - -
          2.68618  4.42225  2.77519  2.73123  3.46354  2.40513  3.72494  3.29354  2.67741  2.69355  4.24690  2.90347  2.73739  3.18146  2.89801  2.37887  2.77519  2.98518  4.58477  3.61503
          0.02068  4.28486  5.00720  0.61958  0.77255  0.48576  0.95510
     33   2.74456  5.19450  2.92622  2.13260  4.54772  3.09195  3.63959  4.00645  1.80552  3.48077  4.24457  2.41088  3.87458  2.54470  2.35138  2.70800  2.96861  3.59205  5.60033  4.23004     66 k - - -
          2.68618  4.42225  2.77519  2.73123  3.46354  2.40513  3.72494  3.29354  2.67741  2.69355  4.24690  2.90347  2.73739  3.18146  2.89801  2.37887  2.77519  2.98518  4.58477  3.61503
          0.02068  4.28486  5.00720  0.61958  0.77255  0.48576  0.95510
     34   2.01509  4.59925  3.23971  2.70796  3.88816  3.47599  3.80736  2.66360  2.29661  2.92779  3.78691  3.16666  3.91612  3.01904  3.06054  1.96155  2.88855  2.95188  5.23898  3.95961     67 s - - -
          2.68618  4.42225  2.77519  2.73123  3.46354  2.40513  3.72494  3.29354  2.67741  2.69355  4.24690  2.90347  2.73739  3.18146  2.89801  2.37887  2.77519  2.98518  4.58477  3.61503
          0.02068  4.28486  5.00720  0.61958  0.77255  0.48576  0.95510
     35   3.34460  4.60411  5.17579  4.66959  3.61664  4.78322  5.31878  0.87966  4.54873  1.87172  3.39889  4.87512  5.01846  4.76072  4.70378  4.17932  3.59729  1.62041  5.68029  4.51288     68 i - - -
          2.68618  4.42225  2.77519  2.73123  3.46354  2.40513  3.72494  3.29354  2.67741  2.69355  4.24690  2.90347  2.73739  3.18146  2.89801  2.37887  2.77519  2.98518  4.58477  3.61503
          0.02068  4.28486  5.00720  0.61958  0.77255  0.48576  0.95510
     36   2.75106  5.18381  2.88556  1.64181  4.52527  3.46431  3.65465  3.98158  2.00880  3.47007  4.24099  2.69425  3.87848  2.76686  2.45692  2.64496  2.80176  3.57576  5.60275  4.23057     69 e - - -
          2.68618  4.42225  2.77519  2.73123  3.46354  2.40513  3.72494  3.29354  2.67741  2.69355  4.24690  2.90347  2.73739  3.18146  2.89801  2.37887  2.77519  2.98518  4.58477  3.61503
          0.02068  4.28486  5.00720  0.61958  0.77255  0.48576  0.95510
     37   1.99172  4.61204  2.09719  2.25608  4.33595  3.42222  3.66178  3.78447  2.43689  3.32962  4.10940  2.92972  3.84171  2.78500  2.69779  2.52219  2.90443  3.40260  5.51652  4.13950     70 a - - -
          2.68618  4.42225  2.77519  2.73123  3.46354  2.40513  3.72494  3.29354  2.67741  2.69355  4.24690  2.90347  2.73739  3.18146  2.89801  2.37887  2.77519  2.98518  4.58477  3.61503
          0.02068  4.28486  5.00720  0.61958  0.77255  0.48576  0.95510
     38   2.48944  4.51950  3.05110  2.49157  4.12396  3.47577  3.67189  3.54111  2.29537  3.13406  3.94527  3.00724  3.86772  2.62372  2.49747  1.84627  2.88806  3.21256  5.36469  3.59999     71 s - - -
          2.68618  4.42225  2.77519  2.73123  3.46354  2.40513  3.72494  3.29354  2.67741  2.69355  4.24690  2.90347  2.73739  3.18146  2.89801  2.37887  2.77519  2.98518  4.58477  3.61503
          0.02068  4.28486  5.00720  0.61958  0.77255  0.48576  0.95510
     39   2.68076  1.12828  4.55990  4.16512  3.82112  3.56872  4.74718  2.50110  3.98006  2.65699  3.79448  4.08146  4.23698  4.24847  4.12195  3.02881  3.10703  1.85350  5.48629  4.26625     72 c - - -
          2.68618  4.42225  2.77519  2.73123  3.46354  2.40513  3.72494  3.29354  2.67741  2.69355  4.24690  2.90347  2.73739  3.18146  2.89801  2.37887  2.77519  2.98518  4.58477  3.61503
          0.02068  4.28486  5.00720  0.61958  0.77255  0.48576  0.95510
     40   2.45095  5.01086  3.09006  2.35218  4.31190  3.51708  3.66157  3.72906  2.05175  3.27592  3.46658  3.02494  3.90253  2.79124  1.78310  2.63682  2.95704  3.37969  5.45486  4.13288     73 r - - -
          2.68618  4.42225  2.77519  2.73123  3.46354  2.40513  3.72494  3.29354  2.67741  2.69355  4.24690  2.90347  2.73739  3.18146  2.89801  2.37887  2.77519  2.98518  4.58477  3.61503
          0.02068  4.28486  5.00720  0.61958  0.77255  0.48576  0.95510
     41   2.65640  4.75730  3.12126  2.40438  3.26491  3.50287  3.70029  3.37492  2.34698  3.00250  3.83643  3.06033  3.89001  2.87321  1.93485  2.53961  2.88540  2.83098  5.26784  3.66800     74 r - - -
          2.68618  4.42225  2.77519  2.73123  3.46354  2.40513  3.72494  3.29354  2.67741  2.69355  4.24690  2.90347  2.73739  3.18146  2.89801  2.37887  2.77519  2.98518  4.58477  3.61503
          0.02068  4.28486  5.00720  0.61958  0.77255  0.48576  0.95510
     42   2.80846  4.23949  4.29448  3.73693  2.21044  3.88530  2.78290  2.25852  3.59995  2.21504  3.35885  3.84592  4.24434  3.77108  3.73620  2.98066  3.03863  2.51254  2.99432  2.22902     75 f - - -
          2.68618  4.42225  2.77519  2.73123  3.46354  2.40513  3.72494  3.29354  2.67741  2.69355  4.24690  2.90347  2.73739  3.18146  2.89801  2.37887  2.77519  2.98518  4.58477  3.61503
          0.02068  4.28486  5.00720  0.61958  0.77255  0.48576  0.95510
     43   2.47861  4.79543  3.05599  1.93788  3.72391  3.47576  3.68672  3.42811  2.49693  2.62496  3.87192  3.01994  3.86808  2.48934  2.95209  2.44372  2.87200  2.86962  5.30841  3.98358     76 e - - -
          2.68618  4.42225  2.77519  2.73123  3.46354  2.40513  3.72494  3.29354  2.67741  2.69355  4.24690  2.90347  2.73739  3.18146  2.89801  2.37887  2.77519  2.98518  4.58477  3.61503
          0.02068  4.28486  5.00720  0.61958  0.77255  0.48576  0.95510
     44   2.03158  4.68198  3.15127  2.61201  3.99169  2.58768  3.75805  3.39073  2.41003  3.02827  3.86235  3.09317  3.88113  2.93985  2.81723  2.30086  2.87377  2.59106  5.30193  4.00037     77 a - - -
          2.68618  4.42225  2.77519  2.73123  3.46354  2.40513  3.72494  3.29354  2.67741  2.69355  4.24690  2.90347  2.73739  3.18146  2.89801  2.37887  2.77519  2.98518  4.58477  3.61503
          0.02068  4.28486  5.00720  0.61958  0.77255  0.48576  0.95510
     45   2.72150  4.23290  4.02524  3.44608  2.61061  3.79741  4.04692  2.59392  2.69213  1.50392  2.89331  3.70919  4.15567  3.57559  3.54851  3.07795  2.95152  2.44688  4.74998  3.07893     78 l - - -
          2.68618  4.42225  2.77519  2.73123  3.46354  2.40513  3.72494  3.29354  2.67741  2.69355  4.24690  2.90347  2.73739  3.18146  2.89801  2.37887  2.77519  2.98518  4.58477  3.61503
          0.02068  4.28486  5.00720  0.61958  0.77255  0.48576  0.95510
     46   2.68427  4.16930  4.09999  3.52232  2.91849  2.92099  4.10388  1.91447  3.41030  1.79361  3.24796  3.75324  4.15575  3.64196  3.61062  3.07570  2.46427  2.29005  4.80502  3.60943     79 l - - -
          2.68618  4.42225  2.77519  2.73123  3.46354  2.40513  3.72494  3.29354  2.67741  2.69355  4.24690  2.90347  2.73739  3.18146  2.89801  2.37887  2.77519  2.98518  4.58477  3.61503
          0.02068  4.28486  5.00720  0.61958  0.77255  0.48576  0.95510
     47   2.64833  5.04105  2.54938  2.25662  4.34146  3.43180  3.62802  3.20108  1.87529  3.32601  4.09542  2.91939  3.82808  2.56967  2.85958  2.55226  2.59846  3.23884  5.50062  4.12008     80 k - - -
          2.68618  4.42225  2.77519  2.73123  3.46354  2.40513  3.72494  3.29354  2.67741  2.69355  4.24690  2.90347  2.73739  3.18146  2.89801  2.37887  2.77519  2.98518  4.58477  3.61503
          0.02068  4.28486  5.00720  0.61958  0.77255  0.48576  0.95510
     48   2.69649  5.08034  2.90702  1.84411  3.65076  3.44958  3.64810  3.83595  1.82847  3.36151  4.13912  2.93682  3.85592  2.57203  2.82592  2.49902  2.92676  3.45157  5.52805  4.15549     81 k - - -
          2.68618  4.42225  2.77519  2.73123  3.46354  2.40513  3.72494  3.29354  2.67741  2.69355  4.24690  2.90347  2.73739  3.18146  2.89801  2.37887  2.77519  2.98518  4.58477  3.61503
          0.02068  4.28486  5.00720  0.61958  0.77255  0.48576  0.95510
     49   2.93396  5.46694  1.50899  1.82080  4.79120  2.32727  3.81913  4.29206  2.74383  3.78650  4.59119  2.84090  3.93217  2.96272  3.30395  2.85029  2.78630  3.86015  5.94566  4.47540     82 d - - -
          2.68618  4.42225  2.77519  2.73123  3.46354  2.40513  3.72494  3.29354  2.67741  2.69355  4.24690  2.90347  2.73739  3.18146  2.89801  2.37887  2.77519  2.98518  4.58477  3.61503
          0.02068  4.28486  5.00720  0.61958  0.77255  0.48576  0.95510
     50   2.64803  4.94339  2.38847  2.42481  4.23401  3.43367  3.66661  3.25716  2.45208  3.23957  4.03239  2.55101  2.61424  2.79925  2.92862  2.34216  2.88726  3.00548  5.44997  4.08925     83 s - - -
          2.68618  4.42225  2.77519  2.73123  3.46354  2.40513  3.72494  3.29354  2.67741  2.69355  4.24690  2.90347  2.73739  3.18146  2.89801  2.37887  2.77519  2.98518  4.58477  3.61503
          0.34389  4.28486  1.28296  0.61958  0.77255  0.48576  0.95510
     51   3.09185  4.42668  4.72251  4.16319  2.68736  4.36455  4.68991  1.54193  4.05153  1.42174  3.01267  4.38350  4.60947  4.19686  4.19306  3.70003  3.32313  1.78671  5.10047  3.94021     84 l - - -
          2.68618  4.42225  2.77519  2.73123  3.46354  2.40513  3.72494  3.29354  2.67741  2.69355  4.24690  2.90347  2.73739  3.18146  2.89801  2.37887  2.77519  2.98518  4.58477  3.61503
          0.02846  3.96943  4.69177  0.61958  0.77255  0.32881  1.27218
     52   2.32289  4.92303  2.70290  2.29404  4.23401  3.42500  3.68826  3.66604  2.48420  3.24338  4.04060  2.84119  3.85108  2.82599  2.95956  1.84157  2.67574  2.98976  5.45921  4.10255     85 s - - -
          2.68618  4.42225  2.77519  2.73123  3.46354  2.40513  3.72494  3.29354  2.67741  2.69355  4.24690  2.90347  2.73739  3.18146  2.89801  2.37887  2.77519  2.98518  4.58477  3.61503
          0.02068  4.28486  5.00720  0.61958  0.77255  0.48576  0.95510
     53   2.59186  4.81624  2.81679  2.35016  3.51963  3.46867  3.28204  3.46319  2.47934  2.83891  3.42185  3.00423  3.09108  2.64084  2.94092  2.37073  2.71612  3.14517  5.32240  3.48515     86 e - - -
          2.68618  4.42225  2.77519  2.73123  3.46354  2.40513  3.72494  3.29354  2.67741  2.69355  4.24690  2.90347  2.73739  3.18146  2.89801  2.37887  2.77519  2.98518  4.58477  3.61503
          0.02068  4.28486  5.00720  0.61958  0.77255  0.48576  0.95510
     54   2.34834  5.00039  2.38741  1.95637  4.28599  3.43392  3.64670  3.72741  2.41997  2.99340  3.51568  2.93214  3.83741  2.77041  2.90127  2.34448  2.88698  3.35719  5.47677  4.10444     87 e - - -
          2.68618  4.42225  2.77519  2.73123  3.46354  2.40513  3.72494  3.29354  2.67741  2.69355  4.24690  2.90347  2.73739  3.18146  2.89801  2.37887  2.77519  2.98518  4.58477  3.61503
          0.02068  4.28486  5.00720  0.61958  0.77255  0.48576  0.95510
     55   2.47049  5.11796  2.23911  1.78554  4.42056  3.12863  3.67892  3.87905  2.47548  2.78019  4.19035  2.90148  3.85466  2.80234  2.97259  2.49287  2.95293  3.48822  5.58974  4.19431     88 e - - -
          2.68618  4.42225  2.77519  2.73123  3.46354  2.40513  3.72494  3.29354  2.67741  2.69355  4.24690  2.90347  2.73739  3.18146  2.89801  2.37887  2.77519  2.98518  4.58477  3.61503
          0.02068  4.28486  5.00720  0.61958  0.77255  0.48576  0.95510
     56   2.72307  4.42348  4.89296  4.34056  3.51516  4.44007  4.87082  1.47811  4.22392  1.61107  3.21452  4.51049  4.72686  4.41437  4.36163  3.78362  3.35157  1.39550  5.35455  4.19101     89 v - - -
          2.68618  4.42225  2.77519  2.73123  3.46354  2.40513  3.72494  3.29354  2.67741  2.69355  4.24690  2.90347  2.73739  3.18146  2.89801  2.37887  2.77519  2.98518  4.58477  3.61503
          0.02068  4.28486  5.00720  0.61958  0.77255  0.48576  0.95510
     57   2.62970  4.33604  3.53042  2.96174  3.46929  3.61334  3.86689  2.82602  2.49875  2.01838  3.08684  3.23749  3.99248  3.20863  3.24292  2.37107  2.86141  2.29150  4.91847  3.25342     90 l - - -
          2.68618  4.42225  2.77519  2.73123  3.46354  2.40513  3.72494  3.29354  2.67741  2.69355  4.24690  2.90347  2.73739  3.18146  2.89801  2.37887  2.77519  2.98518  4.58477  3.61503
          0.02068  4.28486  5.00720  0.61958  0.77255  0.48576  0.95510
     58   2.61553  5.05223  2.63244  2.03051  4.35549  2.69511  3.64145  3.35651  2.40724  3.34304  4.11477  2.91546  3.83326  2.75851  2.68571  2.13022  2.89467  3.42218  5.51984  4.13598     91 e - - -
          2.68618  4.42225  2.77519  2.73123  3.46354  2.40513  3.72494  3.29354  2.67741  2.69355  4.24690  2.90347  2.73739  3.18146  2.89801  2.37887  2.77519  2.98518  4.58477  3.61503
          0.02068  4.28486  5.00720  0.61958  0.77255  0.48576  0.95510
     59   3.55065  4.83582  5.22755  4.65502  2.34355  4.81112  4.99270  2.38115  4.51652  0.75594  2.39014  4.86232  4.93120  4.50246  4.55392  4.16517  3.75802  2.60185  5.15794  4.03411     92 l - - -
          2.68618  4.42225  2.77519  2.73123  3.46354  2.40513  3.72494  3.29354  2.67741  2.69355  4.24690  2.90347  2.73739  3.18146  2.89801  2.37887  2.77519  2.98518  4.58477  3.61503
          0.02068  4.28486  5.00720  0.61958  0.77255  0.48576  0.95510
     60   2.60506  3.04027  3.41719  2.86943  3.19722  3.50727  3.86675  3.04791  2.39432  2.75136  3.63210  3.28199  3.94802  3.14514  3.17975  1.71198  2.87271  2.79018  5.08494  3.82528     93 s - - -
          2.68618  4.42225  2.77519  2.73123  3.46354  2.40513  3.72494  3.29354  2.67741  2.69355  4.24690  2.90347  2.73739  3.18146  2.89801  2.37887  2.77519  2.98518  4.58477  3.61503
          0.02068  4.28486  5.00720  0.61958  0.77255  0.48576  0.95510
     61   2.67267  5.14710  2.66034  2.11201  4.47947  3.09296  3.62378  3.95377  1.92765  3.44377  4.19515  2.68749  3.82819  2.72833  2.47724  2.63800  2.52252  3.53173  5.58356  4.18338     94 k - - -
          2.68618  4.42225  2.77519  2.73123  3.46354  2.40513  3.72494  3.29354  2.67741  2.69355  4.24690  2.90347  2.73739  3.18146  2.89801  2.37887  2.77519  2.98518  4.58477  3.61503
          0.02068  4.28486  5.00720  0.61958  0.77255  0.48576  0.95510
     62   3.16334  4.63517  4.25588  3.81423  1.07526  4.07052  3.76511  3.13424  3.71290  2.69845  3.76968  3.90448  4.45858  3.87981  3.89225  2.47665  3.41396  2.96836  4.07850  2.17168     95 f - - -
          2.68618  4.42225  2.77519  2.73123  3.46354  2.40513  3.72494  3.29354  2.67741  2.69355  4.24690  2.90347  2.73739  3.18146  2.89801  2.37887  2.77519  2.98518  4.58477  3.61503
          0.02068  4.28486  5.00720  0.61958  0.77255  0.48576  0.95510
     63   3.56025  4.84146  5.20793  4.67912  3.22963  4.85542  5.18673  1.83336  4.49712  0.71875  3.02179  4.92284  5.00636  4.59520  4.58267  4.25044  3.78830  2.30674  5.38438  4.30449     96 l - - -
          2.68618  4.42225  2.77519  2.73123  3.46354  2.40513  3.72494  3.29354  2.67741  2.69355  4.24690  2.90347  2.73739  3.18146  2.89801  2.37887  2.77519  2.98518  4.58477  3.61503
          0.02068  4.28486  5.00720  0.61958  0.77255  0.48576  0.95510
     64   2.64762  5.00651  2.43536  2.12673  4.29296  3.11126  3.63832  3.03029  2.40671  3.28682  4.06521  2.72142  3.83251  2.58224  2.88866  2.64026  2.51738  3.06137  5.47677  4.10246     97 e - - -
          2.68618  4.42225  2.77519  2.73123  3.46354  2.40513  3.72494  3.29354  2.67741  2.69355  4.24690  2.90347  2.73739  3.18146  2.89801  2.37887  2.77519  2.98518  4.58477  3.61503
          0.02068  4.28486  5.00720  0.61958  0.77255  0.48576  0.95510
     65   2.28188  4.82890  3.02484  2.51391  4.20817  2.23818  3.25013  3.63632  2.51761  3.22461  4.02802  3.01748  3.32787  2.87394  2.77733  2.13902  2.88803  3.27360  5.44741  4.10987     98 s - - -
          2.68618  4.42225  2.77519  2.73123  3.46354  2.40513  3.72494  3.29354  2.67741  2.69355  4.24690  2.90347  2.73739  3.18146  2.89801  2.37887  2.77519  2.98518  4.58477  3.61503
          0.02068  4.28486  5.00720  0.61958  0.77255  0.48576  0.95510
     66   3.07800  4.07880  4.64320  4.08620  2.31467  4.20462  4.26673  2.52150  3.93557  1.00338  3.15038  4.20071  4.50569  4.06119  4.03777  3.52133  3.30481  2.51547  4.63198  2.88654     99 l - - -
          2.68618  4.42225  2.77519  2.73123  3.46354  2.40513  3.72494  3.29354  2.67741  2.69355  4.24690  2.90347  2.73739  3.18146  2.89801  2.37887  2.77519  2.98518  4.58477  3.61503
          0.02068  4.28486  5.00720  0.61958  0.77255  0.48576  0.95510
     67   1.56815  3.25675  3.90350  3.41916  3.89433  3.26415  4.26322  3.16388  3.35209  2.96499  3.85245  3.56343  3.91838  3.62255  3.63629  1.65994  2.84154  2.23564  5.33910  4.13941    100 a - - -
          2.68618  4.42225  2.77519  2.73123  3.46354  2.40513  3.72494  3.29354  2.67741  2.69355  4.24690  2.90347  2.73739  3.18146  2.89801  2.37887  2.77519  2.98518  4.58477  3.61503
          0.02068  4.28486  5.00720  0.61958  0.77255  0.48576  0.95510
     68   2.35579  5.17152  2.33669  2.02759  4.49106  3.40987  3.64899  3.96767  2.42259  3.46641  4.22478  2.40464  3.83719  2.56376  2.92228  2.32829  2.93351  3.54955  5.61672  3.82844    101 e - - -
          2.68618  4.42225  2.77519  2.73123  3.46354  2.40513  3.72494  3.29354  2.67741  2.69355  4.24690  2.90347  2.73739  3.18146  2.89801  2.37887  2.77519  2.98518  4.58477  3.61503
          0.02068  4.28486  5.00720  0.61958  0.77255  0.48576  0.95510
     69   3.24161  4.91805  3.68942  3.33623  2.79312  3.93290  3.81160  3.49555  2.57722  3.03372  4.09434  3.64262  4.37443  3.53421  3.26899  3.35811  3.48989  3.29932  4.39501  0.92025    102 y - - -
          2.68618  4.42225  2.77519  2.73123  3.46354  2.40513  3.72494  3.29354  2.67741  2.69355  4.24690  2.90347  2.73739  3.18146  2.89801  2.37887  2.77519  2.98518  4.58477  3.61503
          0.02068  4.28486  5.00720  0.61958  0.77255  0.48576  0.95510
     70   2.71426  3.42443  4.47193  3.87622  2.84343  3.88090  4.20585  2.29385  3.71131  2.02248  2.84173  3.96875  4.23384  3.87834  3.79686  3.18748  2.94693  1.44485  4.74706  3.11166    103 v - - -
          2.68618  4.42225  2.77519  2.73123  3.46354  2.40513  3.72494  3.29354  2.67741  2.69355  4.24690  2.90347  2.73739  3.18146  2.89801  2.37887  2.77519  2.98518  4.58477  3.61503
          0.02068  4.28486  5.00720  0.61958  0.77255  0.48576  0.95510
     71   2.48010  4.95793  2.89305  2.28916  4.32095  1.95555  3.72339  3.75631  2.18172  3.32327  4.12244  2.97746  3.87121  2.86301  2.96108  2.48942  2.68518  3.38400  5.52694  4.17175    104 g - - -
          2.68618  4.42225  2.77519  2.73123  3.46354  2.40513  3.72494  3.29354  2.67741  2.69355  4.24690  2.90347  2.73739  3.18146  2.89801  2.37887  2.77519  2.98518  4.58477  3.61503
          0.02068  4.28486  5.00720  0.61958  0.77255  0.48576  0.95510
     72   2.74487  5.25358  2.30081  1.84774  4.58882  3.41574  3.66495  4.07273  1.93155  3.54889  4.30632  2.51255  3.85719  2.77499  2.61196  2.69416  2.98185  3.64085  5.67992  4.26454    105 e - - -
          2.68618  4.42225  2.77519  2.73123  3.46354  2.40513  3.72494  3.29354  2.67741  2.69355  4.24690  2.90347  2.73739  3.18146  2.89801  2.37887  2.77519  2.98518  4.58477  3.61503
          0.02068  4.28486  5.00720  0.61958  0.77255  0.48576  0.95510
     73   2.49294  5.04731  2.72801  2.38584  4.35126  3.43693  3.24850  3.80509  2.24420  2.81065  4.10082  2.92377  3.38408  2.07410  2.64849  2.63742  2.88315  3.41611  5.50235  4.12415    106 q - - -
          2.68618  4.42225  2.77519  2.73123  3.46354  2.40513  3.72494  3.29354  2.67741  2.69355  4.24690  2.90347  2.73739  3.18146  2.89801  2.37887  2.77519  2.98518  4.58477  3.61503
          0.02068  4.28486  5.00720  0.61958  0.77255  0.48576  0.95510
     74   2.62231  3.14840  3.77640  3.20186  2.54748  3.66448  3.40044  2.67279  3.12113  2.02366  3.31554  3.52140  4.04063  3.04330  3.39685  2.50962  2.63753  2.46634  4.80001  3.58688    107 l - - -
          2.68618  4.42225  2.77519  2.73123  3.46354  2.40513  3.72494  3.29354  2.67741  2.69355  4.24690  2.90347  2.73739  3.18146  2.89801  2.37887  2.77519  2.98518  4.58477  3.61503
          0.02068  4.28486  5.00720  0.61958  0.77255  0.48576  0.95510
     75   2.68633  4.90304  2.95678  2.50106  4.24766  2.35684  3.73427  3.66582  2.18020  3.25739  4.06994  2.06123  3.88495  2.88352  2.94095  2.71319  2.94339  2.69376  5.47580  4.13770    108 n - - -
          2.68618  4.42225  2.77519  2.73123  3.46354  2.40513  3.72494  3.29354  2.67741  2.69355  4.24690  2.90347  2.73739  3.18146  2.89801  2.37887  2.77519  2.98518  4.58477  3.61503
          0.02068  4.28486  5.00720  0.61958  0.77255  0.48576  0.95510
     76   2.67014  4.44793  3.48252  2.92211  3.63277  3.61174  3.89309  2.84365  2.41199  2.64546  3.14120  3.34044  4.01129  3.17933  3.17299  2.87074  1.83717  2.13965  5.07232  3.82994    109 t - - -
          2.68618  4.42225  2.77519  2.73123  3.46354  2.40513  3.72494  3.29354  2.67741  2.69355  4.24690  2.90347  2.73739  3.18146  2.89801  2.37887  2.77519  2.98518  4.58477  3.61503
          0.02068  4.28486  5.00720  0.61958  0.77255  0.48576  0.95510
     77   3.00439  5.10019  3.51250  2.83250  4.43941  3.72922  3.72213  2.78245  1.61205  3.31203  4.17842  3.26221  4.08721  2.86637  1.46247  3.03101  3.18860  3.47718  5.46492  4.25160    110 r - - -
          2.68618  4.42225  2.77519  2.73123  3.46354  2.40513  3.72494  3.29354  2.67741  2.69355  4.24690  2.90347  2.73739  3.18146  2.89801  2.37887  2.77519  2.98518  4.58477  3.61503
          0.02068  4.28486  5.00720  0.61958  0.77255  0.48576  0.95510
     78   3.15266  0.38628  4.73237  4.57964  4.50553  3.67014  5.13960  3.74332  4.41988  3.62732  4.76821  4.46316  4.40543  4.74887  4.46330  3.42230  3.65474  3.45323  5.80619  4.78422    111 C - - -
          2.68618  4.42225  2.77519  2.73123  3.46354  2.40513  3.72494  3.29354  2.67741  2.69355  4.24690  2.90347  2.73739  3.18146  2.89801  2.37887  2.77519  2.98518  4.58477  3.61503
          0.02068  4.28486  5.00720  0.61958  0.77255  0.48576  0.95510
     79   2.68350  3.49625  3.94554  3.00256  3.23554  3.74463  4.01609  2.60053  3.25201  1.43351  3.28637  3.65061  4.11753  3.52383  3.48415  3.02866  2.91763  2.42145  4.76846  2.80653    112 l - - -
          2.68618  4.42225  2.77519  2.73123  3.46354  2.40513  3.72494  3.29354  2.67741  2.69355  4.24690  2.90347  2.73739  3.18146  2.89801  2.37887  2.77519  2.98518  4.58477  3.61503
          0.02068  4.28486  5.00720  0.61958  0.77255  0.48576  0.95510
     80   3.14689  4.44440  4.94902  4.41738  3.67397  4.52619  5.02720  1.29929  4.31154  2.03754  3.49589  4.60020  4.81894  4.54236  4.47826  3.88603  2.89952  1.19091  5.53704  4.34536    113 v - - -
          2.68618  4.42225  2.77519  2.73123  3.46354  2.40513  3.72494  3.29354  2.67741  2.69355  4.24690  2.90347  2.73739  3.18146  2.89801  2.37887  2.77519  2.98518  4.58477  3.61503
          0.02068  4.28486  5.00720  0.61958  0.77255  0.48576  0.95510
     81   2.95498  5.17935  3.35039  2.72072  4.60117  3.65709  3.69903  3.97862  1.59514  3.45678  4.28190  3.17792  4.03596  2.82521  1.52080  2.71091  2.71322  3.62754  5.55157  4.31096    114 r - - -
          2.68618  4.42225  2.77519  2.73123  3.46354  2.40513  3.72494  3.29354  2.67741  2.69355  4.24690  2.90347  2.73739  3.18146  2.89801  2.37887  2.77519  2.98518  4.58477  3.61503
          0.02068  4.28486  5.00720  0.61958  0.77255  0.48576  0.95510
     82   3.15797  4.84979  3.73601  3.39852  2.92173  3.83526  3.91862  3.56468  3.20107  3.11099  4.14792  2.44598  4.33526  3.63299  3.44621  3.29786  3.45171  3.33861  1.04984  2.89089    115 w - - -
          2.68618  4.42225  2.77519  2.73123  3.46354  2.40513  3.72494  3.29354  2.67741  2.69355  4.24690  2.90347  2.73739  3.18146  2.89801  2.37887  2.77519  2.98518  4.58477  3.61503
          0.02068  4.28486  5.00720  0.61958  0.77255  0.48576  0.95510
     83   2.98502  5.19809  3.32137  2.73791  4.64458  3.65523  3.72150  4.02798  1.15639  3.49909  4.33084  3.19071  4.05312  2.85091  2.14372  2.39915  3.18963  3.67272  5.58155  4.34499    116 k - - -
          2.68618  4.42225  2.77519  2.73123  3.46354  2.40513  3.72494  3.29354  2.67741  2.69355  4.24690  2.90347  2.73739  3.18146  2.89801  2.37887  2.77519  2.98518  4.58477  3.61503
          0.02068  4.28486  5.00720  0.61958  0.77255  0.48576  0.95510
     84   2.78103  5.12979  2.60463  2.44303  4.47387  3.46173  3.70883  3.91779  1.36224  3.28562  4.24207  2.97200  3.90750  2.83800  2.81964  2.39917  3.02154  3.53492  5.60125  4.24102    117 k - - -
          2.68618  4.42225  2.77519  2.73123  3.46354  2.40513  3.72494  3.29354  2.67741  2.69355  4.24690  2.90347  2.73739  3.18146  2.89801  2.37887  2.77519  2.98518  4.58477  3.61503
          0.02068  4.28486  5.00720  0.61958  0.77255  0.48576  0.95510
     85   2.49605  5.01925  1.93092  2.25401  4.30649  3.42948  3.66186  3.30168  2.44664  3.30392  4.08936  2.64300  3.84562  2.78837  2.93165  2.48956  2.90787  3.04938  5.50035  4.12504    118 d - - -
          2.68618  4.42225  2.77519  2.73123  3.46354  2.40513  3.72494  3.29354  2.67741  2.69355  4.24690  2.90347  2.73739  3.18146  2.89801  2.37887  2.77519  2.98518  4.58477  3.61503
          0.02068  4.28486  5.00720  0.61958  0.77255  0.48576  0.95510
     86   2.51585  4.43573  4.50968  4.14988  3.91184  3.90608  4.93918  2.09931  4.04972  2.56589  3.76976  4.24432  4.49228  4.35861  4.25188  3.35687  3.27259  0.79073  5.71033  4.48477    119 v - - -
          2.68618  4.42225  2.77519  2.73123  3.46354  2.40513  3.72494  3.29354  2.67741  2.69355  4.24690  2.90347  2.73739  3.18146  2.89801  2.37887  2.77519  2.98518  4.58477  3.61503
          0.02068  4.28486  5.00720  0.61958  0.77255  0.48576  0.95510
     87   2.48313  4.83707  2.96543  2.52998  4.08035  3.45142  3.59663  3.54649  2.57116  3.15780  3.98942  2.35323  1.92546  2.92610  3.01130  2.73641  2.94632  3.22241  5.37536  3.52195    120 p - - -
          2.68618  4.42225  2.77519  2.73123  3.46354  2.40513  3.72494  3.29354  2.67741  2.69355  4.24690  2.90347  2.73739  3.18146  2.89801  2.37887  2.77519  2.98518  4.58477  3.61503
          0.02068  4.28486  5.00720  0.61958  0.77255  0.48576  0.95510
     88   2.29836  4.18750  3.84859  3.27178  2.97596  3.69051  3.97867  2.43423  3.18417  2.37570  2.97139  3.57229  4.06448  3.44566  2.80587  2.71866  2.86519  1.82678  4.79869  3.59330    121 v - - -
          2.68618  4.42225  2.77519  2.73123  3.46354  2.40513  3.72494  3.29354  2.67741  2.69355  4.24690  2.90347  2.73739  3.18146  2.89801  2.37887  2.77519  2.98518  4.58477  3.61503
          0.02068  4.28486  5.00720  0.61958  0.77255  0.48576  0.95510
     89   2.71013  5.02381  2.96605  2.45051  4.31922  3.47208  3.66525  3.75419  2.00128  2.73575  4.09570  2.11164  3.87683  2.58757  2.80079  2.35673  2.93962  3.39250  5.48491  4.13541    122 k - - -
          2.68618  4.42225  2.77519  2.73123  3.46354  2.40513  3.72494  3.29354  2.67741  2.69355  4.24690  2.90347  2.73739  3.18146  2.89801  2.37887  2.77519  2.98518  4.58477  3.61503
          0.02068  4.28486  5.00720  0.61958  0.77255  0.48576  0.95510
     90   2.86779  4.31491  4.27494  3.72039  3.48831  4.03226  4.39507  1.53945  3.61168  2.17346  3.41879  2.89442  4.38911  3.87995  3.84072  3.33920  3.11159  1.48241  5.12012  3.90840    123 v - - -
          2.68618  4.42225  2.77519  2.73123  3.46354  2.40513  3.72494  3.29354  2.67741  2.69355  4.24690  2.90347  2.73739  3.18146  2.89801  2.37887  2.77519  2.98518  4.58477  3.61503
          0.02068  4.28486  5.00720  0.61958  0.77255  0.48576  0.95510
     91   2.85461  5.00740  3.19773  2.72567  4.53437  3.52828  3.80206  3.90724  1.11440  3.46061  4.29922  3.17578  4.00482  2.94901  2.60307  2.64005  2.65682  3.53786  5.60246  4.33925    124 k - - -
          2.68618  4.42225  2.77519  2.73123  3.46354  2.40513  3.72494  3.29354  2.67741  2.69355  4.24690  2.90347  2.73739  3.18146  2.89801  2.37887  2.77519  2.98518  4.58477  3.61503
          0.02068  4.28486  5.00720  0.61958  0.77255  0.48576  0.95510
     92   2.73469  3.40093  4.49197  3.90970  1.95568  3.86651  4.02852  2.54264  3.72994  2.08918  2.59624  3.93949  4.22347  3.86888  3.78841  3.17425  2.96553  2.37196  3.55322  2.33930    125 f - - -
          2.68618  4.42225  2.77519  2.73123  3.46354  2.40513  3.72494  3.29354  2.67741  2.69355  4.24690  2.90347  2.73739  3.18146  2.89801  2.37887  2.77519  2.98518  4.58477  3.61503
          0.02068  4.28486  5.00720  0.61958  0.77255  0.48576  0.95510
     93   2.64081  4.88973  3.00768  2.41802  3.57242  2.51953  3.65835  3.57011  2.19094  3.15596  3.95836  2.97735  3.08376  2.65757  2.70056  2.49986  2.87215  2.96175  5.38201  4.03693    126 k - - -
          2.68618  4.42225  2.77519  2.73123  3.46354  2.40513  3.72494  3.29354  2.67741  2.69355  4.24690  2.90347  2.73739  3.18146  2.89801  2.37887  2.77519  2.98518  4.58477  3.61503
          0.02068  4.28486  5.00720  0.61958  0.77255  0.48576  0.95510
     94   3.04483  4.42975  4.59777  4.07123  2.24551  4.19350  4.33323  2.29868  3.93540  2.13689  3.33995  4.19989  4.53053  4.11158  4.07185  3.52593  3.28841  1.11589  4.74435  3.13258    127 v - - -
          2.68618  4.42225  2.77519  2.73123  3.46354  2.40513  3.72494  3.29354  2.67741  2.69355  4.24690  2.90347  2.73739  3.18146  2.89801  2.37887  2.77519  2.98518  4.58477  3.61503
          0.02068  4.28486  5.00720  0.61958  0.77255  0.48576  0.95510
     95   3.28992  4.62439  4.95225  4.38051  2.41514  4.51586  4.76933  1.94005  4.24135  1.61432  1.36955  4.56391  4.73743  4.32268  4.32547  3.85122  3.51192  2.40009  5.09008  3.93195    128 m - - -
          2.68618  4.42225  2.77519  2.73123  3.46354  2.40513  3.72494  3.29354  2.67741  2.69355  4.24690  2.90347  2.73739  3.18146  2.89801  2.37887  2.77519  2.98518  4.58477  3.61503
          0.02068  4.28486  5.00720  0.61958  0.77255  0.48576  0.95510
     96   2.70620  4.46687  2.62254  1.45048  4.24433  3.44059  3.69174  3.71334  2.49558  3.28667  4.09072  2.94742  3.87127  2.83337  2.97377  2.70424  2.94527  3.36022  5.47708  3.20074    129 e - - -
          2.68618  4.42225  2.77519  2.73123  3.46354  2.40513  3.72494  3.29354  2.67741  2.69355  4.24690  2.90347  2.73739  3.18146  2.89801  2.37887  2.77519  2.98518  4.58477  3.61503
          0.02068  4.28486  5.00720  0.61958  0.77255  0.48576  0.95510
     97   2.91698  5.35850  2.60832  1.23523  4.63039  3.44523  2.85544  4.13908  2.52736  3.63313  4.44396  2.91605  3.94827  2.53499  2.96981  2.85610  3.16177  3.74368  5.75780  4.34885    130 e - - -
          2.68618  4.42225  2.77519  2.73123  3.46354  2.40513  3.72494  3.29354  2.67741  2.69355  4.24690  2.90347  2.73739  3.18146  2.89801  2.37887  2.77519  2.98518  4.58477  3.61503
          0.02068  4.28486  5.00720  0.61958  0.77255  0.48576  0.95510
     98   2.74902  4.97995  3.00290  2.22831  4.23146  3.50470  3.70625  3.63382  2.40999  3.19951  3.42001  3.02753  3.91646  1.56080  2.81262  2.76433  2.97930  3.21546  5.44987  4.11929    131 q - - -
          2.68618  4.42225  2.77519  2.73123  3.46354  2.40513  3.72494  3.29354  2.67741  2.69355  4.24690  2.90347  2.73739  3.18146  2.89801  2.37887  2.77519  2.98518  4.58477  3.61503
          0.02068  4.28486  5.00720  0.61958  0.77255  0.48576  0.95510
     99   3.39746  5.07505  3.76690  3.40261  2.49499  4.05982  1.08359  3.72929  3.20840  3.14323  4.24790  3.68157  4.46922  3.60405  3.46918  3.44242  3.63417  3.53655  4.12822  1.92915    132 h - - -
          2.68618  4.42225  2.77519  2.73123  3.46354  2.40513  3.72494  3.29354  2.67741  2.69355  4.24690  2.90347  2.73739  3.18146  2.89801  2.37887  2.77519  2.98518  4.58477  3.61503
          0.02068  4.28486  5.00720  0.61958  0.77255  0.48576  0.95510
    100   2.78563  4.19559  4.44715  3.85345  2.79369  3.93372  4.23104  2.18931  3.70251  1.39421  2.84689  3.98780  4.27115  3.62462  3.80868  3.23623  3.01467  2.18789  4.76466  2.78190    133 l - - -
          2.68618  4.42225  2.77519  2.73123  3.46354  2.40513  3.72494  3.29354  2.67741  2.69355  4.24690  2.90347  2.73739  3.18146  2.89801  2.37887  2.77519  2.98518  4.58477  3.61503
          0.02068  4.28486  5.00720  0.61958  0.77255  0.48576  0.95510
    101   2.88276  5.26884  3.06837  2.03594  4.66108  3.56841  3.66802  4.08461  1.61795  3.53348  4.32429  3.04293  3.96305  2.03609  2.32121  2.84529  3.08961  3.69090  5.61886  4.30937    134 k - - -
          2.68618  4.42225  2.77519  2.73123  3.46354  2.40513  3.72494  3.29354  2.67741  2.69355  4.24690  2.90347  2.73739  3.18146  2.89801  2.37887  2.77519  2.98518  4.58477  3.61503
          0.02068  4.28486  5.00720  0.61958  0.77255  0.48576  0.95510
    102   2.65792  4.47087  2.99982  2.59961  2.81548  3.57962  3.82629  2.97174  2.58258  1.73395  3.56021  3.25250  3.97061  3.10993  3.16844  2.83180  2.89046  2.73958  5.02610  3.76469    135 l - - -
          2.68618  4.42225  2.77519  2.73123  3.46354  2.40513  3.72494  3.29354  2.67741  2.69355  4.24690  2.90347  2.73739  3.18146  2.89801  2.37887  2.77519  2.98518  4.58477  3.61503
          0.02068  4.28486  5.00720  0.61958  0.77255  0.48576  0.95510
    103   3.15808  4.60592  4.29482  3.79674  1.84223  4.11585  3.77036  3.04555  3.66966  2.36571  3.66281  3.90840  4.45825  3.09076  3.85277  3.41757  3.38429  2.79672  4.09511  1.27906    136 y - - -
          2.68618  4.42225  2.77519  2.73123  3.46354  2.40513  3.72494  3.29354  2.67741  2.69355  4.24690  2.90347  2.73739  3.18146  2.89801  2.37887  2.77519  2.98518  4.58477  3.61503
          0.02068  4.28486  5.00720  0.61958  0.77255  0.48576  0.95510
    104   2.12860  4.41727  3.58569  3.47397  4.72496  0.74020  4.62037  4.14007  3.67561  3.86842  4.72629  3.58895  3.93874  3.93362  3.93889  2.67360  3.01813  3.52913  6.02681  4.86757    137 g - - -
          2.68621  4.42229  2.77494  2.73127  3.46357  2.40506  3.72498  3.29357  2.67744  2.69358  4.24693  2.90350  2.73743  3.18150  2.89804  2.37890  2.77508  2.98522  4.58480  3.61507
          0.11725  2.26384  5.00720  0.65997  0.72746  0.48576  0.95510
    105   2.45989  4.40991  3.41431  2.64619  2.80466  3.58252  3.82945  2.86343  2.82088  2.62731  3.51356  3.28480  2.66671  3.13358  3.19501  2.61986  2.86493  2.69080  4.97104  2.60617    140 a - - -
          2.68618  4.42225  2.77519  2.73123  3.46354  2.40513  3.72494  3.29354  2.67741  2.69355  4.24690  2.90347  2.73739  3.18146  2.89801  2.37887  2.77519  2.98518  4.58477  3.61503
          0.02068  4.28486  5.00720  0.61958  0.77255  0.48576  0.95510
    106   2.31387  4.39004  3.44502  2.76713  3.53472  3.59118  3.84007  2.77430  2.83567  2.22909  3.12729  3.30196  3.97254  2.76481  3.20401  2.31275  2.86116  2.33511  4.96919  3.72746    141 l - - -
          2.68618  4.42225  2.77519  2.73123  3.46354  2.40513  3.72494  3.29354  2.67741  2.69355  4.24690  2.90347  2.73739  3.18146  2.89801  2.37887  2.77519  2.98518  4.58477  3.61503
          0.02068  4.28486  5.00720  0.61958  0.77255  0.48576  0.95510
    107   2.76618  5.00178  1.45461  2.45734  4.45165  2.33611  3.87163  3.84058  2.77372  3.48020  4.31444  2.98397  3.92049  3.03778  3.27273  2.77997  3.07087  2.62043  5.70917  4.32976    142 d - - -
          2.68618  4.42225  2.77519  2.73123  3.46354  2.40513  3.72494  3.29354  2.67741  2.69355  4.24690  2.90347  2.73739  3.18146  2.89801  2.37887  2.77519  2.98518  4.58477  3.61503
          0.02068  4.28486  5.00720  0.61958  0.77255  0.48576  0.95510
    108   2.65095  4.42643  3.06669  2.86890  3.50323  3.59784  3.00682  2.93013  2.82508  2.62410  1.96234  3.29551  3.98167  3.14405  3.19463  2.84288  2.88312  2.51348  4.94952  3.23453    143 m - - -
          2.68618  4.42225  2.77519  2.73123  3.46354  2.40513  3.72494  3.29354  2.67741  2.69355  4.24690  2.90347  2.73739  3.18146  2.89801  2.37887  2.77519  2.98518  4.58477  3.61503
          0.02068  4.28486  5.00720  0.61958  0.77255  0.48576  0.95510
    109   2.81115  5.28977  1.56917  1.86024  4.58984  3.40167  3.72838  4.06560  2.56006  3.38882  4.36100  2.87000  3.88840  2.59396  3.07462  2.75631  3.05907  3.28863  5.73873  4.31190    144 d - - -
          2.68618  4.42225  2.77519  2.73123  3.46354  2.40513  3.72494  3.29354  2.67741  2.69355  4.24690  2.90347  2.73739  3.18146  2.89801  2.37887  2.77519  2.98518  4.58477  3.61503
          0.02068  4.28486  5.00720  0.61958  0.77255  0.48576  0.95510
    110   2.69897  4.79970  1.63197  2.55723  4.07842  3.05355  3.80157  2.68612  2.66077  3.08303  3.95199  3.06581  3.92377  2.97994  3.11957  2.76261  2.95835  2.74695  5.40923  4.07990    145 d - - -
          2.68618  4.42225  2.77519  2.73123  3.46354  2.40513  3.72494  3.29354  2.67741  2.69355  4.24690  2.90347  2.73739  3.18146  2.89801  2.37887  2.77519  2.98518  4.58477  3.61503
          0.02068  4.28486  5.00720  0.61958  0.77255  0.48576  0.95510
    111   3.35801  4.76021  4.59572  4.12167  2.92162  4.39234  4.40143  2.58075  3.89271  0.75933  3.20343  4.31966  4.68849  4.13530  4.03960  3.76908  3.59226  2.66574  4.75468  2.77652    146 l - - -
          2.68618  4.42225  2.77519  2.73123  3.46354  2.40513  3.72494  3.29354  2.67741  2.69355  4.24690  2.90347  2.73739  3.18146  2.89801  2.37887  2.77519  2.98518  4.58477  3.61503
          0.02068  4.28486  5.00720  0.61958  0.77255  0.48576  0.95510
    112   2.55195  4.34457  3.63206  3.07633  2.94330  3.65542  3.88681  2.82339  3.01591  2.23935  3.45476  3.44170  4.04494  3.30802  3.34042  1.76450  2.91298  2.61174  4.79085  2.77912    147 s - - -
          2.68618  4.42225  2.77519  2.73123  3.46354  2.40513  3.72494  3.29354  2.67741  2.69355  4.24690  2.90347  2.73739  3.18146  2.89801  2.37887  2.77519  2.98518  4.58477  3.61503
          0.02068  4.28486  5.00720  0.61958  0.77255  0.48576  0.95510
    113   2.63492  0.96746  4.53398  4.18086  3.89404  3.46835  4.76151  2.69619  3.97526  2.77315  3.91040  4.04410  4.17814  4.25841  4.10839  2.94748  3.09253  2.16591  5.53528  4.30444    148 c - - -
          2.68618  4.42225  2.77519  2.73123  3.46354  2.40513  3.72494  3.29354  2.67741  2.69355  4.24690  2.90347  2.73739  3.18146  2.89801  2.37887  2.77519  2.98518  4.58477  3.61503
          0.02068  4.28486  5.00720  0.61958  0.77255  0.48576  0.95510
    114   2.63703  3.95353  2.58431  2.17849  3.61975  2.68556  3.64406  3.65498  2.41814  3.22092  4.00960  2.94964  3.83644  2.77257  2.49464  2.48641  2.72125  3.29735  5.42810  4.06731    149 e - - -
          2.68618  4.42225  2.77519  2.73123  3.46354  2.40513  3.72494  3.29354  2.67741  2.69355  4.24690  2.90347  2.73739  3.18146  2.89801  2.37887  2.77519  2.98518  4.58477  3.61503
          0.02068  4.28486  5.00720  0.61958  0.77255  0.48576  0.95510
    115   3.38437  5.51826  2.75327  0.55503  4.92840  3.59737  4.24805  4.47160  3.18831  4.02918  5.00757  3.25985  4.22813  3.46917  3.62513  3.33613  3.69894  4.12018  6.01810  4.77023    150 E - - -
          2.68618  4.42225  2.77519  2.73123  3.46354  2.40513  3.72494  3.29354  2.67741  2.69355  4.24690  2.90347  2.73739  3.18146  2.89801  2.37887  2.77519  2.98518  4.58477  3.61503
          0.02068  4.28486  5.00720  0.61958  0.77255  0.48576  0.95510
    116   2.94459  4.43929  4.17535  2.98632  3.36287  4.05169  4.35619  2.16558  3.49960  1.15004  3.24656  3.93680  4.38524  3.77769  3.74400  3.34981  3.17854  2.09387  5.09249  3.91942    151 l - - -
          2.68618  4.42225  2.77519  2.73123  3.46354  2.40513  3.72494  3.29354  2.67741  2.69355  4.24690  2.90347  2.73739  3.18146  2.89801  2.37887  2.77519  2.98518  4.58477  3.61503
          0.02068  4.28486  5.00720  0.61958  0.77255  0.48576  0.95510
    117   2.87482  4.32053  4.35764  3.78802  2.44864  3.29343  4.27486  2.37812  3.65899  1.18502  3.16133  3.98950  4.33549  3.85662  3.82389  3.29838  3.11099  2.30643  4.84038  3.60525    152 l - - -
          2.68618  4.42225  2.77519  2.73123  3.46354  2.40513  3.72494  3.29354  2.67741  2.69355  4.24690  2.90347  2.73739  3.18146  2.89801  2.37887  2.77519  2.98518  4.58477  3.61503
          0.02068  4.28486  5.00720  0.61958  0.77255  0.48576  0.95510
    118   2.63608  4.09805  4.14557  3.55750  2.64583  3.74781  4.05053  2.21462  3.42992  1.87329  3.19840  3.74655  3.00814  3.64150  3.59485  2.83054  2.86828  2.09323  4.70389  3.10856    153 l - - -
          2.68618  4.42225  2.77519  2.73123  3.46354  2.40513  3.72494  3.29354  2.67741  2.69355  4.24690  2.90347  2.73739  3.18146  2.89801  2.37887  2.77519  2.98518  4.58477  3.61503
          0.02068  4.28486  5.00720  0.61958  0.77255  0.48576  0.95510
    119   2.49277  4.45070  3.43094  2.95958  3.90949  3.37636  3.99928  3.25839  2.91252  2.95541  2.79085  3.32224  1.61080  3.25902  3.27316  2.29448  2.89553  2.95311  5.30736  4.05379    154 p - - -
          2.68626  4.42233  2.77528  2.73089  3.46362  2.40521  3.72503  3.29362  2.67749  2.69360  4.24698  2.90338  2.73748  3.18154  2.89809  2.37858  2.77513  2.98526  4.58485  3.61511
          0.28223  1.43040  5.00720  0.59597  0.80080  0.48576  0.95510
    120   2.87492  5.39670  1.93625  1.38684  4.68203  3.38914  3.76541  4.18785  2.63980  3.68292  4.47411  2.56547  3.90902  2.89995  3.17696  2.80201  3.13014  3.76675  5.83268  3.45648    158 e - - -
          2.68618  4.42225  2.77519  2.73123  3.46354  2.40513  3.72494  3.29354  2.67741  2.69355  4.24690  2.90347  2.73739  3.18146  2.89801  2.37887  2.77519  2.98518  4.58477  3.61503
          0.02068  4.28486  5.00720  0.61958  0.77255  0.48576  0.95510
    121   2.66453  5.08171  2.33259  1.69780  4.37260  3.02258  3.72405  3.79815  2.55432  3.37557  4.17843  2.92179  3.88080  2.86354  3.05102  2.72902  2.99138  2.34509  5.58509  4.20114    159 e - - -
          2.68618  4.42225  2.77519  2.73123  3.46354  2.40513  3.72494  3.29354  2.67741  2.69355  4.24690  2.90347  2.73739  3.18146  2.89801  2.37887  2.77519  2.98518  4.58477  3.61503
          0.02068  4.28486  5.00720  0.61958  0.77255  0.48576  0.95510
    122   3.14905  5.78096  1.56202  1.06963  5.06637  3.36883  3.94001  4.61091  2.99134  4.08622  4.94643  2.82469  4.00786  3.10852  3.61413  3.01273  3.44340  4.16341  6.22472  4.69285    160 e - - -
          2.68619  4.42226  2.77520  2.73110  3.46355  2.40513  3.72495  3.29355  2.67741  2.69356  4.24690  2.90347  2.73740  3.18147  2.89801  2.37888  2.77520  2.98519  4.58478  3.61504
          0.06780  2.83254  5.00720  0.43234  1.04693  0.48576  0.95510
    123   3.23979  5.83529  0.78805  2.01119  5.12960  3.37783  4.01595  4.68707  3.13483  4.18377  5.08762  2.85059  4.05012  3.20283  3.78199  3.09434  3.55328  4.24776  6.30763  4.77539    162 d - - -
          2.68621  4.42228  2.77522  2.73094  3.46356  2.40515  3.72497  3.29357  2.67743  2.69357  4.24692  2.90349  2.73742  3.18149  2.89803  2.37889  2.77522  2.98507  4.58479  3.61506
          0.16928  1.90355  5.00720  0.27074  1.43892  0.48576  0.95510
    124   3.12881  5.72926  0.93517  2.16768  5.05531  2.90811  3.94781  4.59903  3.02133  4.08103  4.94291  2.45623  4.00068  3.12086  3.65409  3.00059  3.43468  4.14605  6.23872  4.69843    164 d - - -
          2.68618  4.42225  2.77519  2.73123  3.46354  2.40513  3.72494  3.29354  2.67741  2.69355  4.24690  2.90347  2.73739  3.18146  2.89801  2.37887  2.77519  2.98518  4.58477  3.61503
          0.02068  4.28486  5.00720  0.61958  0.77255  0.48576  0.95510
    125   3.13982  4.44397  4.89696  4.01272  3.65708  4.50638  4.98087  1.29116  4.24802  2.07667  3.48743  4.55977  4.79838  4.49126  4.42056  3.86175  3.38805  1.15100  5.50791  4.31240    165 v - - -
          2.68618  4.42225  2.77519  2.73123  3.46354  2.40513  3.72494  3.29354  2.67741  2.69355  4.24690  2.90347  2.73739  3.18146  2.89801  2.37887  2.77519  2.98518  4.58477  3.61503
          0.02068  4.28486  5.00720  0.61958  0.77255  0.48576  0.95510
    126   2.49389  4.33031  4.07368  3.53859  3.61325  3.80255  4.33267  1.97366  3.45580  2.48752  3.52930  3.81286  4.25413  3.74039  3.73164  3.13180  1.60074  1.83539  5.20575  3.99506    166 t - - -
          2.68618  4.42225  2.77519  2.73123  3.46354  2.40513  3.72494  3.29354  2.67741  2.69355  4.24690  2.90347  2.73739  3.18146  2.89801  2.37887  2.77519  2.98518  4.58477  3.61503
          0.02068  4.28486  5.00720  0.61958  0.77255  0.48576  0.95510
    127   3.89741  5.21642  4.47554  4.29902  2.43673  4.33284  3.89360  3.85765  4.14744  3.19980  4.49097  4.26960  4.80449  4.34814  4.23782  3.98470  4.19025  3.74959  4.09015  0.48466    167 Y - - -
          2.68618  4.42225  2.77519  2.73123  3.46354  2.40513  3.72494  3.29354  2.67741  2.69355  4.24690  2.90347  2.73739  3.18146  2.89801  2.37887  2.77519  2.98518  4.58477  3.61503
          0.02068  4.28486  5.00720  0.61958  0.77255  0.48576  0.95510
    128   2.84887  5.23762  2.93665  1.44406  4.58872  3.52112  3.16913  4.02900  2.12492  3.50704  4.29913  2.99844  3.93892  2.80153  2.25467  2.81307  3.06748  3.63979  5.62106  4.28330    168 e - - -
          2.68618  4.42225  2.77519  2.73123  3.46354  2.40513  3.72494  3.29354  2.67741  2.69355  4.24690  2.90347  2.73739  3.18146  2.89801  2.37887  2.77519  2.98518  4.58477  3.61503
          0.02068  4.28486  5.00720  0.61958  0.77255  0.48576  0.95510
    129   3.14104  5.81123  1.08674  1.82565  5.08581  3.35565  3.92551  4.63707  2.98537  4.09876  4.95288  2.19211  3.99670  3.09199  3.62103  2.99868  3.43485  4.18043  6.24799  4.69475    169 d - - -
          2.68618  4.42225  2.77519  2.73123  3.46354  2.40513  3.72494  3.29354  2.67741  2.69355  4.24690  2.90347  2.73739  3.18146  2.89801  2.37887  2.77519  2.98518  4.58477  3.61503
          0.11725  4.28486  2.33444  0.61958  0.77255  0.48576  0.95510
    130   3.11023  4.84173  3.84804  3.79349  4.90648  0.37268  4.88224  4.59543  4.01730  4.20490  5.19171  4.01384  4.24187  4.31690  4.20701  3.29309  3.61592  4.06206  5.90549  5.02323    170 G - - -
          2.68618  4.42225  2.77519  2.73123  3.46354  2.40513  3.72494  3.29354  2.67741  2.69355  4.24690  2.90347  2.73739  3.18146  2.89801  2.37887  2.77519  2.98518  4.58477  3.61503
          0.02275  4.19035  4.91270  0.61958  0.77255  0.41887  1.07232
    131   2.30356  4.25157  3.68754  3.11352  3.37302  3.65112  3.91878  2.66766  2.77838  2.44981  2.44359  3.46467  4.02688  3.32281  3.00351  2.91114  2.86074  2.09564  4.84594  2.91352    171 v - - -
          2.68618  4.42225  2.77519  2.73123  3.46354  2.40513  3.72494  3.29354  2.67741  2.69355  4.24690  2.90347  2.73739  3.18146  2.89801  2.37887  2.77519  2.98518  4.58477  3.61503
          0.02068  4.28486  5.00720  0.61958  0.77255  0.48576  0.95510
    132   3.35507  4.61222  5.19281  4.67543  3.56166  4.79061  5.29286  0.95113  4.55806  1.67971  3.34048  4.87939  5.00932  4.74010  4.69774  4.17961  3.60204  1.65885  5.62912  4.48542    172 i - - -
          2.68618  4.42225  2.77519  2.73123  3.46354  2.40513  3.72494  3.29354  2.67741  2.69355  4.24690  2.90347  2.73739  3.18146  2.89801  2.37887  2.77519  2.98518  4.58477  3.61503
          0.02068  4.28486  5.00720  0.61958  0.77255  0.48576  0.95510
    133   3.21230  4.53640  4.91158  4.36153  3.42468  4.51427  4.92448  2.02964  4.22687  1.65040  2.48450  4.56719  4.77916  4.41150  4.37070  3.86418  3.45319  1.07490  5.36473  4.22666    173 v - - -
          2.68618  4.42225  2.77519  2.73123  3.46354  2.40513  3.72494  3.29354  2.67741  2.69355  4.24690  2.90347  2.73739  3.18146  2.89801  2.37887  2.77519  2.98518  4.58477  3.61503
          0.02068  4.28486  5.00720  0.61958  0.77255  0.48576  0.95510
    134   2.39175  5.15391  2.38287  2.34784  4.46840  3.41580  3.21866  3.93712  2.45152  3.45152  4.22361  1.84884  3.85495  2.79179  2.69719  2.63447  2.95934  3.53365  5.61336  4.21304    174 n - - -
          2.68618  4.42225  2.77519  2.73123  3.46354  2.40513  3.72494  3.29354  2.67741  2.69355  4.24690  2.90347  2.73739  3.18146  2.89801  2.37887  2.77519  2.98518  4.58477  3.61503
          0.02068  4.28486  5.00720  0.61958  0.77255  0.48576  0.95510
    135   2.40565  1.25889  4.21608  3.81434  3.95688  3.22180  4.49716  3.13151  3.68064  3.02494  3.95308  3.74187  3.94517  3.93713  3.86622  2.00547  2.86877  2.42065  5.44561  4.25381    175 c - - -
          2.68618  4.42225  2.77519  2.73123  3.46354  2.40513  3.72494  3.29354  2.67741  2.69355  4.24690  2.90347  2.73739  3.18146  2.89801  2.37887  2.77519  2.98518  4.58477  3.61503
          0.02068  4.28486  5.00720  0.61958  0.77255  0.48576  0.95510
    136   2.66102  4.49438  2.98899  2.43747  4.30882  3.44751  3.65183  3.74873  1.98581  3.29403  4.07719  2.31778  3.84953  2.77479  2.62769  2.13875  2.68406  3.37439  5.47770  4.12011    176 k - - -
          2.68618  4.42225  2.77519  2.73123  3.46354  2.40513  3.72494  3.29354  2.67741  2.69355  4.24690  2.90347  2.73739  3.18146  2.89801  2.37887  2.77519  2.98518  4.58477  3.61503
          0.02068  4.28486  5.00720  0.61958  0.77255  0.48576  0.95510
    137   2.77552  5.25199  2.52446  1.88639  4.58391  3.43357  3.67976  4.05689  2.41393  3.54060  4.31042  2.90165  3.87856  1.81976  2.43152  2.72770  3.01097  3.63902  5.67492  4.27462    177 q - - -
          2.68618  4.42225  2.77519  2.73123  3.46354  2.40513  3.72494  3.29354  2.67741  2.69355  4.24690  2.90347  2.73739  3.18146  2.89801  2.37887  2.77519  2.98518  4.58477  3.61503
          0.02068  4.28486  5.00720  0.61958  0.77255  0.48576  0.95510
    138   3.02841  4.72546  3.50694  2.42199  3.59604  3.84662  4.19012  2.80968  3.09092  1.03474  3.54140  3.59562  4.28241  3.50080  3.38507  3.25445  3.28027  2.73231  5.24734  4.00352    178 l - - -
          2.68618  4.42225  2.77519  2.73123  3.46354  2.40513  3.72494  3.29354  2.67741  2.69355  4.24690  2.90347  2.73739  3.18146  2.89801  2.37887  2.77519  2.98518  4.58477  3.61503
          0.02068  4.28486  5.00720  0.61958  0.77255  0.48576  0.95510
    139   3.00429  5.60144  1.38702  1.63578  4.89963  3.37810  3.83653  4.41585  2.23115  3.88607  4.69851  2.82859  3.95386  2.98204  3.32421  2.89802  3.27336  3.97440  6.02879  4.53905    179 d - - -
          2.68618  4.42225  2.77519  2.73123  3.46354  2.40513  3.72494  3.29354  2.67741  2.69355  4.24690  2.90347  2.73739  3.18146  2.89801  2.37887  2.77519  2.98518  4.58477  3.61503
          0.02068  4.28486  5.00720  0.61958  0.77255  0.48576  0.95510
    140   2.63467  4.82769  2.47173  2.48139  3.63740  3.46719  3.67131  3.07767  2.24711  2.84876  3.89909  2.94061  3.85700  2.63661  2.72789  2.50884  2.86592  2.70501  5.33152  3.99836    180 k - - -
          2.68618  4.42225  2.77519  2.73123  3.46354  2.40513  3.72494  3.29354  2.67741  2.69355  4.24690  2.90347  2.73739  3.18146  2.89801  2.37887  2.77519  2.98518  4.58477  3.61503
          0.02068  4.28486  5.00720  0.61958  0.77255  0.48576  0.95510
    141   2.84970  4.31231  4.29353  3.72946  3.33689  3.97461  4.33772  1.99389  3.60495  1.32031  3.26399  3.96397  4.33656  3.84398  3.80449  2.59854  3.09495  2.03280  5.00361  3.81931    181 l - - -
          2.68618  4.42225  2.77519  2.73123  3.46354  2.40513  3.72494  3.29354  2.67741  2.69355  4.24690  2.90347  2.73739  3.18146  2.89801  2.37887  2.77519  2.98518  4.58477  3.61503
          0.02068  4.28486  5.00720  0.61958  0.77255  0.48576  0.95510
    142   3.41536  4.70657  4.84416  4.40627  1.16609  4.39621  3.82621  3.00433  4.22813  1.62899  3.58535  4.24736  4.69369  4.22930  4.24448  3.73202  3.63494  2.95912  3.09772  2.25748    182 f - - -
          2.68618  4.42225  2.77519  2.73123  3.46354  2.40513  3.72494  3.29354  2.67741  2.69355  4.24690  2.90347  2.73739  3.18146  2.89801  2.37887  2.77519  2.98518  4.58477  3.61503
          0.02068  4.28486  5.00720  0.61958  0.77255  0.48576  0.95510
    143   2.48968  5.05756  2.65273  2.20307  4.36472  3.42813  3.62471  3.82311  2.14318  3.05016  4.11106  2.91301  3.82508  2.73664  2.66497  2.11482  2.64046  3.42812  5.51420  4.12915    183 s - - -
          2.68618  4.42225  2.77519  2.73123  3.46354  2.40513  3.72494  3.29354  2.67741  2.69355  4.24690  2.90347  2.73739  3.18146  2.89801  2.37887  2.77519  2.98518  4.58477  3.61503
          0.02068  4.28486  5.00720  0.61958  0.77255  0.48576  0.95510
    144   2.59995  5.46142  1.36633  1.88630  4.79062  3.37034  3.82722  4.28896  2.75851  3.78865  4.59691  2.84310  3.93539  2.97308  3.31974  2.30108  3.21189  3.85896  5.95118  4.48133    184 d - - -
          2.68618  4.42225  2.77519  2.73123  3.46354  2.40513  3.72494  3.29354  2.67741  2.69355  4.24690  2.90347  2.73739  3.18146  2.89801  2.37887  2.77519  2.98518  4.58477  3.61503
          0.11725  4.28486  2.33444  0.61958  0.77255  0.48576  0.95510
    145   3.53280  4.90754  4.69952  4.35253  3.28959  4.38249  4.91023  2.52187  4.11795  0.56343  3.23372  4.59779  4.77053  4.40829  4.23711  4.00919  3.81654  2.63956  5.27152  4.06437    185 L - - -
          2.68618  4.42225  2.77519  2.73123  3.46354  2.40513  3.72494  3.29354  2.67741  2.69355  4.24690  2.90347  2.73739  3.18146  2.89801  2.37887  2.77519  2.98518  4.58477  3.61503
          0.02275  4.19035  4.91270  0.61958  0.77255  0.60299  0.79225
    146   2.38176  4.33971  3.37297  3.22550  4.59344  1.00854  4.41368  4.08979  3.43319  3.75766  4.58004  3.40361  3.82570  3.69529  3.74022  1.90715  2.89365  3.45811  5.90588  4.68690    186 g - - -
          2.68618  4.42225  2.77519  2.73123  3.46354  2.40513  3.72494  3.29354  2.67741  2.69355  4.24690  2.90347  2.73739  3.18146  2.89801  2.37887  2.77519  2.98518  4.58477  3.61503
          0.02275  4.19035  4.91270  0.61958  0.77255  0.60299  0.79225
    147   2.93632  4.40291  4.15727  3.06677  3.57296  4.07318  4.47585  1.15040  3.55522  2.29998  3.45590  3.98188  4.44270  3.88125  3.81325  3.40833  3.18955  1.77540  5.28045  4.06365    187 i - - -
          2.68618  4.42225  2.77519  2.73123  3.46354  2.40513  3.72494  3.29354  2.67741  2.69355  4.24690  2.90347  2.73739  3.18146  2.89801  2.37887  2.77519  2.98518  4.58477  3.61503
          0.02275  4.19035  4.91270  0.61958  0.77255  0.60299  0.79225
    148   2.65006  5.09187  2.85526  2.02818  4.41349  3.07047  3.20854  3.87847  2.17930  3.38259  4.14288  2.45700  3.80922  2.64853  2.65697  2.57733  2.57887  3.47072  5.53355  4.14345    188 e - - -
          2.68618  4.42225  2.77519  2.73123  3.46354  2.40513  3.72494  3.29354  2.67741  2.69355  4.24690  2.90347  2.73739  3.18146  2.89801  2.37887  2.77519  2.98518  4.58477  3.61503
          0.02275  4.19035  4.91270  0.61958  0.77255  0.60299  0.79225
    149   2.85066  4.26300  4.38626  3.82342  2.69014  3.99345  4.18338  2.18884  3.69242  2.14020  3.24921  3.98365  4.33447  3.88329  3.84382  3.30063  3.08509  1.35508  4.68486  2.58496    189 v - - -
          2.68618  4.42225  2.77519  2.73123  3.46354  2.40513  3.72494  3.29354  2.67741  2.69355  4.24690  2.90347  2.73739  3.18146  2.89801  2.37887  2.77519  2.98518  4.58477  3.61503
          0.02275  4.19035  4.91270  0.61958  0.77255  0.60299  0.79225
    150   2.75459  2.65375  4.36723  3.79426  3.32475  3.91732  4.30552  2.17184  3.66323  2.07557  2.88018  3.96586  4.28636  3.88017  3.82306  3.23142  2.68689  1.48499  4.93166  3.74358    190 v - - -
          2.68618  4.42225  2.77519  2.73123  3.46354  2.40513  3.72494  3.29354  2.67741  2.69355  4.24690  2.90347  2.73739  3.18146  2.89801  2.37887  2.77519  2.98518  4.58477  3.61503
          0.02275  4.19035  4.91270  0.61958  0.77255  0.60299  0.79225
    151   3.07617  4.73337  3.75676  3.45567  2.56470  3.80427  3.76198  3.41055  3.37351  2.96013  4.03648  3.66767  4.31323  3.68518  3.61214  2.66166  3.39037  3.19604  4.19710  0.96648    191 y - - -
          2.68618  4.42225  2.77519  2.73123  3.46354  2.40513  3.72494  3.29354  2.67741  2.69355  4.24690  2.90347  2.73739  3.18146  2.89801  2.37887  2.77519  2.98518  4.58477  3.61503
          0.02275  4.19035  4.91270  0.61958  0.77255  0.60299  0.79225
    152   3.28790  4.63416  4.76522  4.40276  3.60979  4.39385  5.08345  0.75260  4.23773  2.14290  3.50822  4.60579  4.80538  4.56060  4.39985  3.93069  3.58573  1.90870  5.55814  4.31658    192 i - - -
          2.68618  4.42225  2.77519  2.73123  3.46354  2.40513  3.72494  3.29354  2.67741  2.69355  4.24690  2.90347  2.73739  3.18146  2.89801  2.37887  2.77519  2.98518  4.58477  3.61503
          0.02275  4.19035  4.91270  0.61958  0.77255  0.60299  0.79225
    153   2.62771  4.32281  3.99531  3.56373  3.80960  3.52479  4.42436  2.46935  3.46289  2.64103  3.72357  3.75164  4.12860  3.78643  3.72717  2.93330  1.47998  1.57968  5.41464  4.19502    193 t - - -
          2.68618  4.42225  2.77519  2.73123  3.46354  2.40513  3.72494  3.29354  2.67741  2.69355  4.24690  2.90347  2.73739  3.18146  2.89801  2.37887  2.77519  2.98518  4.58477  3.61503
          0.02275  4.19035  4.91270  0.61958  0.77255  0.60299  0.79225
    154   3.22341  4.49601  5.06259  4.57757  3.72134  4.65218  5.28284  1.21316  4.47691  2.20080  3.50514  4.76923  4.94126  4.73319  4.65880  4.05646  3.48908  1.05445  5.73146  4.52419    194 v - - -
          2.68618  4.42225  2.77519  2.73123  3.46354  2.40513  3.72494  3.29354  2.67741  2.69355  4.24690  2.90347  2.73739  3.18146  2.89801  2.37887  2.77519  2.98518  4.58477  3.61503
          0.02275  4.19035  4.91270  0.61958  0.77255  0.60299  0.79225
    155   2.72696  5.10570  2.21886  2.15307  4.47223  2.93260  3.71962  3.93561  2.56349  3.47319  4.26571  2.87181  3.84797  2.85640  3.07140  1.73666  2.68332  3.53306  5.65692  4.25415    195 s - - -
          2.68618  4.42225  2.77519  2.73123  3.46354  2.40513  3.72494  3.29354  2.67741  2.69355  4.24690  2.90347  2.73739  3.18146  2.89801  2.37887  2.77519  2.98518  4.58477  3.61503
          0.02275  4.19035  4.91270  0.61958  0.77255  0.60299  0.79225
    156   2.75205  5.20487  2.54593  2.19606  4.54523  3.42522  3.64158  4.00723  1.57685  3.48920  4.26270  2.58325  3.85779  2.75626  2.53431  2.70890  2.98230  3.59646  5.61808  4.23661    196 k - - -
          2.68618  4.42225  2.77519  2.73123  3.46354  2.40513  3.72494  3.29354  2.67741  2.69355  4.24690  2.90347  2.73739  3.18146  2.89801  2.37887  2.77519  2.98518  4.58477  3.61503
          0.02275  4.19035  4.91270  0.61958  0.77255  0.60299  0.79225
    157   2.65381  5.03998  2.83671  2.09946  4.33452  2.60356  3.33145  3.78851  2.24981  3.32249  4.09928  2.43977  3.81765  2.74407  2.86675  2.46248  2.88753  3.40489  5.50042  3.51113    197 e - - -
          2.68618  4.42225  2.77519  2.73123  3.46354  2.40513  3.72494  3.29354  2.67741  2.69355  4.24690  2.90347  2.73739  3.18146  2.89801  2.37887  2.77519  2.98518  4.58477  3.61503
          0.02275  4.19035  4.91270  0.61958  0.77255  0.41887  1.07232
    158   2.59214  1.93977  3.56768  3.02457  3.57716  2.77449  3.93098  2.95457  2.93286  2.66635  3.55644  3.38433  3.97361  3.26520  2.90635  2.57145  2.86991  2.70695  5.01592  3.23959    198 c - - -
          2.68618  4.42225  2.77519  2.73123  3.46354  2.40513  3.72494  3.29354  2.67741  2.69355  4.24690  2.90347  2.73739  3.18146  2.89801  2.37887  2.77519  2.98518  4.58477  3.61503
          0.02068  4.28486  5.00720  0.61958  0.77255  0.48576  0.95510
    159   3.04051  4.55527  4.09279  3.66901  3.50688  4.04531  4.44122  0.99687  3.42564  2.22753  3.46196  3.97328  4.45596  3.12091  3.64574  3.43666  3.30629  2.24283  5.23680  3.98745    199 i - - -
          2.68618  4.42225  2.77519  2.73123  3.46354  2.40513  3.72494  3.29354  2.67741  2.69355  4.24690  2.90347  2.73739  3.18146  2.89801  2.37887  2.77519  2.98518  4.58477  3.61503
          0.02068  4.28486  5.00720  0.61958  0.77255  0.48576  0.95510
    160   2.63743  4.15066  3.16305  2.44327  3.85956  3.51011  3.30142  2.96896  2.16498  2.90250  3.74858  3.09315  3.89630  2.91783  2.58695  2.54902  2.86806  2.97255  3.29177  3.41496    200 k - - -
          2.68618  4.42225  2.77519  2.73123  3.46354  2.40513  3.72494  3.29354  2.67741  2.69355  4.24690  2.90347  2.73739  3.18146  2.89801  2.37887  2.77519  2.98518  4.58477  3.61503
          0.02068  4.28486  5.00720  0.61958  0.77255  0.48576  0.95510
    161   2.37034  4.28343  3.82870  3.31909  3.62439  3.54040  4.15188  1.80286  3.24461  2.63500  3.58129  3.58900  4.05599  3.53811  3.53325  2.58679  1.77326  2.45589  5.12232  3.90954    201 t - - -
          2.68618  4.42225  2.77519  2.73123  3.46354  2.40513  3.72494  3.29354  2.67741  2.69355  4.24690  2.90347  2.73739  3.18146  2.89801  2.37887  2.77519  2.98518  4.58477  3.61503
          0.02068  4.28486  5.00720  0.61958  0.77255  0.48576  0.95510
    162   2.69853  4.66396  3.13328  2.49084  4.04277  3.45022  3.94774  3.29696  2.80348  3.05043  3.96055  3.21799  1.50742  3.17020  3.18724  2.81726  3.00542  2.41206  5.41346  4.12844    202 p - - -
          2.68618  4.42225  2.77519  2.73123  3.46354  2.40513  3.72494  3.29354  2.67741  2.69355  4.24690  2.90347  2.73739  3.18146  2.89801  2.37887  2.77519  2.98518  4.58477  3.61503
          0.02068  4.28486  5.00720  0.61958  0.77255  0.48576  0.95510
    163   2.72641  4.42443  3.08769  2.73510  3.51895  3.69000  3.96697  2.32754  2.98754  1.49106  3.46471  3.42328  4.07802  3.29703  3.33307  2.96669  2.96148  2.53011  5.02728  3.79296    203 l - - -
          2.68618  4.42225  2.77519  2.73123  3.46354  2.40513  3.72494  3.29354  2.67741  2.69355  4.24690  2.90347  2.73739  3.18146  2.89801  2.37887  2.77519  2.98518  4.58477  3.61503
          0.06780  4.28486  2.96081  0.61958  0.77255  0.48576  0.95510
    164   2.61752  4.58077  3.19794  2.63755  3.32010  3.15171  3.73361  2.88454  2.61632  2.61893  3.67015  2.47770  3.40518  2.95101  2.80250  2.40895  2.84924  2.88040  5.12587  3.37220    204 s - - -
          2.68618  4.42225  2.77519  2.73123  3.46354  2.40513  3.72494  3.29354  2.67741  2.69355  4.24690  2.90347  2.73739  3.18146  2.89801  2.37887  2.77519  2.98518  4.58477  3.61503
          0.12314  4.23872  2.28831  0.61958  0.77255  0.54609  0.86562
    165   2.67604  5.03177  2.50599  2.40374  4.34456  3.43774  3.60653  3.78220  1.74526  3.30705  3.46761  2.92964  3.83358  2.72580  2.34011  2.66297  2.90115  3.40653  5.46964  4.11744    205 k - - -
          2.68621  4.42229  2.77508  2.73127  3.46357  2.40516  3.72498  3.29357  2.67744  2.69358  4.24693  2.90350  2.73743  3.18150  2.89804  2.37880  2.77523  2.98522  4.58480  3.61439
          0.41024  1.49392  2.18911  0.22827  1.58919  0.65682  0.73085
    166   2.88835  5.46440  1.68711  1.62752  4.76196  2.74364  3.73429  4.27701  2.70116  3.76211  4.58210  2.38229  3.83624  2.88586  3.28229  2.78456  3.16419  3.84189  5.91978  4.42549    207 e - - -
          2.68618  4.42225  2.77519  2.73123  3.46354  2.40513  3.72494  3.29354  2.67741  2.69355  4.24690  2.90347  2.73739  3.18146  2.89801  2.37887  2.77519  2.98518  4.58477  3.61503
          0.02678  4.02940  4.75175  0.61958  0.77255  0.66021  0.72721
    167   2.89650  4.29040  4.44696  3.87716  3.31866  4.11011  4.46254  1.64472  3.74911  1.86123  2.90428  4.10252  4.42699  3.97515  3.62390  3.42358  3.13290  1.46634  5.06166  3.89121    208 v - - -
          2.68618  4.42225  2.77519  2.73123  3.46354  2.40513  3.72494  3.29354  2.67741  2.69355  4.24690  2.90347  2.73739  3.18146  2.89801  2.37887  2.77519  2.98518  4.58477  3.61503
          0.08336  4.08598  2.76193  0.61958  0.77255  0.70790  0.67861
    168   2.56861  3.21040  4.15802  3.65589  3.57311  3.55479  4.35700  2.23621  3.54047  2.45758  3.49948  3.79246  4.10633  3.80929  3.76229  2.93755  2.26528  1.36783  5.17358  3.97238    209 v - - -
          2.68618  4.42225  2.77519  2.73123  3.46354  2.40513  3.72494  3.29354  2.67741  2.69355  4.24690  2.90347  2.73739  3.18146  2.89801  2.37887  2.77519  2.98518  4.58477  3.61503
          0.02678  4.02940  4.75175  0.61958  0.77255  0.75650  0.63357
    169   2.76707  4.27190  4.01902  3.47326  3.39260  3.87412  4.22423  1.51680  3.35528  2.06431  3.33309  3.13980  4.24500  3.65729  3.61559  3.17869  3.01457  1.84352  5.02560  3.79793    210 i - - -
          2.68618  4.42225  2.77519  2.73123  3.46354  2.40513  3.72494  3.29354  2.67741  2.69355  4.24690  2.90347  2.73739  3.18146  2.89801  2.37887  2.77519  2.98518  4.58477  3.61503
          0.02678  4.02940  4.75175  0.61958  0.77255  0.75650  0.63357
    170   2.61482  4.72494  3.04616  2.49715  3.95526  3.44126  3.63539  3.35371  2.16343  2.51895  3.80889  2.53299  3.83368  2.65417  2.73709  2.56976  2.84330  2.78194  5.23074  3.92652    211 k - - -
          2.68618  4.42225  2.77519  2.73123  3.46354  2.40513  3.72494  3.29354  2.67741  2.69355  4.24690  2.90347  2.73739  3.18146  2.89801  2.37887  2.77519  2.98518  4.58477  3.61503
          0.01810  4.02073        *  0.61958  0.77255  0.00000        *
//
