HMMER3/f [3.3.2 | Nov 2020]
NAME  vHMM_18411
LENG  167
ALPH  amino
RF    no
MM    no
CONS  yes
CS    no
MAP   yes
DATE  Mon Feb 22 06:01:08 2021
NSEQ  7
EFFN  1.110840
CKSUM 2439689229
STATS LOCAL MSV      -10.2607  0.70775
STATS LOCAL VITERBI  -10.9506  0.70775
STATS LOCAL FORWARD   -5.0528  0.70775
CUTOFF SCORE	183.36
TAXON	Polydnaviridae
TXID	10482
PROTEIN	Viral ankyrin
TYPE	Full-length
RANGE	Wide
HMM          A        C        D        E        F        G        H        I        K        L        M        N        P        Q        R        S        T        V        W        Y   
            m->m     m->i     m->d     i->m     i->i     d->m     d->d
  COMPO   2.49264  3.71796  2.90833  2.66190  3.41478  2.98960  3.57309  2.84828  2.72314  2.41006  3.46073  2.89411  3.68615  2.99712  3.03432  2.74613  2.85468  2.67708  4.38961  3.46799
          2.68602  4.42233  2.77527  2.73107  3.46362  2.40521  3.72502  3.29362  2.67749  2.69363  4.24476  2.90354  2.73747  3.18116  2.89808  2.37895  2.77527  2.98526  4.58485  3.61511
          0.30906  1.72948  2.42495  0.82825  0.57415  0.00000        *
      1   2.65561  4.54270  3.17226  2.34855  3.74804  3.49119  3.82136  3.08399  2.70222  2.77586  1.92141  3.18259  3.93635  3.07105  3.07523  2.39338  2.91277  2.83740  5.14909  3.88002      4 m - - -
          2.68618  4.42225  2.77519  2.73123  3.46354  2.40513  3.72494  3.29354  2.67741  2.69355  4.24690  2.90347  2.73739  3.18146  2.89801  2.37887  2.77519  2.98518  4.58477  3.61503
          0.02338  4.16345  4.88580  0.61958  0.77255  0.42637  1.05807
      2   2.64371  5.01091  2.56893  2.16626  4.30046  3.42412  3.62889  3.74781  2.17821  3.29152  3.24516  2.32423  3.82451  2.74882  2.87264  2.63382  2.87597  2.87830  5.47767  4.10188      5 e - - -
          2.68618  4.42225  2.77519  2.73123  3.46354  2.40513  3.72494  3.29354  2.67741  2.69355  4.24690  2.90347  2.73739  3.18146  2.89801  2.37887  2.77519  2.98518  4.58477  3.61503
          0.02145  4.24852  4.97086  0.61958  0.77255  0.48576  0.95510
      3   2.30928  4.67853  3.11623  2.58209  3.97679  2.85954  3.73945  3.38208  2.57782  3.01681  3.84918  2.63859  3.08032  2.91984  3.02010  2.13032  2.85846  3.06870  3.50570  3.98201      6 s - - -
          2.68618  4.42225  2.77519  2.73123  3.46354  2.40513  3.72494  3.29354  2.67741  2.69355  4.24690  2.90347  2.73739  3.18146  2.89801  2.37887  2.77519  2.98518  4.58477  3.61503
          0.02145  4.24852  4.97086  0.61958  0.77255  0.48576  0.95510
      4   2.36294  4.89190  2.60480  2.43396  3.27259  3.43576  3.65719  3.58856  2.21788  3.17226  3.97304  2.96016  3.12758  2.79638  2.91822  2.16133  2.86939  3.24452  5.39574  4.04533      7 s - - -
          2.68618  4.42225  2.77519  2.73123  3.46354  2.40513  3.72494  3.29354  2.67741  2.69355  4.24690  2.90347  2.73739  3.18146  2.89801  2.37887  2.77519  2.98518  4.58477  3.61503
          0.02145  4.24852  4.97086  0.61958  0.77255  0.48576  0.95510
      5   2.33576  4.57968  3.20350  2.36462  3.78867  2.92415  3.75049  3.16832  2.63246  2.83885  3.03208  3.12636  3.89616  2.96654  3.05682  2.42037  2.51297  2.54368  5.15154  3.86918      8 a - - -
          2.68618  4.42225  2.77519  2.73123  3.46354  2.40513  3.72494  3.29354  2.67741  2.69355  4.24690  2.90347  2.73739  3.18146  2.89801  2.37887  2.77519  2.98518  4.58477  3.61503
          0.02145  4.24852  4.97086  0.61958  0.77255  0.48576  0.95510
      6   2.74842  4.84875  2.90169  2.21427  4.07465  3.47969  3.78161  2.37375  2.61029  3.09784  3.96690  1.79280  3.93431  2.96644  3.03971  2.80066  2.99585  3.10633  5.39207  4.06425      9 n - - -
          2.68618  4.42225  2.77519  2.73123  3.46354  2.40513  3.72494  3.29354  2.67741  2.69355  4.24690  2.90347  2.73739  3.18146  2.89801  2.37887  2.77519  2.98518  4.58477  3.61503
          0.02145  4.24852  4.97086  0.61958  0.77255  0.48576  0.95510
      7   2.62572  4.32589  3.53660  2.96566  2.88672  2.97093  3.86077  2.21968  2.52478  2.26248  3.42749  3.36004  3.98863  3.20476  2.74655  2.86045  2.85687  2.59006  4.90702  3.67588     10 i - - -
          2.68618  4.42225  2.77519  2.73123  3.46354  2.40513  3.72494  3.29354  2.67741  2.69355  4.24690  2.90347  2.73739  3.18146  2.89801  2.37887  2.77519  2.98518  4.58477  3.61503
          0.02145  4.24852  4.97086  0.61958  0.77255  0.48576  0.95510
      8   2.35837  4.65709  3.14317  2.32736  3.12657  3.50018  3.71795  3.23909  2.30641  2.89395  3.74247  3.08427  3.88953  2.56517  2.99441  2.72089  2.86362  2.33225  5.19144  3.89667     11 k - - -
          2.68618  4.42225  2.77519  2.73123  3.46354  2.40513  3.72494  3.29354  2.67741  2.69355  4.24690  2.90347  2.73739  3.18146  2.89801  2.37887  2.77519  2.98518  4.58477  3.61503
          0.02145  4.24852  4.97086  0.61958  0.77255  0.48576  0.95510
      9   2.61718  4.28522  3.58412  3.01437  2.85833  3.61851  3.10549  2.76768  2.95477  2.23035  2.84926  3.39352  3.99591  2.76584  3.28302  2.51638  2.84892  2.28261  4.86675  3.63726     12 l - - -
          2.68618  4.42225  2.77519  2.73123  3.46354  2.40513  3.72494  3.29354  2.67741  2.69355  4.24690  2.90347  2.73739  3.18146  2.89801  2.37887  2.77519  2.98518  4.58477  3.61503
          0.02145  4.24852  4.97086  0.61958  0.77255  0.48576  0.95510
     10   2.33184  4.37684  2.86841  2.91490  2.24755  3.58920  3.86756  2.84032  2.88605  2.28645  3.48401  3.32735  3.98437  3.18990  3.24819  2.84636  2.50365  2.61896  4.96350  3.71324     13 f - - -
          2.68618  4.42225  2.77519  2.73123  3.46354  2.40513  3.72494  3.29354  2.67741  2.69355  4.24690  2.90347  2.73739  3.18146  2.89801  2.37887  2.77519  2.98518  4.58477  3.61503
          0.02145  4.24852  4.97086  0.61958  0.77255  0.48576  0.95510
     11   2.68810  5.02700  2.42990  2.12664  4.34546  2.45117  3.69055  3.79180  2.49934  3.34767  4.13875  2.91709  3.84934  2.82359  2.99001  2.10847  2.93717  2.82516  5.54526  4.16560     14 s - - -
          2.68618  4.42225  2.77519  2.73123  3.46354  2.40513  3.72494  3.29354  2.67741  2.69355  4.24690  2.90347  2.73739  3.18146  2.89801  2.37887  2.77519  2.98518  4.58477  3.61503
          0.02145  4.24852  4.97086  0.61958  0.77255  0.48576  0.95510
     12   2.36940  4.91564  2.59394  2.19820  4.17834  3.43748  3.65187  3.60291  2.43967  3.18617  3.20018  2.33693  3.83845  2.78826  2.91338  2.65237  2.87333  2.80270  5.40723  4.05260     15 e - - -
          2.68618  4.42225  2.77519  2.73123  3.46354  2.40513  3.72494  3.29354  2.67741  2.69355  4.24690  2.90347  2.73739  3.18146  2.89801  2.37887  2.77519  2.98518  4.58477  3.61503
          0.02145  4.24852  4.97086  0.61958  0.77255  0.48576  0.95510
     13   2.33157  4.69318  3.14670  2.59293  3.96346  3.46440  3.72691  3.35874  2.53281  2.99496  3.07476  3.07936  2.66273  2.90736  2.29059  2.38845  2.87078  3.05602  5.26970  3.96987     16 r - - -
          2.68618  4.42225  2.77519  2.73123  3.46354  2.40513  3.72494  3.29354  2.67741  2.69355  4.24690  2.90347  2.73739  3.18146  2.89801  2.37887  2.77519  2.98518  4.58477  3.61503
          0.02145  4.24852  4.97086  0.61958  0.77255  0.48576  0.95510
     14   2.65959  4.94249  2.25245  2.41294  3.24148  3.41942  3.67771  3.66467  2.48171  3.24134  4.04113  2.28713  3.84653  2.81722  2.96129  2.36603  2.53396  3.30988  5.45353  4.08997     17 d - - -
          2.68618  4.42225  2.77519  2.73123  3.46354  2.40513  3.72494  3.29354  2.67741  2.69355  4.24690  2.90347  2.73739  3.18146  2.89801  2.37887  2.77519  2.98518  4.58477  3.61503
          0.02145  4.24852  4.97086  0.61958  0.77255  0.48576  0.95510
     15   2.37983  5.08137  2.22697  1.94491  4.37972  3.41363  3.64674  3.08720  2.18320  3.36585  4.14167  2.89804  3.83489  2.76626  2.90973  2.65672  2.91472  3.44295  5.54321  4.15416     18 e - - -
          2.68618  4.42225  2.77519  2.73123  3.46354  2.40513  3.72494  3.29354  2.67741  2.69355  4.24690  2.90347  2.73739  3.18146  2.89801  2.37887  2.77519  2.98518  4.58477  3.61503
          0.02145  4.24852  4.97086  0.61958  0.77255  0.48576  0.95510
     16   2.70899  5.05956  2.87784  1.79530  4.34606  3.44531  3.65760  3.79841  1.95036  3.33690  4.12646  2.93879  3.86186  2.78444  2.83398  2.37775  2.94075  3.42684  5.51001  3.19099     19 e - - -
          2.68618  4.42225  2.77519  2.73123  3.46354  2.40513  3.72494  3.29354  2.67741  2.69355  4.24690  2.90347  2.73739  3.18146  2.89801  2.37887  2.77519  2.98518  4.58477  3.61503
          0.02145  4.24852  4.97086  0.61958  0.77255  0.48576  0.95510
     17   2.96291  5.18404  2.59819  1.68236  4.74750  1.22557  4.02023  4.23134  2.95053  3.80033  4.66346  3.03363  4.00839  3.20939  3.42334  2.95285  3.29894  3.80880  5.92538  4.57715     20 g - - -
          2.68618  4.42225  2.77519  2.73123  3.46354  2.40513  3.72494  3.29354  2.67741  2.69355  4.24690  2.90347  2.73739  3.18146  2.89801  2.37887  2.77519  2.98518  4.58477  3.61503
          0.02145  4.24852  4.97086  0.61958  0.77255  0.48576  0.95510
     18   2.87904  5.42754  1.86378  1.74705  4.73802  2.26682  3.75911  4.23889  2.24078  3.72061  4.50985  2.82759  3.89869  2.89216  3.17325  2.79854  3.13672  3.80558  5.86753  4.40813     21 e - - -
          2.68618  4.42225  2.77519  2.73123  3.46354  2.40513  3.72494  3.29354  2.67741  2.69355  4.24690  2.90347  2.73739  3.18146  2.89801  2.37887  2.77519  2.98518  4.58477  3.61503
          0.02145  4.24852  4.97086  0.61958  0.77255  0.48576  0.95510
     19   3.09168  5.07063  2.99725  2.92948  4.50011  3.48313  4.30181  4.31215  3.24911  3.91866  4.88472  0.63288  4.16035  3.58957  3.60459  3.15319  3.49448  3.89407  5.76135  4.43255     22 N - - -
          2.68618  4.42225  2.77519  2.73123  3.46354  2.40513  3.72494  3.29354  2.67741  2.69355  4.24690  2.90347  2.73739  3.18146  2.89801  2.37887  2.77519  2.98518  4.58477  3.61503
          0.02145  4.24852  4.97086  0.61958  0.77255  0.48576  0.95510
     20   2.66057  4.11290  4.18853  3.60041  2.65911  3.77814  4.06977  1.98305  3.46581  1.97879  3.17800  3.78149  4.13949  3.67343  2.92294  3.07001  2.89212  2.07174  4.69725  2.85353     23 l - - -
          2.68618  4.42225  2.77519  2.73123  3.46354  2.40513  3.72494  3.29354  2.67741  2.69355  4.24690  2.90347  2.73739  3.18146  2.89801  2.37887  2.77519  2.98518  4.58477  3.61503
          0.02145  4.24852  4.97086  0.61958  0.77255  0.48576  0.95510
     21   3.26879  4.61564  4.83316  4.30652  1.33117  4.43079  4.47935  2.35938  4.16518  1.56084  3.14653  4.43162  4.69943  4.26918  4.26640  3.77446  3.50242  2.00508  4.77260  3.35164     24 f - - -
          2.68618  4.42225  2.77519  2.73123  3.46354  2.40513  3.72494  3.29354  2.67741  2.69355  4.24690  2.90347  2.73739  3.18146  2.89801  2.37887  2.77519  2.98518  4.58477  3.61503
          0.02145  4.24852  4.97086  0.61958  0.77255  0.48576  0.95510
     22   2.89336  4.81383  3.32098  2.84601  2.53872  3.68766  1.62557  3.40455  2.72762  2.96058  3.91087  3.28175  4.09031  2.55086  3.08289  2.97260  3.12543  3.16173  4.65194  3.07971     25 h - - -
          2.68618  4.42225  2.77519  2.73123  3.46354  2.40513  3.72494  3.29354  2.67741  2.69355  4.24690  2.90347  2.73739  3.18146  2.89801  2.37887  2.77519  2.98518  4.58477  3.61503
          0.02145  4.24852  4.97086  0.61958  0.77255  0.48576  0.95510
     23   2.34150  3.34532  2.84245  2.47349  2.59398  3.55929  3.80188  2.95261  2.76954  2.65137  3.53228  3.23935  3.94387  3.08524  3.15669  2.79627  2.85231  2.71394  4.99595  3.05418     26 a - - -
          2.68618  4.42225  2.77519  2.73123  3.46354  2.40513  3.72494  3.29354  2.67741  2.69355  4.24690  2.90347  2.73739  3.18146  2.89801  2.37887  2.77519  2.98518  4.58477  3.61503
          0.02145  4.24852  4.97086  0.61958  0.77255  0.48576  0.95510
     24   2.45478  4.35629  4.64576  4.07239  2.60388  4.19307  4.52843  1.52548  3.93953  1.52690  3.15465  4.24112  4.49977  4.10476  4.06475  3.51300  3.21662  2.11084  5.02475  3.85551     27 i - - -
          2.68618  4.42225  2.77519  2.73123  3.46354  2.40513  3.72494  3.29354  2.67741  2.69355  4.24690  2.90347  2.73739  3.18146  2.89801  2.37887  2.77519  2.98518  4.58477  3.61503
          0.02145  4.24852  4.97086  0.61958  0.77255  0.48576  0.95510
     25   3.09500  0.41791  4.67294  4.50993  4.43857  3.62321  5.07706  3.66544  4.34771  3.55360  4.69242  4.40144  4.35657  4.67837  4.39889  3.36500  3.59406  3.37911  5.75211  4.71857     28 C - - -
          2.68618  4.42225  2.77519  2.73123  3.46354  2.40513  3.72494  3.29354  2.67741  2.69355  4.24690  2.90347  2.73739  3.18146  2.89801  2.37887  2.77519  2.98518  4.58477  3.61503
          0.02145  4.24852  4.97086  0.61958  0.77255  0.48576  0.95510
     26   2.75979  3.36109  3.20574  2.61438  4.15763  3.55476  2.53089  3.57458  2.30261  3.15522  3.98750  3.09816  3.93771  2.45794  1.87805  2.79804  2.97782  3.26243  5.35286  4.06010     29 r - - -
          2.68618  4.42225  2.77519  2.73123  3.46354  2.40513  3.72494  3.29354  2.67741  2.69355  4.24690  2.90347  2.73739  3.18146  2.89801  2.37887  2.77519  2.98518  4.58477  3.61503
          0.02145  4.24852  4.97086  0.61958  0.77255  0.48576  0.95510
     27   2.37216  4.99683  2.54074  2.16237  4.28255  3.42154  3.01752  3.72718  2.42438  3.28045  4.06481  2.92114  3.83189  2.77080  2.90673  2.14993  2.88778  2.85362  5.47612  4.10322     30 s - - -
          2.68618  4.42225  2.77519  2.73123  3.46354  2.40513  3.72494  3.29354  2.67741  2.69355  4.24690  2.90347  2.73739  3.18146  2.89801  2.37887  2.77519  2.98518  4.58477  3.61503
          0.02145  4.24852  4.97086  0.61958  0.77255  0.48576  0.95510
     28   2.95397  5.07817  2.70670  2.04190  4.73346  0.97817  4.11233  4.21573  3.04863  3.81015  4.68899  3.12882  4.03515  3.32166  3.48760  2.97831  3.31890  3.78726  5.91804  4.61838     31 g - - -
          2.68618  4.42225  2.77519  2.73123  3.46354  2.40513  3.72494  3.29354  2.67741  2.69355  4.24690  2.90347  2.73739  3.18146  2.89801  2.37887  2.77519  2.98518  4.58477  3.61503
          0.02145  4.24852  4.97086  0.61958  0.77255  0.48576  0.95510
     29   2.60863  3.37893  2.27283  2.48557  4.21089  3.38650  3.71790  3.63953  2.52403  3.22888  4.03025  2.57446  3.83973  2.86357  2.99174  2.09324  2.49645  3.27282  5.45171  4.10729     32 s - - -
          2.68618  4.42225  2.77519  2.73123  3.46354  2.40513  3.72494  3.29354  2.67741  2.69355  4.24690  2.90347  2.73739  3.18146  2.89801  2.37887  2.77519  2.98518  4.58477  3.61503
          0.02145  4.24852  4.97086  0.61958  0.77255  0.48576  0.95510
     30   2.85644  4.34432  3.03306  3.56126  3.46958  3.99262  4.32329  1.73896  3.49077  1.79647  3.37970  3.87604  4.34164  3.75592  3.75969  3.28404  3.09494  1.63619  5.11250  3.90689     33 v - - -
          2.68618  4.42225  2.77519  2.73123  3.46354  2.40513  3.72494  3.29354  2.67741  2.69355  4.24690  2.90347  2.73739  3.18146  2.89801  2.37887  2.77519  2.98518  4.58477  3.61503
          0.02145  4.24852  4.97086  0.61958  0.77255  0.48576  0.95510
     31   2.36515  4.89467  2.61960  2.43099  3.28704  3.43767  3.64930  3.59002  2.43436  3.17102  3.96947  2.60762  3.83531  2.78622  2.57050  2.37783  2.53993  3.24475  5.39224  4.04104     34 a - - -
          2.68618  4.42225  2.77519  2.73123  3.46354  2.40513  3.72494  3.29354  2.67741  2.69355  4.24690  2.90347  2.73739  3.18146  2.89801  2.37887  2.77519  2.98518  4.58477  3.61503
          0.02145  4.24852  4.97086  0.61958  0.77255  0.48576  0.95510
     32   2.73350  5.07481  2.37261  1.73000  4.34865  3.41214  3.70346  3.78794  2.52539  2.40410  4.15714  2.90934  3.86859  2.84250  3.01710  2.36720  2.97730  3.42547  5.55976  4.17635     35 e - - -
          2.68618  4.42225  2.77519  2.73123  3.46354  2.40513  3.72494  3.29354  2.67741  2.69355  4.24690  2.90347  2.73739  3.18146  2.89801  2.37887  2.77519  2.98518  4.58477  3.61503
          0.02145  4.24852  4.97086  0.61958  0.77255  0.48576  0.95510
     33   3.57648  4.87316  5.09244  4.59061  2.30984  4.74786  4.77277  2.41467  4.43851  0.70292  2.99784  4.76040  4.92135  4.47349  4.50205  4.13684  3.79824  2.60259  4.94381  3.59352     36 l - - -
          2.68618  4.42225  2.77519  2.73123  3.46354  2.40513  3.72494  3.29354  2.67741  2.69355  4.24690  2.90347  2.73739  3.18146  2.89801  2.37887  2.77519  2.98518  4.58477  3.61503
          0.02145  4.24852  4.97086  0.61958  0.77255  0.48576  0.95510
     34   2.93872  4.41076  4.27583  3.69829  2.56862  4.04392  4.29715  2.50525  3.57639  1.33429  2.17478  3.96879  4.35593  2.87773  3.77722  3.33538  3.16380  2.50670  4.90433  3.72241     37 l - - -
          2.68618  4.42225  2.77519  2.73123  3.46354  2.40513  3.72494  3.29354  2.67741  2.69355  4.24690  2.90347  2.73739  3.18146  2.89801  2.37887  2.77519  2.98518  4.58477  3.61503
          0.02145  4.24852  4.97086  0.61958  0.77255  0.48576  0.95510
     35   2.37260  4.88010  3.02958  2.03724  4.14599  3.46836  3.66842  3.55228  2.41527  2.71135  3.96135  2.99961  3.86555  2.81326  2.25379  2.68951  2.54059  3.22279  5.37754  4.04680     38 e - - -
          2.68618  4.42225  2.77519  2.73123  3.46354  2.40513  3.72494  3.29354  2.67741  2.69355  4.24690  2.90347  2.73739  3.18146  2.89801  2.37887  2.77519  2.98518  4.58477  3.61503
          0.02145  4.24852  4.97086  0.61958  0.77255  0.48576  0.95510
     36   1.68764  4.29885  4.10732  3.53699  2.65987  3.87771  4.18481  2.47071  3.43728  1.85084  2.63690  3.80935  4.23559  3.67316  3.66496  3.16878  3.02992  2.36404  4.88790  3.68583     39 a - - -
          2.68618  4.42225  2.77519  2.73123  3.46354  2.40513  3.72494  3.29354  2.67741  2.69355  4.24690  2.90347  2.73739  3.18146  2.89801  2.37887  2.77519  2.98518  4.58477  3.61503
          0.02145  4.24852  4.97086  0.61958  0.77255  0.48576  0.95510
     37   2.36529  4.81719  3.03494  2.48549  4.05854  2.92585  3.67046  3.47047  2.23042  2.68390  3.89561  2.63111  3.85604  2.50613  2.91359  2.67450  2.86803  2.73266  5.32528  3.99671     40 k - - -
          2.68618  4.42225  2.77519  2.73123  3.46354  2.40513  3.72494  3.29354  2.67741  2.69355  4.24690  2.90347  2.73739  3.18146  2.89801  2.37887  2.77519  2.98518  4.58477  3.61503
          0.02145  4.24852  4.97086  0.61958  0.77255  0.48576  0.95510
     38   2.63526  4.94234  2.60060  2.01475  4.21054  3.43398  3.63834  3.64798  2.41525  3.21469  3.22289  2.59650  3.13923  2.76820  2.89082  2.64045  2.86729  3.29193  3.64831  4.06079     41 e - - -
          2.68618  4.42225  2.77519  2.73123  3.46354  2.40513  3.72494  3.29354  2.67741  2.69355  4.24690  2.90347  2.73739  3.18146  2.89801  2.37887  2.77519  2.98518  4.58477  3.61503
          0.02145  4.24852  4.97086  0.61958  0.77255  0.48576  0.95510
     39   2.69982  4.14518  4.22752  3.64984  2.22016  3.80256  4.00708  2.55417  3.51080  2.01020  3.22897  3.80084  4.16633  3.70573  3.65681  2.60008  2.93242  2.10622  2.67654  3.22429     42 l - - -
          2.68618  4.42225  2.77519  2.73123  3.46354  2.40513  3.72494  3.29354  2.67741  2.69355  4.24690  2.90347  2.73739  3.18146  2.89801  2.37887  2.77519  2.98518  4.58477  3.61503
          0.02145  4.24852  4.97086  0.61958  0.77255  0.48576  0.95510
     40   3.24482  4.53963  5.04337  4.48132  3.33647  4.57747  4.96383  1.38955  4.35655  1.56862  2.09683  4.65878  4.80325  4.47136  4.45158  3.92699  3.47619  1.73994  5.31595  4.21876     43 i - - -
          2.68618  4.42225  2.77519  2.73123  3.46354  2.40513  3.72494  3.29354  2.67741  2.69355  4.24690  2.90347  2.73739  3.18146  2.89801  2.37887  2.77519  2.98518  4.58477  3.61503
          0.02145  4.24852  4.97086  0.61958  0.77255  0.48576  0.95510
     41   2.70350  5.17012  2.20156  2.34139  4.50286  3.41524  3.63942  3.97497  2.13983  3.46643  4.22713  2.51950  3.83912  2.74963  2.22938  2.35990  2.93785  3.55706  5.60724  4.20849     44 k - - -
          2.68618  4.42225  2.77519  2.73123  3.46354  2.40513  3.72494  3.29354  2.67741  2.69355  4.24690  2.90347  2.73739  3.18146  2.89801  2.37887  2.77519  2.98518  4.58477  3.61503
          0.02145  4.24852  4.97086  0.61958  0.77255  0.48576  0.95510
     42   2.65633  5.08407  2.31339  2.36564  4.40128  3.42589  3.61457  3.86358  2.13555  3.37288  4.13476  2.56700  3.82316  2.43403  2.49785  2.63225  2.88622  3.46099  3.64801  4.14193     45 k - - -
          2.68618  4.42225  2.77519  2.73123  3.46354  2.40513  3.72494  3.29354  2.67741  2.69355  4.24690  2.90347  2.73739  3.18146  2.89801  2.37887  2.77519  2.98518  4.58477  3.61503
          0.02145  4.24852  4.97086  0.61958  0.77255  0.48576  0.95510
     43   2.27267  4.28574  3.63372  3.08176  2.84260  3.55253  3.95398  2.78716  3.02640  2.55303  3.46656  3.43025  3.07022  3.31772  3.35165  2.84002  1.95758  2.25196  4.96318  3.73881     46 t - - -
          2.68618  4.42225  2.77519  2.73123  3.46354  2.40513  3.72494  3.29354  2.67741  2.69355  4.24690  2.90347  2.73739  3.18146  2.89801  2.37887  2.77519  2.98518  4.58477  3.61503
          0.02145  4.24852  4.97086  0.61958  0.77255  0.48576  0.95510
     44   2.68514  5.11476  2.47896  2.35040  4.42888  3.41465  2.98822  3.89491  2.39477  3.40758  4.17547  2.05834  3.83489  2.75516  2.51782  2.65660  2.55032  3.49268  5.56583  4.17301     47 n - - -
          2.68618  4.42225  2.77519  2.73123  3.46354  2.40513  3.72494  3.29354  2.67741  2.69355  4.24690  2.90347  2.73739  3.18146  2.89801  2.37887  2.77519  2.98518  4.58477  3.61503
          0.10844  4.24852  2.42495  0.61958  0.77255  0.48576  0.95510
     45   2.67408  4.93099  2.97913  2.48547  4.33554  3.41204  3.67909  3.76893  2.35784  3.31552  4.11591  2.52531  2.97979  2.81437  1.87923  2.32647  2.92878  3.39066  5.48887  4.15810     48 r - - -
          2.68618  4.42225  2.77519  2.73123  3.46354  2.40513  3.72494  3.29354  2.67741  2.69355  4.24690  2.90347  2.73739  3.18146  2.89801  2.37887  2.77519  2.98518  4.58477  3.61503
          0.11866  4.16345  2.33988  0.61958  0.77255  0.58873  0.80975
     46   2.63440  4.61140  3.11827  2.61798  3.55688  3.47263  2.92375  3.22239  2.58985  2.86440  3.73399  3.09013  3.01149  2.94697  2.99611  2.36617  2.87621  2.94867  4.97711  2.46121     49 s - - -
          2.68618  4.42225  2.77519  2.73123  3.46354  2.40513  3.72494  3.29354  2.67741  2.69355  4.24690  2.90347  2.73739  3.18146  2.89801  2.37887  2.77519  2.98518  4.58477  3.61503
          0.02569  4.07048  4.79282  0.61958  0.77255  0.38007  1.15142
     47   3.03051  4.41011  4.62361  4.06263  3.38976  4.25850  4.64611  1.83031  3.94121  1.26785  3.24494  4.27977  4.56910  4.14838  4.11218  3.58482  2.59955  1.75182  5.20022  4.04658     50 l - - -
          2.68618  4.42225  2.77519  2.73123  3.46354  2.40513  3.72494  3.29354  2.67741  2.69355  4.24690  2.90347  2.73739  3.18146  2.89801  2.37887  2.77519  2.98518  4.58477  3.61503
          0.02145  4.24852  4.97086  0.61958  0.77255  0.48576  0.95510
     48   3.38374  4.73745  4.94337  4.44188  3.26815  4.58024  5.01288  2.20318  4.25699  0.78192  3.08834  4.67067  4.84642  4.43699  4.38660  3.97831  3.63930  1.89863  5.34745  4.22040     51 l - - -
          2.68618  4.42225  2.77519  2.73123  3.46354  2.40513  3.72494  3.29354  2.67741  2.69355  4.24690  2.90347  2.73739  3.18146  2.89801  2.37887  2.77519  2.98518  4.58477  3.61503
          0.02145  4.24852  4.97086  0.61958  0.77255  0.48576  0.95510
     49   2.65324  4.73343  3.10814  2.56553  3.94728  3.49225  3.03005  3.35288  2.50552  2.32211  3.82452  3.06314  3.88867  2.27042  2.92573  2.41301  2.53138  3.05957  5.25328  3.94692     52 q - - -
          2.68618  4.42225  2.77519  2.73123  3.46354  2.40513  3.72494  3.29354  2.67741  2.69355  4.24690  2.90347  2.73739  3.18146  2.89801  2.37887  2.77519  2.98518  4.58477  3.61503
          0.02145  4.24852  4.97086  0.61958  0.77255  0.48576  0.95510
     50   2.73670  5.14726  2.37204  2.09103  4.44373  3.40916  3.68287  3.89817  2.47501  3.43073  4.21702  2.89119  3.86002  1.77576  2.96323  2.70499  2.97746  2.86191  5.60782  4.21129     53 q - - -
          2.68618  4.42225  2.77519  2.73123  3.46354  2.40513  3.72494  3.29354  2.67741  2.69355  4.24690  2.90347  2.73739  3.18146  2.89801  2.37887  2.77519  2.98518  4.58477  3.61503
          0.02145  4.24852  4.97086  0.61958  0.77255  0.48576  0.95510
     51   3.26037  4.72215  4.25631  3.77626  1.66945  4.14870  3.68284  3.22579  3.59720  2.74254  3.82767  3.88161  4.49405  3.81713  2.67789  3.45844  3.48590  3.06712  3.98839  1.26094     54 y - - -
          2.68618  4.42225  2.77519  2.73123  3.46354  2.40513  3.72494  3.29354  2.67741  2.69355  4.24690  2.90347  2.73739  3.18146  2.89801  2.37887  2.77519  2.98518  4.58477  3.61503
          0.02145  4.24852  4.97086  0.61958  0.77255  0.48576  0.95510
     52   3.04458  5.48289  1.94265  2.30109  4.83270  3.34993  3.94539  4.41607  2.96447  3.94058  4.80409  1.07466  3.98704  3.12648  3.53217  2.96146  3.35951  3.98053  6.04616  4.56251     55 n - - -
          2.68618  4.42225  2.77519  2.73123  3.46354  2.40513  3.72494  3.29354  2.67741  2.69355  4.24690  2.90347  2.73739  3.18146  2.89801  2.37887  2.77519  2.98518  4.58477  3.61503
          0.02145  4.24852  4.97086  0.61958  0.77255  0.48576  0.95510
     53   2.75279  4.41317  3.67162  3.11444  2.52987  3.72229  2.95279  2.91710  3.04437  2.59668  3.52417  3.46483  4.09405  3.33087  2.74405  2.51801  2.98285  2.70341  3.20996  2.24512     56 y - - -
          2.68618  4.42225  2.77519  2.73123  3.46354  2.40513  3.72494  3.29354  2.67741  2.69355  4.24690  2.90347  2.73739  3.18146  2.89801  2.37887  2.77519  2.98518  4.58477  3.61503
          0.02145  4.24852  4.97086  0.61958  0.77255  0.48576  0.95510
     54   2.65953  2.89713  3.03773  2.24943  4.07818  3.47201  2.62546  3.49051  2.20902  3.09561  3.91658  3.01441  3.87119  2.83738  2.88322  2.39787  2.89187  3.17267  5.33730  4.01409     57 k - - -
          2.68618  4.42225  2.77519  2.73123  3.46354  2.40513  3.72494  3.29354  2.67741  2.69355  4.24690  2.90347  2.73739  3.18146  2.89801  2.37887  2.77519  2.98518  4.58477  3.61503
          0.02145  4.24852  4.97086  0.61958  0.77255  0.48576  0.95510
     55   2.81753  4.77941  3.36227  3.06341  4.54955  0.93651  4.17500  4.04915  2.86699  3.64119  4.51473  3.42802  4.05061  3.39889  2.27531  2.93095  3.20618  3.61390  5.71235  4.51903     58 g - - -
          2.68618  4.42225  2.77519  2.73123  3.46354  2.40513  3.72494  3.29354  2.67741  2.69355  4.24690  2.90347  2.73739  3.18146  2.89801  2.37887  2.77519  2.98518  4.58477  3.61503
          0.02145  4.24852  4.97086  0.61958  0.77255  0.48576  0.95510
     56   2.75865  5.11939  3.04987  2.20860  4.45783  3.50936  3.63534  3.89142  2.01676  3.38950  4.17462  2.99498  3.89491  2.15384  2.07342  2.73956  2.97479  3.51080  5.52211  3.18852     59 k - - -
          2.68618  4.42225  2.77519  2.73123  3.46354  2.40513  3.72494  3.29354  2.67741  2.69355  4.24690  2.90347  2.73739  3.18146  2.89801  2.37887  2.77519  2.98518  4.58477  3.61503
          0.02145  4.24852  4.97086  0.61958  0.77255  0.48576  0.95510
     57   2.96234  4.95097  3.28461  2.85270  3.87861  3.66582  3.89205  3.38525  2.53736  2.32334  3.94359  3.30525  4.11275  1.25644  2.83270  3.03829  3.20973  3.21138  5.31021  3.96076     60 q - - -
          2.68618  4.42225  2.77519  2.73123  3.46354  2.40513  3.72494  3.29354  2.67741  2.69355  4.24690  2.90347  2.73739  3.18146  2.89801  2.37887  2.77519  2.98518  4.58477  3.61503
          0.02145  4.24852  4.97086  0.61958  0.77255  0.48576  0.95510
     58   2.65016  1.14902  4.51408  4.11978  3.80079  3.53113  4.71014  2.50737  3.93382  2.64465  3.77996  4.04144  4.20230  4.20658  4.07967  2.99139  3.07861  1.89444  5.46025  4.23796     61 c - - -
          2.68618  4.42225  2.77519  2.73123  3.46354  2.40513  3.72494  3.29354  2.67741  2.69355  4.24690  2.90347  2.73739  3.18146  2.89801  2.37887  2.77519  2.98518  4.58477  3.61503
          0.02145  4.24852  4.97086  0.61958  0.77255  0.48576  0.95510
     59   2.96008  4.37775  4.52210  3.99683  3.65621  4.16095  4.70450  1.72772  3.89302  2.36793  3.51981  4.21999  4.55135  4.16521  4.11666  3.51175  2.17450  1.15738  5.39789  4.19042     62 v - - -
          2.68618  4.42225  2.77519  2.73123  3.46354  2.40513  3.72494  3.29354  2.67741  2.69355  4.24690  2.90347  2.73739  3.18146  2.89801  2.37887  2.77519  2.98518  4.58477  3.61503
          0.02145  4.24852  4.97086  0.61958  0.77255  0.48576  0.95510
     60   3.33883  5.03992  3.70057  3.33254  2.51482  4.00582  1.12093  3.69176  3.13990  3.11691  4.21025  3.62847  4.41881  3.54514  3.40693  3.38666  3.57637  3.49425  4.14366  1.99089     63 h - - -
          2.68618  4.42225  2.77519  2.73123  3.46354  2.40513  3.72494  3.29354  2.67741  2.69355  4.24690  2.90347  2.73739  3.18146  2.89801  2.37887  2.77519  2.98518  4.58477  3.61503
          0.02145  4.24852  4.97086  0.61958  0.77255  0.48576  0.95510
     61   2.33828  4.47198  2.73650  3.05221  3.72014  3.67331  4.10894  1.41051  3.12043  2.63862  3.64400  3.46628  4.13015  3.41558  3.48593  3.01036  3.03092  2.34161  5.24713  3.99318     64 i - - -
          2.68618  4.42225  2.77519  2.73123  3.46354  2.40513  3.72494  3.29354  2.67741  2.69355  4.24690  2.90347  2.73739  3.18146  2.89801  2.37887  2.77519  2.98518  4.58477  3.61503
          0.02145  4.24852  4.97086  0.61958  0.77255  0.48576  0.95510
     62   2.44445  4.41547  4.71847  4.21388  3.73383  4.29817  4.92034  1.64500  4.11549  2.37121  3.56581  4.40879  4.68292  4.38394  4.32502  3.67189  3.32050  0.97792  5.55351  4.34317     65 v - - -
          2.68618  4.42225  2.77519  2.73123  3.46354  2.40513  3.72494  3.29354  2.67741  2.69355  4.24690  2.90347  2.73739  3.18146  2.89801  2.37887  2.77519  2.98518  4.58477  3.61503
          0.02145  4.24852  4.97086  0.61958  0.77255  0.48576  0.95510
     63   1.11415  4.26033  3.80364  3.39789  4.10687  3.18462  4.32849  3.29947  3.35812  3.15567  4.04877  3.53088  3.88627  3.64652  3.65080  2.11124  2.84620  2.29245  5.53502  4.32858     66 a - - -
          2.68618  4.42225  2.77519  2.73123  3.46354  2.40513  3.72494  3.29354  2.67741  2.69355  4.24690  2.90347  2.73739  3.18146  2.89801  2.37887  2.77519  2.98518  4.58477  3.61503
          0.02145  4.24852  4.97086  0.61958  0.77255  0.48576  0.95510
     64   2.73988  5.16089  2.90982  2.15537  4.50454  3.46260  3.63955  3.95673  2.06940  3.44571  4.21818  2.25729  3.87039  2.75163  2.13636  2.38002  2.96530  3.55439  5.57722  4.21266     67 k - - -
          2.68619  4.42094  2.77521  2.73125  3.46355  2.40514  3.72496  3.29355  2.67742  2.69356  4.24691  2.90348  2.73741  3.18148  2.89802  2.37888  2.77521  2.98520  4.58478  3.61504
          0.20373  2.34517  2.42495  0.35359  1.21121  0.48576  0.95510
     65   2.61935  4.95530  2.56285  2.37236  3.29835  3.40827  3.00884  3.67796  2.38054  3.23219  4.01658  2.56437  3.11090  2.73735  2.52804  2.61692  2.85150  3.31158  5.42375  4.05316     69 e - - -
          2.68618  4.42225  2.77519  2.73123  3.46354  2.40513  3.72494  3.29354  2.67741  2.69355  4.24690  2.90347  2.73739  3.18146  2.89801  2.37887  2.77519  2.98518  4.58477  3.61503
          0.02338  4.16345  4.88580  0.61958  0.77255  0.42637  1.05807
     66   2.65601  5.08014  2.29862  2.36035  4.39510  2.90136  3.61971  3.85621  2.14844  3.37013  4.13366  2.90205  3.82258  2.43689  2.51367  2.63249  2.88760  2.92197  5.52959  4.14268     70 k - - -
          2.68618  4.42225  2.77519  2.73123  3.46354  2.40513  3.72494  3.29354  2.67741  2.69355  4.24690  2.90347  2.73739  3.18146  2.89801  2.37887  2.77519  2.98518  4.58477  3.61503
          0.02145  4.24852  4.97086  0.61958  0.77255  0.48576  0.95510
     67   2.63250  4.79496  2.65244  2.49069  4.02730  2.92623  3.67824  2.90813  2.48899  2.66573  3.87392  3.00567  3.85787  2.27271  2.94599  2.67704  2.53598  3.11939  5.30957  3.98277     71 q - - -
          2.68618  4.42225  2.77519  2.73123  3.46354  2.40513  3.72494  3.29354  2.67741  2.69355  4.24690  2.90347  2.73739  3.18146  2.89801  2.37887  2.77519  2.98518  4.58477  3.61503
          0.02145  4.24852  4.97086  0.61958  0.77255  0.48576  0.95510
     68   2.15376  4.91320  2.95139  2.20102  4.17775  3.44015  3.65517  3.00211  2.43771  3.18567  3.98596  2.59686  3.12480  2.47996  2.90530  2.65835  2.87822  3.26068  5.40595  4.05445     72 a - - -
          2.68618  4.42225  2.77519  2.73123  3.46354  2.40513  3.72494  3.29354  2.67741  2.69355  4.24690  2.90347  2.73739  3.18146  2.89801  2.37887  2.77519  2.98518  4.58477  3.61503
          0.02145  4.24852  4.97086  0.61958  0.77255  0.48576  0.95510
     69   2.73214  5.21224  2.10731  2.06974  4.52365  3.39616  3.66687  4.00386  2.18624  3.50275  4.27000  2.20297  3.84641  2.78370  2.96051  2.68634  2.97232  3.58761  5.65374  3.18967     73 e - - -
          2.68618  4.42225  2.77519  2.73123  3.46354  2.40513  3.72494  3.29354  2.67741  2.69355  4.24690  2.90347  2.73739  3.18146  2.89801  2.37887  2.77519  2.98518  4.58477  3.61503
          0.02145  4.24852  4.97086  0.61958  0.77255  0.48576  0.95510
     70   0.86218  4.33989  3.63597  3.36379  4.41519  3.13472  4.41523  3.74331  3.40353  3.48876  4.36559  3.50830  2.57509  3.70442  3.69657  2.60575  2.90679  3.25696  5.77693  4.57876     74 a - - -
          2.68618  4.42225  2.77519  2.73123  3.46354  2.40513  3.72494  3.29354  2.67741  2.69355  4.24690  2.90347  2.73739  3.18146  2.89801  2.37887  2.77519  2.98518  4.58477  3.61503
          0.02145  4.24852  4.97086  0.61958  0.77255  0.48576  0.95510
     71   2.77319  4.81054  3.19959  2.67773  4.05216  3.56536  3.75509  3.37215  2.13265  3.03520  3.91391  3.15098  3.97193  1.95746  2.75296  2.84600  3.00225  2.01560  5.32335  4.04624     75 q - - -
          2.68618  4.42225  2.77519  2.73123  3.46354  2.40513  3.72494  3.29354  2.67741  2.69355  4.24690  2.90347  2.73739  3.18146  2.89801  2.37887  2.77519  2.98518  4.58477  3.61503
          0.02145  4.24852  4.97086  0.61958  0.77255  0.48576  0.95510
     72   2.66909  5.00739  2.95489  1.84378  4.30045  3.44861  3.63633  3.73967  2.36122  3.28340  3.21711  2.94598  3.84526  2.44992  2.48501  2.37876  2.89809  3.37125  5.46734  4.10836     76 e - - -
          2.68618  4.42225  2.77519  2.73123  3.46354  2.40513  3.72494  3.29354  2.67741  2.69355  4.24690  2.90347  2.73739  3.18146  2.89801  2.37887  2.77519  2.98518  4.58477  3.61503
          0.02145  4.24852  4.97086  0.61958  0.77255  0.48576  0.95510
     73   2.84024  4.78001  3.43364  2.83554  3.88350  3.68026  3.81475  3.16105  1.42676  2.35002  2.91853  3.28304  4.05384  3.01087  2.74224  2.94933  3.05777  2.96964  5.26247  4.00996     77 k - - -
          2.68618  4.42225  2.77519  2.73123  3.46354  2.40513  3.72494  3.29354  2.67741  2.69355  4.24690  2.90347  2.73739  3.18146  2.89801  2.37887  2.77519  2.98518  4.58477  3.61503
          0.02145  4.24852  4.97086  0.61958  0.77255  0.48576  0.95510
     74   3.31964  4.62307  5.10646  4.51989  2.46682  4.58550  4.87645  1.69720  4.37699  1.20815  2.00474  4.68022  4.77326  4.40191  4.41247  3.92623  3.53588  2.39387  5.13767  4.06998     78 l - - -
          2.68618  4.42225  2.77519  2.73123  3.46354  2.40513  3.72494  3.29354  2.67741  2.69355  4.24690  2.90347  2.73739  3.18146  2.89801  2.37887  2.77519  2.98518  4.58477  3.61503
          0.02145  4.24852  4.97086  0.61958  0.77255  0.48576  0.95510
     75   2.89444  5.35864  2.61978  1.45998  4.69639  3.43408  3.73679  4.16397  1.87310  3.64349  4.44297  2.41809  3.92821  2.86732  2.89248  2.83101  3.13625  3.75491  5.76993  4.37456     79 e - - -
          2.68618  4.42225  2.77519  2.73123  3.46354  2.40513  3.72494  3.29354  2.67741  2.69355  4.24690  2.90347  2.73739  3.18146  2.89801  2.37887  2.77519  2.98518  4.58477  3.61503
          0.02145  4.24852  4.97086  0.61958  0.77255  0.48576  0.95510
     76   3.30281  4.60375  5.07482  4.50184  2.50135  4.59114  4.90090  1.88032  4.37030  1.01877  3.01019  4.67268  4.79238  4.42868  4.43317  3.93591  3.52541  1.91046  5.18930  4.08647     80 l - - -
          2.68618  4.42225  2.77519  2.73123  3.46354  2.40513  3.72494  3.29354  2.67741  2.69355  4.24690  2.90347  2.73739  3.18146  2.89801  2.37887  2.77519  2.98518  4.58477  3.61503
          0.02145  4.24852  4.97086  0.61958  0.77255  0.48576  0.95510
     77   3.38374  4.73745  4.94337  4.44188  3.26815  4.58024  5.01288  2.20318  4.25699  0.78192  3.08834  4.67067  4.84642  4.43699  4.38660  3.97831  3.63930  1.89863  5.34745  4.22040     81 l - - -
          2.68618  4.42225  2.77519  2.73123  3.46354  2.40513  3.72494  3.29354  2.67741  2.69355  4.24690  2.90347  2.73739  3.18146  2.89801  2.37887  2.77519  2.98518  4.58477  3.61503
          0.02145  4.24852  4.97086  0.61958  0.77255  0.48576  0.95510
     78   2.94967  4.33029  4.64364  4.05122  3.09926  4.12404  4.40766  1.82693  3.88756  1.59540  1.88719  4.18675  4.42443  4.02475  3.97521  3.43669  3.17542  2.36809  3.16794  3.69825     82 l - - -
          2.68618  4.42225  2.77519  2.73123  3.46354  2.40513  3.72494  3.29354  2.67741  2.69355  4.24690  2.90347  2.73739  3.18146  2.89801  2.37887  2.77519  2.98518  4.58477  3.61503
          0.02145  4.24852  4.97086  0.61958  0.77255  0.48576  0.95510
     79   2.63592  4.65431  3.16092  2.33468  3.85037  3.50736  3.72098  2.77082  2.56044  2.54481  3.73917  2.39819  3.89465  2.91776  2.61309  2.72711  2.86668  2.58717  5.18977  3.89716     83 e - - -
          2.68618  4.42225  2.77519  2.73123  3.46354  2.40513  3.72494  3.29354  2.67741  2.69355  4.24690  2.90347  2.73739  3.18146  2.89801  2.37887  2.77519  2.98518  4.58477  3.61503
          0.02145  4.24852  4.97086  0.61958  0.77255  0.48576  0.95510
     80   3.04386  4.44901  4.55889  3.98291  2.98970  4.17083  4.32756  2.49327  3.79635  1.42243  2.11798  4.15711  4.46680  3.97928  3.92495  3.48367  3.26848  2.51514  2.12391  3.46202     84 l - - -
          2.68618  4.42225  2.77519  2.73123  3.46354  2.40513  3.72494  3.29354  2.67741  2.69355  4.24690  2.90347  2.73739  3.18146  2.89801  2.37887  2.77519  2.98518  4.58477  3.61503
          0.02145  4.24852  4.97086  0.61958  0.77255  0.48576  0.95510
     81   3.20204  4.92287  3.95116  3.90589  5.00859  0.32976  4.98589  4.71679  4.13725  4.31649  5.30711  4.11740  4.32411  4.43233  4.31585  3.38724  3.71192  4.17202  5.98724  5.12893     85 G - - -
          2.68618  4.42225  2.77519  2.73123  3.46354  2.40513  3.72494  3.29354  2.67741  2.69355  4.24690  2.90347  2.73739  3.18146  2.89801  2.37887  2.77519  2.98518  4.58477  3.61503
          0.02145  4.24852  4.97086  0.61958  0.77255  0.48576  0.95510
     82   0.58398  4.42707  3.89169  3.72098  4.47365  3.23804  4.69141  3.65948  3.74841  3.52191  4.52459  3.76037  4.01427  4.05635  3.95989  2.78065  3.08505  3.24508  5.86047  4.71050     86 A - - -
          2.68618  4.42225  2.77519  2.73123  3.46354  2.40513  3.72494  3.29354  2.67741  2.69355  4.24690  2.90347  2.73739  3.18146  2.89801  2.37887  2.77519  2.98518  4.58477  3.61503
          0.02145  4.24852  4.97086  0.61958  0.77255  0.48576  0.95510
     83   3.44527  5.57921  0.50043  2.65424  5.01881  3.54288  4.32798  4.70385  3.49255  4.24932  5.25194  3.22379  4.22278  3.57874  4.04789  3.37583  3.79706  4.30752  6.10721  4.85035     87 D - - -
          2.68618  4.42225  2.77519  2.73123  3.46354  2.40513  3.72494  3.29354  2.67741  2.69355  4.24690  2.90347  2.73739  3.18146  2.89801  2.37887  2.77519  2.98518  4.58477  3.61503
          0.02145  4.24852  4.97086  0.61958  0.77255  0.48576  0.95510
     84   3.28978  4.54272  5.16484  4.64846  3.62289  4.74792  5.27650  1.11834  4.54739  1.78774  3.40143  4.84035  4.98035  4.74454  4.69542  4.13376  3.53837  1.32501  5.65068  4.48943     88 i - - -
          2.68618  4.42225  2.77519  2.73123  3.46354  2.40513  3.72494  3.29354  2.67741  2.69355  4.24690  2.90347  2.73739  3.18146  2.89801  2.37887  2.77519  2.98518  4.58477  3.61503
          0.02145  4.24852  4.97086  0.61958  0.77255  0.48576  0.95510
     85   2.67914  4.75358  2.91366  2.72190  4.46046  3.28366  4.05327  3.89614  2.91347  3.56772  4.43389  1.12726  3.93385  3.26081  3.30375  2.76246  2.37236  3.46490  5.74863  4.40871     89 n - - -
          2.68618  4.42225  2.77519  2.73123  3.46354  2.40513  3.72494  3.29354  2.67741  2.69355  4.24690  2.90347  2.73739  3.18146  2.89801  2.37887  2.77519  2.98518  4.58477  3.61503
          0.02145  4.24852  4.97086  0.61958  0.77255  0.48576  0.95510
     86   1.62509  4.29897  3.62880  3.25691  4.43368  1.62622  4.31343  3.85606  3.28516  3.52477  4.33279  3.42307  3.81499  3.56535  3.62430  2.03066  2.20750  3.30159  5.76341  4.54982     90 a - - -
          2.68618  4.42225  2.77519  2.73123  3.46354  2.40513  3.72494  3.29354  2.67741  2.69355  4.24690  2.90347  2.73739  3.18146  2.89801  2.37887  2.77519  2.98518  4.58477  3.61503
          0.02145  4.24852  4.97086  0.61958  0.77255  0.48576  0.95510
     87   2.86838  5.19332  3.15526  2.57560  4.57922  3.57861  3.65704  3.98947  1.73107  3.45901  4.26030  3.06814  3.96202  1.87530  2.15899  2.42597  3.07282  3.61504  5.55749  4.26796     91 k - - -
          2.68618  4.42225  2.77519  2.73123  3.46354  2.40513  3.72494  3.29354  2.67741  2.69355  4.24690  2.90347  2.73739  3.18146  2.89801  2.37887  2.77519  2.98518  4.58477  3.61503
          0.02145  4.24852  4.97086  0.61958  0.77255  0.48576  0.95510
     88   3.11934  5.73927  1.61515  1.07575  5.02604  3.35000  3.91539  4.56607  2.95864  4.04580  4.90425  2.80754  3.98534  3.08325  3.57516  2.98669  3.41240  4.12216  6.18537  4.65980     92 e - - -
          2.68618  4.42225  2.77519  2.73123  3.46354  2.40513  3.72494  3.29354  2.67741  2.69355  4.24690  2.90347  2.73739  3.18146  2.89801  2.37887  2.77519  2.98518  4.58477  3.61503
          0.02145  4.24852  4.97086  0.61958  0.77255  0.48576  0.95510
     89   2.64448  4.51736  3.32195  2.75002  3.68508  3.55658  3.77207  3.05999  2.35192  2.18629  3.61319  3.20292  3.93880  3.01988  2.61841  2.46219  2.52070  2.81080  3.49992  3.80884     93 l - - -
          2.68618  4.42225  2.77519  2.73123  3.46354  2.40513  3.72494  3.29354  2.67741  2.69355  4.24690  2.90347  2.73739  3.18146  2.89801  2.37887  2.77519  2.98518  4.58477  3.61503
          0.02145  4.24852  4.97086  0.61958  0.77255  0.48576  0.95510
     90   2.64686  3.17563  3.89119  3.31626  3.33367  3.70673  4.02061  2.53268  2.69995  1.92189  3.31702  3.60830  4.08884  3.48367  3.46026  2.98764  2.49478  1.89637  4.84116  3.63672     94 v - - -
          2.68618  4.42225  2.77519  2.73123  3.46354  2.40513  3.72494  3.29354  2.67741  2.69355  4.24690  2.90347  2.73739  3.18146  2.89801  2.37887  2.77519  2.98518  4.58477  3.61503
          0.02145  4.24852  4.97086  0.61958  0.77255  0.48576  0.95510
     91   2.60991  4.25003  3.65407  3.08638  2.83196  2.56864  3.91093  2.72971  3.02217  2.20302  2.82324  3.44076  4.00715  3.30647  3.33237  2.51483  2.49054  2.51643  4.85443  3.63419     95 l - - -
          2.68618  4.42225  2.77519  2.73123  3.46354  2.40513  3.72494  3.29354  2.67741  2.69355  4.24690  2.90347  2.73739  3.18146  2.89801  2.37887  2.77519  2.98518  4.58477  3.61503
          0.02145  4.24852  4.97086  0.61958  0.77255  0.48576  0.95510
     92   3.20204  4.92287  3.95116  3.90589  5.00859  0.32976  4.98589  4.71679  4.13725  4.31649  5.30711  4.11740  4.32411  4.43233  4.31585  3.38724  3.71192  4.17202  5.98724  5.12893     96 G - - -
          2.68618  4.42225  2.77519  2.73123  3.46354  2.40513  3.72494  3.29354  2.67741  2.69355  4.24690  2.90347  2.73739  3.18146  2.89801  2.37887  2.77519  2.98518  4.58477  3.61503
          0.02145  4.24852  4.97086  0.61958  0.77255  0.48576  0.95510
     93   2.72347  5.05009  1.90112  2.37388  3.17679  3.40401  3.71077  3.79371  2.54651  3.35627  4.15972  2.20337  3.86762  2.85585  3.04165  2.35857  2.97389  3.42629  5.53491  4.13842     97 d - - -
          2.68618  4.42225  2.77519  2.73123  3.46354  2.40513  3.72494  3.29354  2.67741  2.69355  4.24690  2.90347  2.73739  3.18146  2.89801  2.37887  2.77519  2.98518  4.58477  3.61503
          0.02145  4.24852  4.97086  0.61958  0.77255  0.48576  0.95510
     94   2.39601  4.31741  3.62535  3.34587  4.36768  3.12116  4.38061  3.70290  3.34675  3.46459  4.33077  3.48600  3.86711  3.67074  3.63212  2.05168  0.98329  3.21940  5.74149  4.52147     98 t - - -
          2.68618  4.42225  2.77519  2.73123  3.46354  2.40513  3.72494  3.29354  2.67741  2.69355  4.24690  2.90347  2.73739  3.18146  2.89801  2.37887  2.77519  2.98518  4.58477  3.61503
          0.02145  4.24852  4.97086  0.61958  0.77255  0.48576  0.95510
     95   2.20452  4.42575  3.55103  3.09419  3.75963  3.46108  4.07678  2.98201  3.02654  1.95918  3.70639  3.43375  1.79303  3.37430  3.35605  2.81852  2.94688  2.75102  5.24784  4.00597     99 p - - -
          2.68618  4.42225  2.77519  2.73123  3.46354  2.40513  3.72494  3.29354  2.67741  2.69355  4.24690  2.90347  2.73739  3.18146  2.89801  2.37887  2.77519  2.98518  4.58477  3.61503
          0.02145  4.24852  4.97086  0.61958  0.77255  0.48576  0.95510
     96   3.60758  4.96763  4.79353  4.45128  3.32597  4.45623  4.99184  2.56501  4.21689  0.51989  3.25955  4.69161  4.83704  4.49205  4.32462  4.09743  3.89008  2.69694  5.32384  4.12871    100 L - - -
          2.68618  4.42225  2.77519  2.73123  3.46354  2.40513  3.72494  3.29354  2.67741  2.69355  4.24690  2.90347  2.73739  3.18146  2.89801  2.37887  2.77519  2.98518  4.58477  3.61503
          0.02145  4.24852  4.97086  0.61958  0.77255  0.48576  0.95510
     97   3.50266  5.22159  3.58494  3.39839  3.62545  3.83021  0.54971  4.26685  3.23503  3.70431  4.79009  3.78579  4.41074  3.77434  3.46943  3.57507  3.82582  3.99504  5.08013  3.56906    101 H - - -
          2.68618  4.42225  2.77519  2.73123  3.46354  2.40513  3.72494  3.29354  2.67741  2.69355  4.24690  2.90347  2.73739  3.18146  2.89801  2.37887  2.77519  2.98518  4.58477  3.61503
          0.02145  4.24852  4.97086  0.61958  0.77255  0.48576  0.95510
     98   3.39485  4.66861  5.12975  4.61547  3.39727  4.75726  5.18115  1.04556  4.45600  1.37545  3.20072  4.83272  4.96594  4.62792  4.57880  4.15125  3.63706  1.94652  5.48112  4.34051    102 i - - -
          2.68618  4.42225  2.77519  2.73123  3.46354  2.40513  3.72494  3.29354  2.67741  2.69355  4.24690  2.90347  2.73739  3.18146  2.89801  2.37887  2.77519  2.98518  4.58477  3.61503
          0.02145  4.24852  4.97086  0.61958  0.77255  0.48576  0.95510
     99   0.84312  2.64426  4.21589  3.87251  4.20609  3.13379  4.61286  3.31934  3.75923  3.24418  4.17547  3.73808  3.90340  4.01278  3.94428  2.60052  2.86351  2.92676  5.66975  4.50611    103 a - - -
          2.68618  4.42225  2.77519  2.73123  3.46354  2.40513  3.72494  3.29354  2.67741  2.69355  4.24690  2.90347  2.73739  3.18146  2.89801  2.37887  2.77519  2.98518  4.58477  3.61503
          0.02145  4.24852  4.97086  0.61958  0.77255  0.48576  0.95510
    100   1.86807  4.34770  4.29234  3.89459  3.87061  3.67582  4.69103  2.26313  3.80900  2.62906  3.75637  4.00162  4.28743  4.09943  4.03354  3.10573  3.11630  1.05185  5.55689  4.34494    104 v - - -
          2.68618  4.42225  2.77519  2.73123  3.46354  2.40513  3.72494  3.29354  2.67741  2.69355  4.24690  2.90347  2.73739  3.18146  2.89801  2.37887  2.77519  2.98518  4.58477  3.61503
          0.02145  4.24852  4.97086  0.61958  0.77255  0.48576  0.95510
    101   2.61371  4.13278  3.93259  3.35090  3.22644  3.69002  3.97577  2.29783  3.24527  2.09650  3.24387  3.61234  4.06122  3.49221  2.87814  2.56951  2.84555  2.14560  3.38195  2.90512    105 l - - -
          2.68618  4.42225  2.77519  2.73123  3.46354  2.40513  3.72494  3.29354  2.67741  2.69355  4.24690  2.90347  2.73739  3.18146  2.89801  2.37887  2.77519  2.98518  4.58477  3.61503
          0.02145  4.24852  4.97086  0.61958  0.77255  0.48576  0.95510
    102   2.33808  4.68490  3.09036  2.29776  3.92421  3.46592  3.73354  3.31924  2.58085  2.96622  3.80846  3.06947  3.88236  2.92294  3.01859  2.39698  2.04303  3.02543  5.25080  3.13034    106 t - - -
          2.68618  4.42225  2.77519  2.73123  3.46354  2.40513  3.72494  3.29354  2.67741  2.69355  4.24690  2.90347  2.73739  3.18146  2.89801  2.37887  2.77519  2.98518  4.58477  3.61503
          0.02145  4.24852  4.97086  0.61958  0.77255  0.48576  0.95510
    103   2.92882  5.27237  3.19431  2.24627  4.68944  3.61362  3.65656  4.09063  1.67917  3.52584  4.32833  3.09104  3.99096  2.06721  1.86152  2.89475  3.12294  3.70902  5.59273  4.31986    107 k - - -
          2.68618  4.42225  2.77519  2.73123  3.46354  2.40513  3.72494  3.29354  2.67741  2.69355  4.24690  2.90347  2.73739  3.18146  2.89801  2.37887  2.77519  2.98518  4.58477  3.61503
          0.02145  4.24852  4.97086  0.61958  0.77255  0.48576  0.95510
    104   3.04458  5.48289  1.94265  2.30109  4.83270  3.34993  3.94539  4.41607  2.96447  3.94058  4.80409  1.07466  3.98704  3.12648  3.53217  2.96146  3.35951  3.98053  6.04616  4.56251    108 n - - -
          2.68618  4.42225  2.77519  2.73123  3.46354  2.40513  3.72494  3.29354  2.67741  2.69355  4.24690  2.90347  2.73739  3.18146  2.89801  2.37887  2.77519  2.98518  4.58477  3.61503
          0.02145  4.24852  4.97086  0.61958  0.77255  0.48576  0.95510
    105   3.59935  5.09163  4.09441  3.75038  2.22890  4.25879  1.99905  3.73745  3.56404  3.09953  4.26956  3.87462  4.63159  3.84702  3.77054  3.63677  3.82783  3.57891  3.88416  0.95078    109 y - - -
          2.68618  4.42225  2.77519  2.73123  3.46354  2.40513  3.72494  3.29354  2.67741  2.69355  4.24690  2.90347  2.73739  3.18146  2.89801  2.37887  2.77519  2.98518  4.58477  3.61503
          0.02145  4.24852  4.97086  0.61958  0.77255  0.48576  0.95510
    106   2.70253  5.01901  3.00278  1.83952  4.31863  3.47624  3.64350  3.74624  2.10201  2.78692  4.08176  2.97567  3.86912  2.76860  2.41826  2.69924  2.55288  3.38493  5.46710  4.12459    110 e - - -
          2.68618  4.42225  2.77519  2.73123  3.46354  2.40513  3.72494  3.29354  2.67741  2.69355  4.24690  2.90347  2.73739  3.18146  2.89801  2.37887  2.77519  2.98518  4.58477  3.61503
          0.02145  4.24852  4.97086  0.61958  0.77255  0.48576  0.95510
    107   3.60758  4.96763  4.79353  4.45128  3.32597  4.45623  4.99184  2.56501  4.21689  0.51989  3.25955  4.69161  4.83704  4.49205  4.32462  4.09743  3.89008  2.69694  5.32384  4.12871    111 L - - -
          2.68618  4.42225  2.77519  2.73123  3.46354  2.40513  3.72494  3.29354  2.67741  2.69355  4.24690  2.90347  2.73739  3.18146  2.89801  2.37887  2.77519  2.98518  4.58477  3.61503
          0.02145  4.24852  4.97086  0.61958  0.77255  0.48576  0.95510
    108   1.16950  4.31114  4.06098  3.66941  3.95163  3.42040  4.52406  2.63840  3.59705  2.80440  3.86861  3.77583  4.08832  3.89091  3.84780  2.85290  2.99332  1.69323  5.53924  4.33003    112 a - - -
          2.68618  4.42225  2.77519  2.73123  3.46354  2.40513  3.72494  3.29354  2.67741  2.69355  4.24690  2.90347  2.73739  3.18146  2.89801  2.37887  2.77519  2.98518  4.58477  3.61503
          0.02145  4.24852  4.97086  0.61958  0.77255  0.48576  0.95510
    109   2.75574  5.16818  2.74228  1.72075  4.48910  3.42088  3.68444  3.94553  2.15863  3.46253  4.24691  2.49044  3.87150  2.80890  2.89934  2.72199  2.24128  3.55073  5.62367  4.23596    113 e - - -
          2.68618  4.42225  2.77519  2.73123  3.46354  2.40513  3.72494  3.29354  2.67741  2.69355  4.24690  2.90347  2.73739  3.18146  2.89801  2.37887  2.77519  2.98518  4.58477  3.61503
          0.02145  4.24852  4.97086  0.61958  0.77255  0.48576  0.95510
    110   4.03656  5.26198  4.71325  4.52396  3.15637  4.19333  4.44461  4.09797  4.25109  3.41997  4.71050  4.60364  4.74486  4.61762  4.30693  4.23642  4.35975  3.99738  0.37911  3.14162    114 W - - -
          2.68618  4.42225  2.77519  2.73123  3.46354  2.40513  3.72494  3.29354  2.67741  2.69355  4.24690  2.90347  2.73739  3.18146  2.89801  2.37887  2.77519  2.98518  4.58477  3.61503
          0.02145  4.24852  4.97086  0.61958  0.77255  0.48576  0.95510
    111   3.46399  4.74133  5.20718  4.63597  3.19148  4.78643  5.10517  1.62648  4.49736  0.94091  2.35940  4.85771  4.92492  4.53403  4.55894  4.14605  3.68089  2.29401  5.31466  4.28903    115 l - - -
          2.68618  4.42225  2.77519  2.73123  3.46354  2.40513  3.72494  3.29354  2.67741  2.69355  4.24690  2.90347  2.73739  3.18146  2.89801  2.37887  2.77519  2.98518  4.58477  3.61503
          0.02145  4.24852  4.97086  0.61958  0.77255  0.48576  0.95510
    112   3.09500  0.41791  4.67294  4.50993  4.43857  3.62321  5.07706  3.66544  4.34771  3.55360  4.69242  4.40144  4.35657  4.67837  4.39889  3.36500  3.59406  3.37911  5.75211  4.71857    116 C - - -
          2.68618  4.42225  2.77519  2.73123  3.46354  2.40513  3.72494  3.29354  2.67741  2.69355  4.24690  2.90347  2.73739  3.18146  2.89801  2.37887  2.77519  2.98518  4.58477  3.61503
          0.02145  4.24852  4.97086  0.61958  0.77255  0.48576  0.95510
    113   2.90589  5.20028  3.02632  2.56601  4.56279  3.55639  3.70351  4.00088  2.22834  3.48579  4.30474  2.52355  3.98106  1.48726  2.18879  2.88461  3.12357  3.63370  5.58694  4.28507    117 q - - -
          2.68618  4.42225  2.77519  2.73123  3.46354  2.40513  3.72494  3.29354  2.67741  2.69355  4.24690  2.90347  2.73739  3.18146  2.89801  2.37887  2.77519  2.98518  4.58477  3.61503
          0.02145  4.24852  4.97086  0.61958  0.77255  0.48576  0.95510
    114   2.32715  4.93038  2.90881  2.47840  4.32814  3.40425  3.73316  3.75655  2.49262  3.32857  4.13368  2.53343  3.87169  1.75506  2.92923  2.70005  2.50632  3.38196  5.52926  4.18286    118 q - - -
          2.68618  4.42225  2.77519  2.73123  3.46354  2.40513  3.72494  3.29354  2.67741  2.69355  4.24690  2.90347  2.73739  3.18146  2.89801  2.37887  2.77519  2.98518  4.58477  3.61503
          0.02145  4.24852  4.97086  0.61958  0.77255  0.48576  0.95510
    115   2.58274  4.66043  2.97152  2.72683  4.45997  3.23423  4.03174  3.93077  2.91188  3.54214  4.36537  2.44163  1.42404  3.22917  3.32349  2.18121  2.97924  3.45724  5.73292  4.41507    119 p - - -
          2.68618  4.42225  2.77519  2.73123  3.46354  2.40513  3.72494  3.29354  2.67741  2.69355  4.24690  2.90347  2.73739  3.18146  2.89801  2.37887  2.77519  2.98518  4.58477  3.61503
          0.02145  4.24852  4.97086  0.61958  0.77255  0.48576  0.95510
    116   2.65076  4.84560  2.95398  2.55497  4.38685  1.78119  3.80522  3.82862  2.56684  3.39784  4.20278  2.51070  3.87427  2.95714  2.47849  2.29092  2.95525  3.42076  5.58870  4.25593    120 g - - -
          2.68618  4.42225  2.77519  2.73123  3.46354  2.40513  3.72494  3.29354  2.67741  2.69355  4.24690  2.90347  2.73739  3.18146  2.89801  2.37887  2.77519  2.98518  4.58477  3.61503
          0.02145  4.24852  4.97086  0.61958  0.77255  0.48576  0.95510
    117   2.39992  4.31788  4.46102  3.92179  3.59590  4.08120  4.58432  1.42442  3.82301  2.39263  3.48776  4.13428  4.47068  4.07728  4.03605  3.41904  2.55440  1.46603  5.27456  4.07038    121 i - - -
          2.68618  4.42225  2.77519  2.73123  3.46354  2.40513  3.72494  3.29354  2.67741  2.69355  4.24690  2.90347  2.73739  3.18146  2.89801  2.37887  2.77519  2.98518  4.58477  3.61503
          0.02145  4.24852  4.97086  0.61958  0.77255  0.48576  0.95510
    118   2.38787  5.31131  1.73891  2.28686  4.63650  3.37793  3.73635  4.12105  2.22479  3.62166  4.40772  2.10032  3.88388  2.86682  3.09873  2.76172  3.07710  3.70059  5.77745  4.34292    122 d - - -
          2.68618  4.42225  2.77519  2.73123  3.46354  2.40513  3.72494  3.29354  2.67741  2.69355  4.24690  2.90347  2.73739  3.18146  2.89801  2.37887  2.77519  2.98518  4.58477  3.61503
          0.02145  4.24852  4.97086  0.61958  0.77255  0.48576  0.95510
    119   2.72778  4.34214  3.79606  3.21533  3.38248  3.74319  4.00712  2.66553  3.03320  1.53031  2.74173  3.56186  4.11255  3.38825  2.73369  3.01796  2.52301  2.51678  4.93048  3.73014    123 l - - -
          2.68618  4.42225  2.77519  2.73123  3.46354  2.40513  3.72494  3.29354  2.67741  2.69355  4.24690  2.90347  2.73739  3.18146  2.89801  2.37887  2.77519  2.98518  4.58477  3.61503
          0.02145  4.24852  4.97086  0.61958  0.77255  0.48576  0.95510
    120   2.88059  5.39150  2.09678  1.55182  4.72591  2.23900  3.78423  4.22305  2.68646  3.72006  4.51794  2.83388  3.90381  2.92408  3.23476  2.34054  3.14865  3.79315  5.87918  4.42142    124 e - - -
          2.68618  4.42225  2.77519  2.73123  3.46354  2.40513  3.72494  3.29354  2.67741  2.69355  4.24690  2.90347  2.73739  3.18146  2.89801  2.37887  2.77519  2.98518  4.58477  3.61503
          0.02145  4.24852  4.97086  0.61958  0.77255  0.48576  0.95510
    121   1.56421  4.28275  3.79283  3.26662  3.61777  3.53042  4.12054  2.27266  3.20075  2.62135  3.56998  3.55392  4.03767  3.49144  3.50525  2.40099  2.90284  2.11416  5.11518  3.89750    125 a - - -
          2.68618  4.42225  2.77519  2.73123  3.46354  2.40513  3.72494  3.29354  2.67741  2.69355  4.24690  2.90347  2.73739  3.18146  2.89801  2.37887  2.77519  2.98518  4.58477  3.61503
          0.02145  4.24852  4.97086  0.61958  0.77255  0.48576  0.95510
    122   2.63206  2.65257  4.13641  3.55438  3.23191  3.73729  4.07986  2.17892  3.43153  2.29210  2.71133  3.74817  4.11846  3.65129  3.60724  2.58855  2.48255  2.03024  4.75540  3.56405    126 v - - -
          2.68618  4.42225  2.77519  2.73123  3.46354  2.40513  3.72494  3.29354  2.67741  2.69355  4.24690  2.90347  2.73739  3.18146  2.89801  2.37887  2.77519  2.98518  4.58477  3.61503
          0.02145  4.24852  4.97086  0.61958  0.77255  0.48576  0.95510
    123   3.04458  5.48289  1.94265  2.30109  4.83270  3.34993  3.94539  4.41607  2.96447  3.94058  4.80409  1.07466  3.98704  3.12648  3.53217  2.96146  3.35951  3.98053  6.04616  4.56251    127 n - - -
          2.68618  4.42225  2.77519  2.73123  3.46354  2.40513  3.72494  3.29354  2.67741  2.69355  4.24690  2.90347  2.73739  3.18146  2.89801  2.37887  2.77519  2.98518  4.58477  3.61503
          0.02145  4.24852  4.97086  0.61958  0.77255  0.48576  0.95510
    124   3.43247  4.85253  4.31447  3.90912  1.56186  4.25401  3.62910  3.40449  3.81889  2.88083  3.99897  2.66712  4.60112  3.94332  3.99464  3.58092  3.66109  3.24637  3.86933  1.15287    128 y - - -
          2.68618  4.42225  2.77519  2.73123  3.46354  2.40513  3.72494  3.29354  2.67741  2.69355  4.24690  2.90347  2.73739  3.18146  2.89801  2.37887  2.77519  2.98518  4.58477  3.61503
          0.02145  4.24852  4.97086  0.61958  0.77255  0.48576  0.95510
    125   2.07226  4.74703  2.25209  2.54586  4.04805  3.42601  3.76504  3.42354  2.61894  2.29472  3.92174  3.04554  3.88186  2.94430  3.07205  2.36394  2.90778  3.11137  5.36036  4.04039    129 a - - -
          2.68618  4.42225  2.77519  2.73123  3.46354  2.40513  3.72494  3.29354  2.67741  2.69355  4.24690  2.90347  2.73739  3.18146  2.89801  2.37887  2.77519  2.98518  4.58477  3.61503
          0.02145  4.24852  4.97086  0.61958  0.77255  0.48576  0.95510
    126   2.63514  4.54512  3.26404  2.70185  3.02081  2.94978  3.75465  3.09495  2.65321  2.45164  3.63653  3.16795  3.92349  2.33811  2.65404  2.76655  2.86586  2.84009  5.06348  3.07166    130 q - - -
          2.68618  4.42225  2.77519  2.73123  3.46354  2.40513  3.72494  3.29354  2.67741  2.69355  4.24690  2.90347  2.73739  3.18146  2.89801  2.37887  2.77519  2.98518  4.58477  3.61503
          0.02145  4.24852  4.97086  0.61958  0.77255  0.48576  0.95510
    127   2.65289  4.95993  2.60876  2.42290  4.23372  3.44791  3.63944  3.66611  1.99145  2.78067  3.21317  2.95182  3.84178  2.23164  2.84198  2.65668  2.88255  3.31115  5.43086  4.07551    131 k - - -
          2.68618  4.42225  2.77519  2.73123  3.46354  2.40513  3.72494  3.29354  2.67741  2.69355  4.24690  2.90347  2.73739  3.18146  2.89801  2.37887  2.77519  2.98518  4.58477  3.61503
          0.02145  4.24852  4.97086  0.61958  0.77255  0.48576  0.95510
    128   2.66679  4.50704  3.82017  3.61158  4.35922  3.32868  4.59264  3.53615  3.56246  3.38531  4.42390  3.74343  4.06796  3.94091  3.79048  2.87393  0.66460  3.18677  5.76037  4.58095    132 T - - -
          2.68618  4.42225  2.77519  2.73123  3.46354  2.40513  3.72494  3.29354  2.67741  2.69355  4.24690  2.90347  2.73739  3.18146  2.89801  2.37887  2.77519  2.98518  4.58477  3.61503
          0.02145  4.24852  4.97086  0.61958  0.77255  0.48576  0.95510
    129   1.75813  4.33724  3.63987  3.21283  4.04623  3.25896  4.20976  3.22167  3.18093  3.05804  3.97411  3.45379  1.63915  3.49487  3.50957  2.65915  2.87529  2.31116  5.47392  4.24725    133 p - - -
          2.68618  4.42225  2.77519  2.73123  3.46354  2.40513  3.72494  3.29354  2.67741  2.69355  4.24690  2.90347  2.73739  3.18146  2.89801  2.37887  2.77519  2.98518  4.58477  3.61503
          0.02145  4.24852  4.97086  0.61958  0.77255  0.48576  0.95510
    130   3.99440  5.15358  4.87766  4.61407  2.01914  4.62541  3.57015  3.76127  4.37240  3.04080  4.31450  4.26183  4.92982  4.34098  4.37127  4.02351  4.20823  3.66702  2.46937  0.69200    134 Y - - -
          2.68618  4.42225  2.77519  2.73123  3.46354  2.40513  3.72494  3.29354  2.67741  2.69355  4.24690  2.90347  2.73739  3.18146  2.89801  2.37887  2.77519  2.98518  4.58477  3.61503
          0.02145  4.24852  4.97086  0.61958  0.77255  0.48576  0.95510
    131   2.76778  5.00192  3.11453  2.54911  4.12379  3.53872  2.52817  3.70695  2.30197  3.25106  4.07126  3.04989  3.92424  1.95810  2.33812  2.77710  2.98525  3.37135  5.34097  3.08247    135 q - - -
          2.68618  4.42225  2.77519  2.73123  3.46354  2.40513  3.72494  3.29354  2.67741  2.69355  4.24690  2.90347  2.73739  3.18146  2.89801  2.37887  2.77519  2.98518  4.58477  3.61503
          0.02145  4.24852  4.97086  0.61958  0.77255  0.48576  0.95510
    132   3.27807  4.54091  5.13412  4.60604  3.55060  4.70500  5.19415  1.43946  4.49928  1.52825  3.33619  4.79412  4.93612  4.67430  4.63345  4.08103  3.52257  1.22087  5.56302  4.41892    136 v - - -
          2.68618  4.42225  2.77519  2.73123  3.46354  2.40513  3.72494  3.29354  2.67741  2.69355  4.24690  2.90347  2.73739  3.18146  2.89801  2.37887  2.77519  2.98518  4.58477  3.61503
          0.02145  4.24852  4.97086  0.61958  0.77255  0.48576  0.95510
    133   0.58398  4.42707  3.89169  3.72098  4.47365  3.23804  4.69141  3.65948  3.74841  3.52191  4.52459  3.76037  4.01427  4.05635  3.95989  2.78065  3.08505  3.24508  5.86047  4.71050    137 A - - -
          2.68618  4.42225  2.77519  2.73123  3.46354  2.40513  3.72494  3.29354  2.67741  2.69355  4.24690  2.90347  2.73739  3.18146  2.89801  2.37887  2.77519  2.98518  4.58477  3.61503
          0.02145  4.24852  4.97086  0.61958  0.77255  0.48576  0.95510
    134   2.90661  2.97798  4.56113  4.02489  1.89772  3.99067  3.87601  2.71533  3.84798  2.04317  3.37827  3.99121  4.33919  3.94982  3.89753  3.30460  3.13563  2.54722  2.95570  1.93680    138 f - - -
          2.68618  4.42225  2.77519  2.73123  3.46354  2.40513  3.72494  3.29354  2.67741  2.69355  4.24690  2.90347  2.73739  3.18146  2.89801  2.37887  2.77519  2.98518  4.58477  3.61503
          0.02145  4.24852  4.97086  0.61958  0.77255  0.48576  0.95510
    135   2.66425  4.85909  3.05165  1.88552  3.22513  3.48041  3.66700  3.51361  2.18667  2.69142  3.92859  3.00972  3.87019  2.81735  2.51018  2.69635  2.89206  3.19360  5.34332  4.01562    139 e - - -
          2.68618  4.42225  2.77519  2.73123  3.46354  2.40513  3.72494  3.29354  2.67741  2.69355  4.24690  2.90347  2.73739  3.18146  2.89801  2.37887  2.77519  2.98518  4.58477  3.61503
          0.02145  4.24852  4.97086  0.61958  0.77255  0.48576  0.95510
    136   2.36608  4.44453  3.58989  3.01054  3.56211  3.67697  3.91924  2.40831  2.81177  1.98600  3.49307  3.41105  4.05749  3.22079  2.06096  2.94116  2.95138  2.58905  5.03978  3.81225    140 l - - -
          2.68618  4.42225  2.77519  2.73123  3.46354  2.40513  3.72494  3.29354  2.67741  2.69355  4.24690  2.90347  2.73739  3.18146  2.89801  2.37887  2.77519  2.98518  4.58477  3.61503
          0.02145  4.24852  4.97086  0.61958  0.77255  0.48576  0.95510
    137   2.41485  5.12525  3.05525  2.48742  4.47157  3.51322  2.94044  3.90303  1.82833  3.39861  4.18484  2.57303  3.90045  2.75452  2.05957  2.74821  2.98365  3.52182  5.52833  4.19925    141 k - - -
          2.68618  4.42225  2.77519  2.73123  3.46354  2.40513  3.72494  3.29354  2.67741  2.69355  4.24690  2.90347  2.73739  3.18146  2.89801  2.37887  2.77519  2.98518  4.58477  3.61503
          0.02145  4.24852  4.97086  0.61958  0.77255  0.48576  0.95510
    138   3.44527  5.57921  0.50043  2.65424  5.01881  3.54288  4.32798  4.70385  3.49255  4.24932  5.25194  3.22379  4.22278  3.57874  4.04789  3.37583  3.79706  4.30752  6.10721  4.85035    142 D - - -
          2.68618  4.42225  2.77519  2.73123  3.46354  2.40513  3.72494  3.29354  2.67741  2.69355  4.24690  2.90347  2.73739  3.18146  2.89801  2.37887  2.77519  2.98518  4.58477  3.61503
          0.02145  4.24852  4.97086  0.61958  0.77255  0.48576  0.95510
    139   2.63908  4.85043  2.64191  2.46571  4.09283  3.45868  3.66122  2.95696  2.44644  2.42102  3.92083  2.62311  3.85142  2.49701  2.56394  2.66889  2.86995  3.18433  5.34687  4.01081    143 l - - -
          2.68618  4.42225  2.77519  2.73123  3.46354  2.40513  3.72494  3.29354  2.67741  2.69355  4.24690  2.90347  2.73739  3.18146  2.89801  2.37887  2.77519  2.98518  4.58477  3.61503
          0.02145  4.24852  4.97086  0.61958  0.77255  0.48576  0.95510
    140   2.74146  4.96029  3.07786  2.53527  4.25136  2.87241  3.67841  2.94566  1.58775  3.22620  4.04516  3.03887  3.90992  2.44948  2.70173  2.75954  2.96600  3.32343  5.42514  4.11319    144 k - - -
          2.68618  4.42225  2.77519  2.73123  3.46354  2.40513  3.72494  3.29354  2.67741  2.69355  4.24690  2.90347  2.73739  3.18146  2.89801  2.37887  2.77519  2.98518  4.58477  3.61503
          0.02145  4.24852  4.97086  0.61958  0.77255  0.48576  0.95510
    141   3.29866  4.64323  4.89344  4.35237  3.27970  4.53507  4.91092  1.62112  4.17898  1.69572  1.37237  4.58200  4.78390  4.35824  4.31306  3.89731  3.53803  2.18063  5.29698  4.18400    145 m - - -
          2.68618  4.42225  2.77519  2.73123  3.46354  2.40513  3.72494  3.29354  2.67741  2.69355  4.24690  2.90347  2.73739  3.18146  2.89801  2.37887  2.77519  2.98518  4.58477  3.61503
          0.02145  4.24852  4.97086  0.61958  0.77255  0.48576  0.95510
    142   3.31394  4.81107  4.48231  4.12139  3.43691  4.13305  4.76962  2.65357  3.86520  1.98791  0.80346  4.34727  4.60967  4.22933  4.02270  3.69451  3.63413  2.70072  5.31751  4.10634    146 m - - -
          2.68618  4.42225  2.77519  2.73123  3.46354  2.40513  3.72494  3.29354  2.67741  2.69355  4.24690  2.90347  2.73739  3.18146  2.89801  2.37887  2.77519  2.98518  4.58477  3.61503
          0.02145  4.24852  4.97086  0.61958  0.77255  0.48576  0.95510
    143   2.70388  5.12164  2.41483  1.75397  4.41608  2.83601  3.66243  3.88224  2.45481  3.40821  4.18515  2.51034  3.84281  2.78453  2.95113  2.67462  2.94271  3.48908  3.53242  4.18167    147 e - - -
          2.68618  4.42225  2.77519  2.73123  3.46354  2.40513  3.72494  3.29354  2.67741  2.69355  4.24690  2.90347  2.73739  3.18146  2.89801  2.37887  2.77519  2.98518  4.58477  3.61503
          0.02145  4.24852  4.97086  0.61958  0.77255  0.48576  0.95510
    144   3.00805  4.38467  4.61769  4.04910  3.35222  4.23419  4.59714  1.33439  3.91852  1.75142  2.58157  4.25522  4.54009  4.11971  4.07695  3.55520  2.59538  2.01549  5.14193  3.98914    148 i - - -
          2.68618  4.42225  2.77519  2.73123  3.46354  2.40513  3.72494  3.29354  2.67741  2.69355  4.24690  2.90347  2.73739  3.18146  2.89801  2.37887  2.77519  2.98518  4.58477  3.61503
          0.02145  4.24852  4.97086  0.61958  0.77255  0.48576  0.95510
    145   3.45837  4.75830  5.12938  4.55735  2.00657  4.69788  4.86558  2.37446  4.41647  0.90795  2.32669  4.74437  4.84974  4.42353  4.46154  4.04422  3.66872  2.56973  5.06942  3.90180    149 l - - -
          2.68618  4.42225  2.77519  2.73123  3.46354  2.40513  3.72494  3.29354  2.67741  2.69355  4.24690  2.90347  2.73739  3.18146  2.89801  2.37887  2.77519  2.98518  4.58477  3.61503
          0.02145  4.24852  4.97086  0.61958  0.77255  0.48576  0.95510
    146   2.94081  5.21717  3.30006  2.66647  4.62457  3.64302  3.66375  4.01004  1.50514  3.46797  4.28365  3.13541  4.01060  2.36188  1.83584  2.92208  2.57624  3.65035  5.54995  4.29852    150 k - - -
          2.68618  4.42225  2.77519  2.73123  3.46354  2.40513  3.72494  3.29354  2.67741  2.69355  4.24690  2.90347  2.73739  3.18146  2.89801  2.37887  2.77519  2.98518  4.58477  3.61503
          0.02145  4.24852  4.97086  0.61958  0.77255  0.48576  0.95510
    147   2.36216  4.69014  3.14275  2.57931  3.89723  3.49931  3.70613  2.81213  2.27447  2.93155  3.77424  3.07415  3.88636  2.54942  2.58862  2.71623  2.53195  2.62531  5.21709  3.91935    151 k - - -
          2.68618  4.42225  2.77519  2.73123  3.46354  2.40513  3.72494  3.29354  2.67741  2.69355  4.24690  2.90347  2.73739  3.18146  2.89801  2.37887  2.77519  2.98518  4.58477  3.61503
          0.02145  4.24852  4.97086  0.61958  0.77255  0.48576  0.95510
    148   2.35839  4.65973  3.14729  2.60591  3.07892  3.50641  3.72138  3.24714  2.31118  2.89796  3.75058  2.15666  3.89965  2.93065  3.00826  2.73366  2.87672  2.97003  5.15263  3.09698    152 n - - -
          2.68618  4.42225  2.77519  2.73123  3.46354  2.40513  3.72494  3.29354  2.67741  2.69355  4.24690  2.90347  2.73739  3.18146  2.89801  2.37887  2.77519  2.98518  4.58477  3.61503
          0.02145  4.24852  4.97086  0.61958  0.77255  0.48576  0.95510
    149   2.67896  4.70376  2.96460  2.86704  4.65423  0.94654  4.25371  4.21416  3.22233  3.83202  4.68311  2.33827  3.95630  3.49574  3.60816  2.78477  3.13082  3.67044  5.91292  4.62257    153 g - - -
          2.68618  4.42225  2.77519  2.73123  3.46354  2.40513  3.72494  3.29354  2.67741  2.69355  4.24690  2.90347  2.73739  3.18146  2.89801  2.37887  2.77519  2.98518  4.58477  3.61503
          0.02145  4.24852  4.97086  0.61958  0.77255  0.48576  0.95510
    150   1.31199  4.26118  3.79914  3.38393  4.00139  2.47073  4.29927  3.14516  3.35110  3.03865  3.94564  3.54148  3.91440  3.63357  3.64311  2.65294  2.85886  1.89310  5.44831  4.24255    154 a - - -
          2.68618  4.42225  2.77519  2.73123  3.46354  2.40513  3.72494  3.29354  2.67741  2.69355  4.24690  2.90347  2.73739  3.18146  2.89801  2.37887  2.77519  2.98518  4.58477  3.61503
          0.02145  4.24852  4.97086  0.61958  0.77255  0.48576  0.95510
    151   2.69448  5.01430  2.51242  2.40870  4.29664  3.44087  3.66557  3.72535  2.17461  3.28846  4.08587  2.94264  3.85900  1.99779  2.87735  2.68995  2.92859  2.47370  5.48742  4.12532    155 q - - -
          2.68618  4.42225  2.77519  2.73123  3.46354  2.40513  3.72494  3.29354  2.67741  2.69355  4.24690  2.90347  2.73739  3.18146  2.89801  2.37887  2.77519  2.98518  4.58477  3.61503
          0.02145  4.24852  4.97086  0.61958  0.77255  0.48576  0.95510
    152   3.09500  0.41791  4.67294  4.50993  4.43857  3.62321  5.07706  3.66544  4.34771  3.55360  4.69242  4.40144  4.35657  4.67837  4.39889  3.36500  3.59406  3.37911  5.75211  4.71857    156 C - - -
          2.68618  4.42225  2.77519  2.73123  3.46354  2.40513  3.72494  3.29354  2.67741  2.69355  4.24690  2.90347  2.73739  3.18146  2.89801  2.37887  2.77519  2.98518  4.58477  3.61503
          0.02145  4.24852  4.97086  0.61958  0.77255  0.48576  0.95510
    153   2.70370  5.10779  1.98918  2.12140  4.41258  3.41845  3.65810  3.86373  2.42182  3.39418  4.17348  2.90330  3.84765  2.77898  2.24695  2.67829  2.94021  2.87776  5.56617  4.17851    157 d - - -
          2.68618  4.42225  2.77519  2.73123  3.46354  2.40513  3.72494  3.29354  2.67741  2.69355  4.24690  2.90347  2.73739  3.18146  2.89801  2.37887  2.77519  2.98518  4.58477  3.61503
          0.10844  4.24852  2.42495  0.61958  0.77255  0.48576  0.95510
    154   2.64285  4.65970  2.33912  2.58219  3.85693  3.49170  3.73811  2.66817  2.59570  2.86135  3.74484  3.07874  3.89573  2.54459  3.03119  2.73543  2.87962  2.22790  5.21950  3.91842    158 v - - -
          2.68618  4.42225  2.77519  2.73123  3.46354  2.40513  3.72494  3.29354  2.67741  2.69355  4.24690  2.90347  2.73739  3.18146  2.89801  2.37887  2.77519  2.98518  4.58477  3.61503
          0.02338  4.16345  4.88580  0.61958  0.77255  0.42637  1.05807
    155   2.63502  4.57366  3.23128  2.82005  3.74089  3.41646  3.89396  3.37048  2.82285  3.02744  3.90919  3.23424  1.62779  3.17394  3.20071  2.31817  2.94968  3.06284  5.16640  2.84685    159 p - - -
          2.68621  4.42228  2.77497  2.73126  3.46357  2.40516  3.72498  3.29357  2.67744  2.69358  4.24693  2.90350  2.73743  3.18149  2.89804  2.37873  2.77523  2.98521  4.58480  3.61506
          0.20373  1.72948  4.97086  0.24819  1.51509  0.48576  0.95510
    156   2.63277  4.43910  2.84567  2.81548  3.56903  3.57322  3.81008  2.93706  2.76939  2.12814  3.53225  3.25416  3.95620  3.09578  2.70704  2.81199  2.86454  2.16605  4.99590  3.04246    161 l - - -
          2.68618  4.42225  2.77519  2.73123  3.46354  2.40513  3.72494  3.29354  2.67741  2.69355  4.24690  2.90347  2.73739  3.18146  2.89801  2.37887  2.77519  2.98518  4.58477  3.61503
          0.02145  4.24852  4.97086  0.61958  0.77255  0.48576  0.95510
    157   2.64370  3.48150  2.94603  1.84423  4.21323  3.42848  3.66495  3.64486  2.44318  3.21919  4.01653  2.95847  3.10342  2.47464  2.90867  2.36852  2.88415  3.29031  5.43244  4.07910    162 e - - -
          2.68618  4.42225  2.77519  2.73123  3.46354  2.40513  3.72494  3.29354  2.67741  2.69355  4.24690  2.90347  2.73739  3.18146  2.89801  2.37887  2.77519  2.98518  4.58477  3.61503
          0.02145  4.24852  4.97086  0.61958  0.77255  0.48576  0.95510
    158   2.59768  4.50777  3.30510  2.79466  3.80009  3.45489  3.86078  3.13801  2.76187  2.44984  3.74083  2.67429  3.92290  3.10469  3.15303  1.70952  2.88061  2.45047  5.19162  3.91536    163 s - - -
          2.68618  4.42225  2.77519  2.73123  3.46354  2.40513  3.72494  3.29354  2.67741  2.69355  4.24690  2.90347  2.73739  3.18146  2.89801  2.37887  2.77519  2.98518  4.58477  3.61503
          0.02145  4.24852  4.97086  0.61958  0.77255  0.48576  0.95510
    159   2.73320  5.16252  1.90927  1.88602  3.25230  3.40304  3.67831  3.92060  2.20095  3.44500  4.22643  2.88006  3.85435  2.80317  2.97969  2.69750  2.97391  3.52653  5.61430  4.20870    164 e - - -
          2.68618  4.42225  2.77519  2.73123  3.46354  2.40513  3.72494  3.29354  2.67741  2.69355  4.24690  2.90347  2.73739  3.18146  2.89801  2.37887  2.77519  2.98518  4.58477  3.61503
          0.02145  4.24852  4.97086  0.61958  0.77255  0.48576  0.95510
    160   2.11852  3.04196  3.42586  2.91625  4.00668  3.28601  3.97904  3.39461  2.89392  3.07112  3.91552  2.21341  3.86008  3.21363  3.28397  2.22280  2.03752  3.03506  5.36647  4.11065    165 t - - -
          2.68618  4.42225  2.77519  2.73123  3.46354  2.40513  3.72494  3.29354  2.67741  2.69355  4.24690  2.90347  2.73739  3.18146  2.89801  2.37887  2.77519  2.98518  4.58477  3.61503
          0.02145  4.24852  4.97086  0.61958  0.77255  0.48576  0.95510
    161   2.66296  4.99841  2.97025  2.19264  4.28928  3.45025  3.63220  3.72867  2.14213  3.27349  4.05826  2.58997  3.84286  2.75504  2.48557  2.16154  2.89112  3.36114  3.61828  4.09964    166 k - - -
          2.68618  4.42225  2.77519  2.73123  3.46354  2.40513  3.72494  3.29354  2.67741  2.69355  4.24690  2.90347  2.73739  3.18146  2.89801  2.37887  2.77519  2.98518  4.58477  3.61503
          0.02145  4.24852  4.97086  0.61958  0.77255  0.48576  0.95510
    162   2.60749  4.53497  3.24701  2.71494  3.77137  2.87679  3.79564  2.67680  2.69349  2.46873  3.69353  2.69456  3.90978  3.02886  3.10139  1.95575  2.86339  2.87212  5.14926  3.87487    167 s - - -
          2.68618  4.42225  2.77519  2.73123  3.46354  2.40513  3.72494  3.29354  2.67741  2.69355  4.24690  2.90347  2.73739  3.18146  2.89801  2.37887  2.77519  2.98518  4.58477  3.61503
          0.10844  4.24852  2.42495  0.61958  0.77255  0.48576  0.95510
    163   2.58499  4.44978  3.15981  1.94737  3.02646  3.45748  3.67003  3.09038  2.58849  2.76575  3.60012  3.08078  3.82609  2.91759  3.00222  2.69877  2.81243  2.83233  4.91911  3.06802    168 e - - -
          2.68618  4.42225  2.77519  2.73123  3.46354  2.40513  3.72494  3.29354  2.67741  2.69355  4.24690  2.90347  2.73739  3.18146  2.89801  2.37887  2.77519  2.98518  4.58477  3.61503
          0.11866  4.16345  2.33988  0.61958  0.77255  0.58873  0.80975
    164   2.64694  4.95256  2.24790  2.33348  4.38254  3.28871  3.70716  3.83706  2.55477  3.39566  4.19520  2.39311  3.80308  2.85219  3.04960  1.96721  2.43268  3.43416  5.59001  4.20541    169 s - - -
          2.68618  4.42225  2.77519  2.73123  3.46354  2.40513  3.72494  3.29354  2.67741  2.69355  4.24690  2.90347  2.73739  3.18146  2.89801  2.37887  2.77519  2.98518  4.58477  3.61503
          0.13101  4.07048  2.24690  0.61958  0.77255  0.68208  0.70434
    165   2.62692  4.61729  3.13590  2.26961  3.73801  3.47433  3.65379  3.18729  2.42746  2.43739  3.69854  3.06291  3.86271  2.86516  2.41752  2.71963  2.85271  2.92157  5.08385  2.97345    170 e - - -
          2.68618  4.42225  2.77519  2.73123  3.46354  2.40513  3.72494  3.29354  2.67741  2.69355  4.24690  2.90347  2.73739  3.18146  2.89801  2.37887  2.77519  2.98518  4.58477  3.61503
          0.02850  3.96796  4.69030  0.61958  0.77255  0.76745  0.62398
    166   2.25516  4.72329  2.42274  2.42284  3.99765  3.35318  3.67076  2.73053  2.52068  3.02453  3.86732  2.48723  3.80504  2.84513  2.97936  2.64363  2.84783  3.04082  5.30239  3.97192    171 a - - -
          2.68618  4.42225  2.77519  2.73123  3.46354  2.40513  3.72494  3.29354  2.67741  2.69355  4.24690  2.90347  2.73739  3.18146  2.89801  2.37887  2.77519  2.98518  4.58477  3.61503
          0.02850  3.96796  4.69030  0.61958  0.77255  0.76745  0.62398
    167   3.05832  4.54263  4.08370  3.61264  2.51765  3.99658  3.81246  2.69194  3.42011  1.51153  3.37763  3.80809  4.34982  3.69869  3.62364  3.33709  3.29563  2.63397  4.20445  1.73480    172 l - - -
          2.68640  4.42115  2.77542  2.73121  3.46376  2.40535  3.72517  3.29376  2.67740  2.69330  4.24712  2.90369  2.73713  3.18054  2.89765  2.37909  2.77491  2.98540  4.58499  3.61525
          0.27050  1.43969        *  1.66999  0.20856  0.00000        *
//
