HMMER3/f [3.3.1 | Jul 2020]
NAME  vHMM_8302
LENG  184
ALPH  amino
RF    no
MM    no
CONS  yes
CS    no
MAP   yes
DATE  Thu Feb 11 01:04:08 2021
NSEQ  7
EFFN  1.363770
CKSUM 2638872152
STATS LOCAL MSV      -10.2205  0.70639
STATS LOCAL VITERBI  -11.0605  0.70639
STATS LOCAL FORWARD   -4.7518  0.70639
CUTOFF SCORE	116.16
TAXON	Benyviridae
TXID	1513233
PROTEIN	Coat protein
TYPE	Full-length
RANGE	Wide
HMM          A        C        D        E        F        G        H        I        K        L        M        N        P        Q        R        S        T        V        W        Y   
            m->m     m->i     m->d     i->m     i->i     d->m     d->d
  COMPO   2.41547  4.64515  2.83860  2.63008  3.29439  3.06880  3.74351  3.03471  2.68403  2.49480  3.66284  3.02571  3.41199  3.13776  2.85238  2.56239  2.76530  2.67335  4.08371  3.50085
          2.68640  4.42247  2.77497  2.73061  3.46376  2.40534  3.72516  3.29376  2.67762  2.69377  4.24331  2.90368  2.73761  3.18168  2.89822  2.37850  2.77541  2.98486  4.58499  3.61525
          0.72346  1.34432  1.36958  1.26012  0.33355  0.00000        *
      1   2.55769  4.37872  3.48168  3.07993  3.75520  1.60394  4.06338  3.05958  3.01314  2.75402  2.24042  3.39549  3.93311  3.37466  3.32457  2.75610  2.91733  2.80791  5.22584  3.97450      5 g - - -
          2.68618  4.42225  2.77519  2.73123  3.46354  2.40513  3.72494  3.29354  2.67741  2.69355  4.24690  2.90347  2.73739  3.18146  2.89801  2.37887  2.77519  2.98518  4.58477  3.61503
          0.02530  4.08559  4.80794  0.61958  0.77255  0.32889  1.27197
      2   2.71291  4.54689  3.44687  2.86967  3.70122  3.62761  3.84960  3.05797  2.69607  2.22411  2.67365  3.30373  4.01381  3.10971  2.01769  2.31380  2.94478  2.82670  5.10480  3.85588      6 r - - -
          2.68618  4.42225  2.77519  2.73123  3.46354  2.40513  3.72494  3.29354  2.67741  2.69355  4.24690  2.90347  2.73739  3.18146  2.89801  2.37887  2.77519  2.98518  4.58477  3.61503
          0.01896  4.37071  5.09305  0.61958  0.77255  0.48576  0.95510
      3   4.21586  5.29780  5.10923  4.92307  1.51219  4.82013  3.65482  3.83791  4.73717  3.07057  4.40040  4.42901  5.10477  4.55189  4.65646  4.21930  4.42769  3.78292  3.75211  0.66811      7 Y - - -
          2.68618  4.42225  2.77519  2.73123  3.46354  2.40513  3.72494  3.29354  2.67741  2.69355  4.24690  2.90347  2.73739  3.18146  2.89801  2.37887  2.77519  2.98518  4.58477  3.61503
          0.15411  4.37071  2.03887  0.61958  0.77255  0.48576  0.95510
      4   2.85500  4.42337  4.00296  3.45129  3.30574  3.88672  4.21052  2.55390  3.31961  1.65116  1.86199  3.77393  2.63390  3.61389  3.57835  3.18681  3.09985  2.49344  5.00244  3.81709      8 l - - -
          2.68618  4.42225  2.77519  2.73123  3.46354  2.40513  3.72494  3.29354  2.67741  2.69355  4.24690  2.90347  2.73739  3.18146  2.89801  2.37887  2.77519  2.98518  4.58477  3.61503
          0.02167  4.23828  4.96062  0.61958  0.77255  0.65670  0.73098
      5   2.78848  5.14536  1.99491  2.34649  4.54065  3.35347  3.79165  4.00095  2.66965  3.55551  4.36383  2.15898  3.88967  2.94022  3.18199  2.76238  1.79143  3.59686  5.74210  4.33238      9 t - - -
          2.68618  4.42225  2.77519  2.73123  3.46354  2.40513  3.72494  3.29354  2.67741  2.69355  4.24690  2.90347  2.73739  3.18146  2.89801  2.37887  2.77519  2.98518  4.58477  3.61503
          0.02167  4.23828  4.96062  0.61958  0.77255  0.39203  1.12603
      6   4.05849  5.23239  4.94944  4.68265  2.14055  4.68674  3.68505  3.82861  4.41361  3.11281  4.38567  4.35448  5.00373  4.42385  4.42068  4.10397  4.27734  3.73706  0.91547  1.51302     10 w - - -
          2.68618  4.42225  2.77519  2.73123  3.46354  2.40513  3.72494  3.29354  2.67741  2.69355  4.24690  2.90347  2.73739  3.18146  2.89801  2.37887  2.77519  2.98518  4.58477  3.61503
          0.01896  4.37071  5.09305  0.61958  0.77255  0.48576  0.95510
      7   2.80417  5.08134  3.01126  2.55339  4.47399  3.50939  3.75852  3.89667  1.66790  3.43803  4.24344  2.33989  3.95489  2.89266  2.79322  2.80636  1.92198  3.52156  5.60087  4.27084     11 k - - -
          2.68618  4.42225  2.77519  2.73123  3.46354  2.40513  3.72494  3.29354  2.67741  2.69355  4.24690  2.90347  2.73739  3.18146  2.89801  2.37887  2.77519  2.98518  4.58477  3.61503
          0.01896  4.37071  5.09305  0.61958  0.77255  0.48576  0.95510
      8   2.95491  5.08516  1.06751  2.60208  4.41678  3.49703  4.06377  3.52079  3.03148  3.40821  4.37705  3.13075  4.08154  3.26242  3.52855  2.99111  3.26956  2.21637  5.79521  4.40570     12 d - - -
          2.68618  4.42225  2.77519  2.73123  3.46354  2.40513  3.72494  3.29354  2.67741  2.69355  4.24690  2.90347  2.73739  3.18146  2.89801  2.37887  2.77519  2.98518  4.58477  3.61503
          0.15411  4.37071  2.03887  0.61958  0.77255  0.48576  0.95510
      9   2.16043  4.32120  3.66709  3.09364  3.44087  3.66924  3.94225  2.17169  2.96905  2.43459  2.53439  3.46242  4.04967  3.30478  2.48175  2.93448  2.90297  2.49287  4.93261  3.71518     13 a - - -
          2.68618  4.42225  2.77519  2.73123  3.46354  2.40513  3.72494  3.29354  2.67741  2.69355  4.24690  2.90347  2.73739  3.18146  2.89801  2.37887  2.77519  2.98518  4.58477  3.61503
          0.02167  4.23828  4.96062  0.61958  0.77255  0.39203  1.12603
     10   2.71257  4.88132  2.93255  2.03906  4.36634  3.40503  3.87817  3.77811  2.70967  3.38998  4.21166  3.08028  3.93230  3.04353  3.15764  2.13541  1.54495  3.39950  5.61913  4.28208     14 t - - -
          2.68618  4.42225  2.77519  2.73123  3.46354  2.40513  3.72494  3.29354  2.67741  2.69355  4.24690  2.90347  2.73739  3.18146  2.89801  2.37887  2.77519  2.98518  4.58477  3.61503
          0.01896  4.37071  5.09305  0.61958  0.77255  0.48576  0.95510
     11   3.54516  5.06759  4.16456  3.80393  1.74617  4.25294  1.01224  3.63464  3.66826  3.02303  4.19865  3.95382  4.65043  3.92713  3.88668  3.64013  3.79333  3.49385  4.06990  2.36253     15 h - - -
          2.68618  4.42225  2.77519  2.73123  3.46354  2.40513  3.72494  3.29354  2.67741  2.69355  4.24690  2.90347  2.73739  3.18146  2.89801  2.37887  2.77519  2.98518  4.58477  3.61503
          0.01896  4.37071  5.09305  0.61958  0.77255  0.48576  0.95510
     12   2.74948  5.10963  2.26849  2.40479  4.37790  3.45391  2.69623  3.84631  2.52420  3.39662  4.18865  1.97432  3.89602  2.85400  3.01270  2.73247  2.99077  2.59998  5.57834  4.18840     16 n - - -
          2.68618  4.42225  2.77519  2.73123  3.46354  2.40513  3.72494  3.29354  2.67741  2.69355  4.24690  2.90347  2.73739  3.18146  2.89801  2.37887  2.77519  2.98518  4.58477  3.61503
          0.01896  4.37071  5.09305  0.61958  0.77255  0.48576  0.95510
     13   2.69355  4.84874  3.13079  2.57426  4.12393  2.65902  3.72833  3.52519  1.89078  3.13505  3.95773  3.07594  3.91438  2.88525  2.67654  2.73944  2.36947  2.51707  5.37705  4.06295     17 k - - -
          2.68618  4.42225  2.77519  2.73123  3.46354  2.40513  3.72494  3.29354  2.67741  2.69355  4.24690  2.90347  2.73739  3.18146  2.89801  2.37887  2.77519  2.98518  4.58477  3.61503
          0.01896  4.37071  5.09305  0.61958  0.77255  0.48576  0.95510
     14   2.82834  4.28969  4.25052  3.67950  2.32678  3.92160  2.69975  2.59921  3.54946  1.54944  3.26845  3.87689  4.27346  3.76032  3.72557  3.21497  3.05916  1.99847  4.67269  3.33703     18 l - - -
          2.68618  4.42225  2.77519  2.73123  3.46354  2.40513  3.72494  3.29354  2.67741  2.69355  4.24690  2.90347  2.73739  3.18146  2.89801  2.37887  2.77519  2.98518  4.58477  3.61503
          0.01896  4.37071  5.09305  0.61958  0.77255  0.48576  0.95510
     15   2.77609  4.30895  4.09343  3.54726  2.38367  3.81324  4.12825  2.65818  3.43637  2.27149  1.65502  3.78459  4.21479  3.68087  3.65442  2.34479  3.03068  2.51326  4.80315  3.50811     19 m - - -
          2.68618  4.42225  2.77519  2.73123  3.46354  2.40513  3.72494  3.29354  2.67741  2.69355  4.24690  2.90347  2.73739  3.18146  2.89801  2.37887  2.77519  2.98518  4.58477  3.61503
          0.01896  4.37071  5.09305  0.61958  0.77255  0.48576  0.95510
     16   2.66317  4.70222  3.15534  2.65732  3.95327  3.48628  3.80583  3.38891  2.66304  3.03480  3.87967  2.43868  3.92881  3.00594  3.09265  2.22820  1.95634  3.08662  5.29347  2.77142     20 t - - -
          2.68618  4.42225  2.77519  2.73123  3.46354  2.40513  3.72494  3.29354  2.67741  2.69355  4.24690  2.90347  2.73739  3.18146  2.89801  2.37887  2.77519  2.98518  4.58477  3.61503
          0.01896  4.37071  5.09305  0.61958  0.77255  0.48576  0.95510
     17   2.87529  5.20755  1.54881  2.43375  4.82174  1.76965  3.97645  4.32128  2.93524  3.85268  4.66493  2.97446  3.97347  3.13873  3.47761  2.07720  3.21269  3.84269  6.01957  4.58749     21 d - - -
          2.68618  4.42225  2.77519  2.73123  3.46354  2.40513  3.72494  3.29354  2.67741  2.69355  4.24690  2.90347  2.73739  3.18146  2.89801  2.37887  2.77519  2.98518  4.58477  3.61503
          0.01896  4.37071  5.09305  0.61958  0.77255  0.48576  0.95510
     18   3.17893  5.37329  3.26911  2.05495  4.80415  3.74064  3.83479  4.19787  2.22356  3.65284  4.51483  3.27338  4.16846  2.97385  1.02995  3.15678  3.37769  3.85571  5.70503  4.48522     22 r - - -
          2.68618  4.42225  2.77519  2.73123  3.46354  2.40513  3.72494  3.29354  2.67741  2.69355  4.24690  2.90347  2.73739  3.18146  2.89801  2.37887  2.77519  2.98518  4.58477  3.61503
          0.01896  4.37071  5.09305  0.61958  0.77255  0.48576  0.95510
     19   3.99696  5.17068  5.05233  4.78745  1.58401  4.69089  3.75911  3.59485  4.57242  2.84420  4.16093  4.42691  5.00448  4.49817  4.53938  4.11807  4.22333  3.56398  0.92695  2.14955     23 w - - -
          2.68618  4.42225  2.77519  2.73123  3.46354  2.40513  3.72494  3.29354  2.67741  2.69355  4.24690  2.90347  2.73739  3.18146  2.89801  2.37887  2.77519  2.98518  4.58477  3.61503
          0.01896  4.37071  5.09305  0.61958  0.77255  0.48576  0.95510
     20   1.78269  4.57521  3.33479  2.24015  3.88513  3.56617  3.99135  2.95235  2.91030  2.87350  3.79637  3.32615  4.03831  3.24048  3.30114  2.87974  2.99259  1.78224  5.31189  4.04624     24 v - - -
          2.68618  4.42225  2.77519  2.73123  3.46354  2.40513  3.72494  3.29354  2.67741  2.69355  4.24690  2.90347  2.73739  3.18146  2.89801  2.37887  2.77519  2.98518  4.58477  3.61503
          0.01896  4.37071  5.09305  0.61958  0.77255  0.48576  0.95510
     21   3.06301  5.07071  3.57776  3.10599  4.73689  2.19833  4.05851  4.19125  2.50114  3.70678  4.57680  3.48775  4.19043  3.23296  0.90142  3.13205  3.36649  3.79900  5.73828  4.56891     25 r - - -
          2.68618  4.42225  2.77519  2.73123  3.46354  2.40513  3.72494  3.29354  2.67741  2.69355  4.24690  2.90347  2.73739  3.18146  2.89801  2.37887  2.77519  2.98518  4.58477  3.61503
          0.01896  4.37071  5.09305  0.61958  0.77255  0.48576  0.95510
     22   2.99036  4.41749  4.54306  4.00141  3.51571  4.15734  4.62228  2.16516  3.87134  1.48286  3.39916  4.21030  4.53064  4.11706  4.06161  3.49607  2.32885  1.39218  5.25608  4.07593     26 v - - -
          2.68618  4.42225  2.77519  2.73123  3.46354  2.40513  3.72494  3.29354  2.67741  2.69355  4.24690  2.90347  2.73739  3.18146  2.89801  2.37887  2.77519  2.98518  4.58477  3.61503
          0.01896  4.37071  5.09305  0.61958  0.77255  0.48576  0.95510
     23   2.64143  4.44759  3.75444  3.34813  3.90273  3.46181  4.29164  2.13783  3.28483  2.91828  3.91837  3.60358  4.07815  3.62305  3.58686  1.09816  3.02794  2.76365  5.40980  4.13591     27 s - - -
          2.68618  4.42225  2.77519  2.73123  3.46354  2.40513  3.72494  3.29354  2.67741  2.69355  4.24690  2.90347  2.73739  3.18146  2.89801  2.37887  2.77519  2.98518  4.58477  3.61503
          0.01896  4.37071  5.09305  0.61958  0.77255  0.48576  0.95510
     24   3.02409  5.59502  1.87436  1.23183  4.91151  3.41119  3.88437  4.42687  2.83284  3.90902  4.72062  2.87287  3.98975  3.03153  3.40619  2.14438  3.29910  3.98537  6.06024  4.57062     28 e - - -
          2.68618  4.42225  2.77519  2.73123  3.46354  2.40513  3.72494  3.29354  2.67741  2.69355  4.24690  2.90347  2.73739  3.18146  2.89801  2.37887  2.77519  2.98518  4.58477  3.61503
          0.01896  4.37071  5.09305  0.61958  0.77255  0.48576  0.95510
     25   1.75789  4.39455  4.39213  3.86569  3.59963  4.01346  4.55929  2.20778  3.75849  1.87723  3.49767  4.08535  4.44165  4.02188  3.98198  3.36005  3.19118  1.39972  5.28633  4.08872     29 v - - -
          2.68618  4.42225  2.77519  2.73123  3.46354  2.40513  3.72494  3.29354  2.67741  2.69355  4.24690  2.90347  2.73739  3.18146  2.89801  2.37887  2.77519  2.98518  4.58477  3.61503
          0.01896  4.37071  5.09305  0.61958  0.77255  0.48576  0.95510
     26   2.84722  4.36619  4.09610  3.52037  3.33537  3.93147  4.21741  2.51718  3.39665  1.77872  2.42939  3.82064  4.27811  2.58763  3.63825  3.21449  3.07819  1.66551  4.97409  3.79452     30 v - - -
          2.68618  4.42225  2.77519  2.73123  3.46354  2.40513  3.72494  3.29354  2.67741  2.69355  4.24690  2.90347  2.73739  3.18146  2.89801  2.37887  2.77519  2.98518  4.58477  3.61503
          0.01896  4.37071  5.09305  0.61958  0.77255  0.48576  0.95510
     27   1.70797  4.85977  2.94059  2.03331  4.42002  3.37442  3.90164  3.84319  2.74511  3.44601  4.25874  3.08604  3.92132  3.06434  3.20219  1.72612  3.00664  3.43807  5.66545  4.32441     31 a - - -
          2.68618  4.42225  2.77519  2.73123  3.46354  2.40513  3.72494  3.29354  2.67741  2.69355  4.24690  2.90347  2.73739  3.18146  2.89801  2.37887  2.77519  2.98518  4.58477  3.61503
          0.01896  4.37071  5.09305  0.61958  0.77255  0.48576  0.95510
     28   2.12838  4.25475  3.81836  3.26211  2.55032  3.61506  4.03733  2.75822  3.19099  2.52819  3.44116  3.55997  4.05535  3.46135  3.47489  2.29521  2.28431  2.07546  4.93587  3.72430     32 v - - -
          2.68618  4.42225  2.77519  2.73123  3.46354  2.40513  3.72494  3.29354  2.67741  2.69355  4.24690  2.90347  2.73739  3.18146  2.89801  2.37887  2.77519  2.98518  4.58477  3.61503
          0.01896  4.37071  5.09305  0.61958  0.77255  0.48576  0.95510
     29   2.96741  4.38891  4.51390  3.97998  3.59734  4.15087  4.62695  1.43118  3.86871  2.36474  3.49283  4.19461  2.67924  4.12430  4.07273  3.48927  3.23018  1.34465  5.29556  4.09485     33 v - - -
          2.68618  4.42225  2.77519  2.73123  3.46354  2.40513  3.72494  3.29354  2.67741  2.69355  4.24690  2.90347  2.73739  3.18146  2.89801  2.37887  2.77519  2.98518  4.58477  3.61503
          0.01896  4.37071  5.09305  0.61958  0.77255  0.48576  0.95510
     30   2.78215  5.25369  2.30029  2.40661  4.60202  3.47938  3.68374  4.07078  1.71684  3.54502  4.30796  2.34702  3.90127  2.79284  2.27034  2.73925  3.01191  3.64962  5.66754  4.28047     34 k - - -
          2.68618  4.42225  2.77519  2.73123  3.46354  2.40513  3.72494  3.29354  2.67741  2.69355  4.24690  2.90347  2.73739  3.18146  2.89801  2.37887  2.77519  2.98518  4.58477  3.61503
          0.01896  4.37071  5.09305  0.61958  0.77255  0.48576  0.95510
     31   2.69785  4.93461  2.39727  2.47926  2.89994  3.48017  3.71467  3.60843  2.52041  3.19951  4.01488  3.00584  3.89404  1.99500  2.98899  2.71800  2.37924  3.27590  5.42419  4.06789     35 q - - -
          2.68618  4.42225  2.77519  2.73123  3.46354  2.40513  3.72494  3.29354  2.67741  2.69355  4.24690  2.90347  2.73739  3.18146  2.89801  2.37887  2.77519  2.98518  4.58477  3.61503
          0.01896  4.37071  5.09305  0.61958  0.77255  0.48576  0.95510
     32   1.36010  4.84870  2.13464  2.61910  4.53258  3.32931  3.97896  3.96985  2.87352  3.57165  4.38124  3.09783  3.92574  3.14808  3.34982  2.05880  3.03458  3.52304  5.78154  4.43076     36 a - - -
          2.68618  4.42225  2.77519  2.73123  3.46354  2.40513  3.72494  3.29354  2.67741  2.69355  4.24690  2.90347  2.73739  3.18146  2.89801  2.37887  2.77519  2.98518  4.58477  3.61503
          0.01896  4.37071  5.09305  0.61958  0.77255  0.48576  0.95510
     33   2.69924  5.09216  2.41568  2.42064  4.39445  3.47112  2.76241  3.85199  2.38426  2.63660  4.14650  2.95706  3.86835  2.30452  2.34726  2.68185  2.92855  3.46363  5.53780  4.16194     37 q - - -
          2.68618  4.42225  2.77519  2.73123  3.46354  2.40513  3.72494  3.29354  2.67741  2.69355  4.24690  2.90347  2.73739  3.18146  2.89801  2.37887  2.77519  2.98518  4.58477  3.61503
          0.01896  4.37071  5.09305  0.61958  0.77255  0.48576  0.95510
     34   1.48251  4.35668  3.73591  3.28380  4.15871  2.21190  4.26694  3.51789  3.26365  3.23811  4.08905  3.49548  3.92089  3.55185  3.59951  1.95534  2.88671  2.16107  5.54705  4.32883     38 a - - -
          2.68618  4.42225  2.77519  2.73123  3.46354  2.40513  3.72494  3.29354  2.67741  2.69355  4.24690  2.90347  2.73739  3.18146  2.89801  2.37887  2.77519  2.98518  4.58477  3.61503
          0.01896  4.37071  5.09305  0.61958  0.77255  0.48576  0.95510
     35   2.67464  4.34647  3.63494  3.06672  3.46397  3.67230  3.93796  2.79060  2.99539  2.09341  2.60985  3.44776  4.05131  2.54986  3.32225  2.35699  2.90805  2.14942  4.93879  3.71523     39 l - - -
          2.68618  4.42225  2.77519  2.73123  3.46354  2.40513  3.72494  3.29354  2.67741  2.69355  4.24690  2.90347  2.73739  3.18146  2.89801  2.37887  2.77519  2.98518  4.58477  3.61503
          0.01896  4.37071  5.09305  0.61958  0.77255  0.48576  0.95510
     36   3.11186  5.35415  1.01749  2.53243  3.86978  3.55057  3.93329  4.07168  3.00806  3.61042  4.53990  3.07919  4.11482  3.22181  3.51920  3.06946  3.38996  3.74818  5.34086  2.34190     40 d - - -
          2.68618  4.42225  2.77519  2.73123  3.46354  2.40513  3.72494  3.29354  2.67741  2.69355  4.24690  2.90347  2.73739  3.18146  2.89801  2.37887  2.77519  2.98518  4.58477  3.61503
          0.01896  4.37071  5.09305  0.61958  0.77255  0.48576  0.95510
     37   3.04456  4.59356  4.35357  3.89760  3.46690  4.02630  4.60863  2.51971  3.70683  0.90741  3.35482  4.12739  4.48313  4.02461  3.90732  3.42193  2.26779  2.48079  5.29469  4.11648     41 l - - -
          2.68618  4.42225  2.77519  2.73123  3.46354  2.40513  3.72494  3.29354  2.67741  2.69355  4.24690  2.90347  2.73739  3.18146  2.89801  2.37887  2.77519  2.98518  4.58477  3.61503
          0.01896  4.37071  5.09305  0.61958  0.77255  0.48576  0.95510
     38   2.62590  4.73128  3.04668  2.76982  4.56774  3.28932  4.07372  4.04147  2.94633  3.63593  4.44275  2.20895  3.15542  3.25651  3.37483  1.14336  3.01973  3.54604  5.81910  4.49481     42 s - - -
          2.68618  4.42225  2.77519  2.73123  3.46354  2.40513  3.72494  3.29354  2.67741  2.69355  4.24690  2.90347  2.73739  3.18146  2.89801  2.37887  2.77519  2.98518  4.58477  3.61503
          0.01896  4.37071  5.09305  0.61958  0.77255  0.48576  0.95510
     39   2.16763  4.76428  3.31249  2.77903  4.12255  3.55328  3.86319  3.32352  1.48124  3.09354  3.97585  3.23287  4.00125  3.04542  2.91969  2.84133  3.01094  2.32295  5.41829  4.14136     43 k - - -
          2.68618  4.42225  2.77519  2.73123  3.46354  2.40513  3.72494  3.29354  2.67741  2.69355  4.24690  2.90347  2.73739  3.18146  2.89801  2.37887  2.77519  2.98518  4.58477  3.61503
          0.01896  4.37071  5.09305  0.61958  0.77255  0.48576  0.95510
     40   0.82399  4.41302  3.74890  3.48099  4.53886  3.20334  4.52662  3.88530  3.52395  3.62049  4.48716  3.60451  2.22562  3.81734  3.81282  2.67684  2.98467  3.37359  5.89329  4.70213     44 a - - -
          2.68618  4.42225  2.77519  2.73123  3.46354  2.40513  3.72494  3.29354  2.67741  2.69355  4.24690  2.90347  2.73739  3.18146  2.89801  2.37887  2.77519  2.98518  4.58477  3.61503
          0.01896  4.37071  5.09305  0.61958  0.77255  0.48576  0.95510
     41   1.72719  4.78384  3.27242  2.75802  4.31744  3.44714  3.87287  3.71876  2.56251  3.32017  4.14741  3.19903  2.60283  3.03755  1.81119  2.76126  2.98983  3.34543  5.53624  4.25086     45 a - - -
          2.68618  4.42225  2.77519  2.73123  3.46354  2.40513  3.72494  3.29354  2.67741  2.69355  4.24690  2.90347  2.73739  3.18146  2.89801  2.37887  2.77519  2.98518  4.58477  3.61503
          0.01896  4.37071  5.09305  0.61958  0.77255  0.48576  0.95510
     42   2.90285  5.31949  1.96270  2.37197  4.76185  3.39257  3.88957  4.26399  2.80504  3.78054  4.58570  2.16215  3.96425  3.03901  3.34327  1.41674  3.19872  3.82086  5.94094  4.49743     46 s - - -
          2.68618  4.42225  2.77519  2.73123  3.46354  2.40513  3.72494  3.29354  2.67741  2.69355  4.24690  2.90347  2.73739  3.18146  2.89801  2.37887  2.77519  2.98518  4.58477  3.61503
          0.01896  4.37071  5.09305  0.61958  0.77255  0.48576  0.95510
     43   3.04456  4.59356  4.35357  3.89760  3.46690  4.02630  4.60863  2.51971  3.70683  0.90741  3.35482  4.12739  4.48313  4.02461  3.90732  3.42193  2.26779  2.48079  5.29469  4.11648     47 l - - -
          2.68618  4.42225  2.77519  2.73123  3.46354  2.40513  3.72494  3.29354  2.67741  2.69355  4.24690  2.90347  2.73739  3.18146  2.89801  2.37887  2.77519  2.98518  4.58477  3.61503
          0.01896  4.37071  5.09305  0.61958  0.77255  0.48576  0.95510
     44   2.16012  4.95856  2.92750  2.04573  4.40841  2.53234  3.77104  3.85839  2.57225  3.41431  4.19937  3.00475  2.70523  2.90520  3.05097  2.16905  2.95037  3.45284  5.60643  4.23977     48 e - - -
          2.68618  4.42225  2.77519  2.73123  3.46354  2.40513  3.72494  3.29354  2.67741  2.69355  4.24690  2.90347  2.73739  3.18146  2.89801  2.37887  2.77519  2.98518  4.58477  3.61503
          0.01896  4.37071  5.09305  0.61958  0.77255  0.48576  0.95510
     45   2.81249  4.28508  4.18317  2.58172  2.48588  3.93814  4.24978  1.64778  3.51849  2.29025  3.33419  3.87532  4.29328  3.75993  3.73852  3.22951  3.04753  1.83063  4.96037  3.75454     49 i - - -
          2.68618  4.42225  2.77519  2.73123  3.46354  2.40513  3.72494  3.29354  2.67741  2.69355  4.24690  2.90347  2.73739  3.18146  2.89801  2.37887  2.77519  2.98518  4.58477  3.61503
          0.01896  4.37071  5.09305  0.61958  0.77255  0.48576  0.95510
     46   2.95945  4.48650  2.60775  3.52677  3.71460  4.05932  4.44923  1.27257  3.52274  2.49882  3.60108  3.89547  4.43920  3.81102  3.84432  3.37475  3.21178  1.65794  5.37134  4.13398     50 i - - -
          2.68618  4.42225  2.77519  2.73123  3.46354  2.40513  3.72494  3.29354  2.67741  2.69355  4.24690  2.90347  2.73739  3.18146  2.89801  2.37887  2.77519  2.98518  4.58477  3.61503
          0.01896  4.37071  5.09305  0.61958  0.77255  0.48576  0.95510
     47   2.12863  5.03907  3.29170  2.83748  4.59962  3.58144  3.89778  3.93246  1.04330  3.51920  4.38245  3.27266  4.07799  3.05136  2.67301  2.96941  3.20456  3.57279  5.67462  4.42549     51 k - - -
          2.68618  4.42225  2.77519  2.73123  3.46354  2.40513  3.72494  3.29354  2.67741  2.69355  4.24690  2.90347  2.73739  3.18146  2.89801  2.37887  2.77519  2.98518  4.58477  3.61503
          0.01896  4.37071  5.09305  0.61958  0.77255  0.48576  0.95510
     48   1.74950  4.46417  3.44705  2.92814  3.79731  3.46504  3.94944  3.17963  2.90113  2.87722  3.74891  3.32068  3.95839  3.22090  3.28030  2.18435  2.25576  2.89576  5.20160  2.67283     52 a - - -
          2.68618  4.42225  2.77519  2.73123  3.46354  2.40513  3.72494  3.29354  2.67741  2.69355  4.24690  2.90347  2.73739  3.18146  2.89801  2.37887  2.77519  2.98518  4.58477  3.61503
          0.01896  4.37071  5.09305  0.61958  0.77255  0.48576  0.95510
     49   1.82223  5.07524  2.79980  1.99531  4.47429  3.41925  3.77955  3.92795  2.59531  3.47643  4.26753  2.30407  3.90491  2.91569  3.08236  2.17722  3.01446  3.52833  5.66423  4.28158     53 a - - -
          2.68618  4.42225  2.77519  2.73123  3.46354  2.40513  3.72494  3.29354  2.67741  2.69355  4.24690  2.90347  2.73739  3.18146  2.89801  2.37887  2.77519  2.98518  4.58477  3.61503
          0.01896  4.37071  5.09305  0.61958  0.77255  0.48576  0.95510
     50   2.80486  4.24173  4.35480  3.77712  1.95396  3.92996  4.20855  2.01083  3.64127  1.80016  3.22992  3.94557  4.28493  3.83650  3.78881  2.41573  3.03963  2.34191  4.78065  3.53291     54 l - - -
          2.68618  4.42225  2.77519  2.73123  3.46354  2.40513  3.72494  3.29354  2.67741  2.69355  4.24690  2.90347  2.73739  3.18146  2.89801  2.37887  2.77519  2.98518  4.58477  3.61503
          0.01896  4.37071  5.09305  0.61958  0.77255  0.48576  0.95510
     51   2.20589  4.44497  3.45665  2.89824  3.60319  3.61056  3.87480  2.37012  2.84616  2.20114  3.55279  3.32354  4.00171  2.49566  3.21563  2.32430  2.90100  2.70657  5.03489  3.79010     55 l - - -
          2.68618  4.42225  2.77519  2.73123  3.46354  2.40513  3.72494  3.29354  2.67741  2.69355  4.24690  2.90347  2.73739  3.18146  2.89801  2.37887  2.77519  2.98518  4.58477  3.61503
          0.01896  4.37071  5.09305  0.61958  0.77255  0.48576  0.95510
     52   2.90048  5.40576  2.00110  1.87134  4.74901  2.42073  3.81732  4.24460  2.69894  3.73962  4.52892  2.89233  3.94438  2.95200  3.23980  1.76771  3.16533  3.81230  5.89535  4.44456     56 s - - -
          2.68618  4.42225  2.77519  2.73123  3.46354  2.40513  3.72494  3.29354  2.67741  2.69355  4.24690  2.90347  2.73739  3.18146  2.89801  2.37887  2.77519  2.98518  4.58477  3.61503
          0.01896  4.37071  5.09305  0.61958  0.77255  0.48576  0.95510
     53   2.84971  4.43958  3.91174  3.37170  3.37300  3.86612  4.15114  2.65709  3.23905  1.33030  2.44291  2.58062  4.23884  3.55701  3.50960  3.15883  3.08857  2.55033  4.99647  3.77547     57 l - - -
          2.68618  4.42225  2.77519  2.73123  3.46354  2.40513  3.72494  3.29354  2.67741  2.69355  4.24690  2.90347  2.73739  3.18146  2.89801  2.37887  2.77519  2.98518  4.58477  3.61503
          0.01896  4.37071  5.09305  0.61958  0.77255  0.48576  0.95510
     54   3.04520  4.62762  3.99155  3.52604  1.99947  1.52038  3.83660  3.16548  3.46913  2.77126  3.78464  3.75451  4.35281  3.69716  3.72921  3.26168  3.30045  2.97125  4.29341  2.00007     58 g - - -
          2.68618  4.42225  2.77519  2.73123  3.46354  2.40513  3.72494  3.29354  2.67741  2.69355  4.24690  2.90347  2.73739  3.18146  2.89801  2.37887  2.77519  2.98518  4.58477  3.61503
          0.01896  4.37071  5.09305  0.61958  0.77255  0.48576  0.95510
     55   2.12270  5.02205  1.77828  2.47719  4.55473  3.37501  3.84391  4.01726  2.68883  3.56514  4.35269  2.99854  3.26685  2.98455  3.18512  1.86270  3.02531  3.58070  5.74705  4.36184     59 d - - -
          2.68618  4.42225  2.77519  2.73123  3.46354  2.40513  3.72494  3.29354  2.67741  2.69355  4.24690  2.90347  2.73739  3.18146  2.89801  2.37887  2.77519  2.98518  4.58477  3.61503
          0.01896  4.37071  5.09305  0.61958  0.77255  0.48576  0.95510
     56   2.86599  5.22229  3.09775  2.56095  4.60657  2.57635  3.70380  4.03323  1.87858  3.50983  4.30106  2.35871  3.97479  2.82018  1.77040  2.84134  3.08249  3.64536  5.61929  4.30273     60 r - - -
          2.68618  4.42225  2.77519  2.73123  3.46354  2.40513  3.72494  3.29354  2.67741  2.69355  4.24690  2.90347  2.73739  3.18146  2.89801  2.37887  2.77519  2.98518  4.58477  3.61503
          0.01896  4.37071  5.09305  0.61958  0.77255  0.48576  0.95510
     57   3.01123  4.52872  4.12594  3.59082  2.74682  3.98444  2.50029  2.18708  3.37334  2.59502  3.61388  3.79996  4.34758  3.68120  3.58708  3.28465  3.24098  2.80457  1.62625  2.79058     61 w - - -
          2.68618  4.42225  2.77519  2.73123  3.46354  2.40513  3.72494  3.29354  2.67741  2.69355  4.24690  2.90347  2.73739  3.18146  2.89801  2.37887  2.77519  2.98518  4.58477  3.61503
          0.01896  4.37071  5.09305  0.61958  0.77255  0.48576  0.95510
     58   2.75401  5.12431  2.18400  2.41211  4.53214  3.41042  3.77704  3.99824  2.60115  3.53113  4.31424  2.28979  3.90119  2.90842  3.10200  2.03831  2.03671  3.58302  5.70651  4.30850     62 t - - -
          2.68618  4.42225  2.77519  2.73123  3.46354  2.40513  3.72494  3.29354  2.67741  2.69355  4.24690  2.90347  2.73739  3.18146  2.89801  2.37887  2.77519  2.98518  4.58477  3.61503
          0.01896  4.37071  5.09305  0.61958  0.77255  0.48576  0.95510
     59   2.72678  5.01273  2.31377  2.04717  4.29486  3.46335  3.73330  3.69109  2.54484  3.29834  4.10612  2.98061  3.89955  2.87413  3.02698  2.73151  1.99527  2.55629  5.52561  4.16084     63 t - - -
          2.68618  4.42225  2.77519  2.73123  3.46354  2.40513  3.72494  3.29354  2.67741  2.69355  4.24690  2.90347  2.73739  3.18146  2.89801  2.37887  2.77519  2.98518  4.58477  3.61503
          0.01896  4.37071  5.09305  0.61958  0.77255  0.48576  0.95510
     60   3.14918  5.81908  1.42470  1.40607  5.10043  3.40547  3.94615  4.64797  2.97428  4.10375  4.94103  2.05556  4.02938  3.10494  3.59637  3.01393  3.43571  4.18783  6.24797  4.70518     64 e - - -
          2.68621  4.42228  2.77522  2.73126  3.46356  2.40485  3.72497  3.29357  2.67743  2.69357  4.24692  2.90349  2.73742  3.18149  2.89803  2.37889  2.77522  2.98521  4.58479  3.61506
          0.15411  1.99012  5.09305  0.27086  1.43854  0.48576  0.95510
     61   2.92675  5.38172  1.60302  2.34705  4.76258  3.40713  3.86845  4.25132  2.77848  3.77003  4.57642  1.74280  3.96648  3.01474  3.31996  2.86706  2.29494  3.82266  5.93465  4.48578     66 d - - -
          2.68618  4.42225  2.77519  2.73123  3.46354  2.40513  3.72494  3.29354  2.67741  2.69355  4.24690  2.90347  2.73739  3.18146  2.89801  2.37887  2.77519  2.98518  4.58477  3.61503
          0.01896  4.37071  5.09305  0.61958  0.77255  0.48576  0.95510
     62   2.72456  4.47323  3.93516  3.56761  3.96614  3.54511  4.47651  2.85992  3.49887  2.86951  3.93563  3.77469  1.40083  3.83318  3.76662  2.98522  3.12276  1.48774  5.51799  4.28806     67 p - - -
          2.68618  4.42225  2.77519  2.73123  3.46354  2.40513  3.72494  3.29354  2.67741  2.69355  4.24690  2.90347  2.73739  3.18146  2.89801  2.37887  2.77519  2.98518  4.58477  3.61503
          0.01896  4.37071  5.09305  0.61958  0.77255  0.48576  0.95510
     63   3.69593  4.97159  5.09519  4.67920  0.94146  4.72257  4.32172  2.72450  4.50818  1.47688  3.33998  4.64327  4.96588  4.51464  4.53882  4.12093  3.92613  2.84909  4.46900  2.87027     68 f - - -
          2.68618  4.42225  2.77519  2.73123  3.46354  2.40513  3.72494  3.29354  2.67741  2.69355  4.24690  2.90347  2.73739  3.18146  2.89801  2.37887  2.77519  2.98518  4.58477  3.61503
          0.01896  4.37071  5.09305  0.61958  0.77255  0.48576  0.95510
     64   3.33926  4.59458  5.24668  4.77707  3.87485  4.80583  5.49854  1.45610  4.68240  2.34086  3.64679  4.95260  5.09290  4.94667  4.86130  4.22613  3.60897  0.77339  5.91722  4.69806     69 v - - -
          2.68618  4.42225  2.77519  2.73123  3.46354  2.40513  3.72494  3.29354  2.67741  2.69355  4.24690  2.90347  2.73739  3.18146  2.89801  2.37887  2.77519  2.98518  4.58477  3.61503
          0.01896  4.37071  5.09305  0.61958  0.77255  0.48576  0.95510
     65   1.88216  5.02121  2.89101  2.04605  4.33725  3.45408  2.70029  3.77999  2.52137  3.34386  4.14117  2.98478  3.89608  2.86959  2.99115  2.21775  2.97005  3.41294  5.54525  4.18015     70 a - - -
          2.68618  4.42225  2.77519  2.73123  3.46354  2.40513  3.72494  3.29354  2.67741  2.69355  4.24690  2.90347  2.73739  3.18146  2.89801  2.37887  2.77519  2.98518  4.58477  3.61503
          0.01896  4.37071  5.09305  0.61958  0.77255  0.48576  0.95510
     66   3.00961  4.98860  3.51417  3.10020  4.56943  3.62219  4.11609  4.04884  2.66921  3.60281  4.49773  3.49051  1.01423  3.31401  1.96324  3.09738  3.33263  3.68104  5.69610  4.49456     71 p - - -
          2.68618  4.42225  2.77519  2.73123  3.46354  2.40513  3.72494  3.29354  2.67741  2.69355  4.24690  2.90347  2.73739  3.18146  2.89801  2.37887  2.77519  2.98518  4.58477  3.61503
          0.01896  4.37071  5.09305  0.61958  0.77255  0.48576  0.95510
     67   2.76909  4.68135  3.40829  2.81108  3.84133  3.64173  3.79474  3.24104  2.08009  2.89058  2.19720  3.25828  4.01670  3.01809  2.27716  2.89038  2.98833  2.98762  5.17696  2.74886     72 k - - -
          2.68618  4.42225  2.77519  2.73123  3.46354  2.40513  3.72494  3.29354  2.67741  2.69355  4.24690  2.90347  2.73739  3.18146  2.89801  2.37887  2.77519  2.98518  4.58477  3.61503
          0.01896  4.37071  5.09305  0.61958  0.77255  0.48576  0.95510
     68   2.67102  4.29573  3.71939  3.14734  3.42023  3.69271  3.96169  2.23135  2.42969  2.48698  3.40295  3.50210  4.06883  3.35956  3.36551  2.95384  2.34217  2.09851  4.89768  2.70956     73 v - - -
          2.68618  4.42225  2.77519  2.73123  3.46354  2.40513  3.72494  3.29354  2.67741  2.69355  4.24690  2.90347  2.73739  3.18146  2.89801  2.37887  2.77519  2.98518  4.58477  3.61503
          0.01896  4.37071  5.09305  0.61958  0.77255  0.48576  0.95510
     69   3.12926  5.25781  3.38645  2.89716  4.70536  3.71941  3.85821  4.17119  2.23449  3.63904  4.50356  2.25126  4.16830  3.00806  1.01618  3.13703  3.35563  3.81620  5.66212  4.43028     74 r - - -
          2.68618  4.42225  2.77519  2.73123  3.46354  2.40513  3.72494  3.29354  2.67741  2.69355  4.24690  2.90347  2.73739  3.18146  2.89801  2.37887  2.77519  2.98518  4.58477  3.61503
          0.01896  4.37071  5.09305  0.61958  0.77255  0.48576  0.95510
     70   3.69593  4.97159  5.09519  4.67920  0.94146  4.72257  4.32172  2.72450  4.50818  1.47688  3.33998  4.64327  4.96588  4.51464  4.53882  4.12093  3.92613  2.84909  4.46900  2.87027     75 f - - -
          2.68618  4.42225  2.77519  2.73123  3.46354  2.40513  3.72494  3.29354  2.67741  2.69355  4.24690  2.90347  2.73739  3.18146  2.89801  2.37887  2.77519  2.98518  4.58477  3.61503
          0.01896  4.37071  5.09305  0.61958  0.77255  0.48576  0.95510
     71   3.01426  5.07894  3.20460  2.88602  4.62661  3.58908  4.03890  4.06536  1.88499  3.62814  4.50873  3.33415  1.09272  3.22044  2.92119  3.06418  3.31901  3.69740  5.74172  4.50142     76 p - - -
          2.68618  4.42225  2.77519  2.73123  3.46354  2.40513  3.72494  3.29354  2.67741  2.69355  4.24690  2.90347  2.73739  3.18146  2.89801  2.37887  2.77519  2.98518  4.58477  3.61503
          0.01896  4.37071  5.09305  0.61958  0.77255  0.48576  0.95510
     72   2.24922  4.93859  3.06327  2.51001  4.20186  3.50642  2.76029  3.62151  2.06811  3.20297  4.01061  3.02768  3.89874  2.33159  2.86068  2.72231  2.93036  2.57981  5.42057  4.08652     77 k - - -
          2.68618  4.42225  2.77519  2.73123  3.46354  2.40513  3.72494  3.29354  2.67741  2.69355  4.24690  2.90347  2.73739  3.18146  2.89801  2.37887  2.77519  2.98518  4.58477  3.61503
          0.01896  4.37071  5.09305  0.61958  0.77255  0.48576  0.95510
     73   2.70372  4.81387  3.08773  2.15133  4.02598  3.52225  2.75225  3.43288  2.54513  2.44194  3.89980  3.07997  3.92547  2.91803  2.97457  2.76045  2.01549  3.13523  5.32530  4.00875     78 t - - -
          2.68618  4.42225  2.77519  2.73123  3.46354  2.40513  3.72494  3.29354  2.67741  2.69355  4.24690  2.90347  2.73739  3.18146  2.89801  2.37887  2.77519  2.98518  4.58477  3.61503
          0.01896  4.37071  5.09305  0.61958  0.77255  0.48576  0.95510
     74   3.43761  4.69608  5.29191  4.74868  3.44174  4.83647  5.26409  1.62866  4.62844  1.00683  3.21469  4.93821  5.02066  4.72363  4.71479  4.21233  3.67189  1.60522  5.52615  4.44548     79 l - - -
          2.68618  4.42225  2.77519  2.73123  3.46354  2.40513  3.72494  3.29354  2.67741  2.69355  4.24690  2.90347  2.73739  3.18146  2.89801  2.37887  2.77519  2.98518  4.58477  3.61503
          0.01896  4.37071  5.09305  0.61958  0.77255  0.48576  0.95510
     75   2.63779  4.62535  3.24456  2.74174  3.95624  3.46901  3.86126  3.33545  2.72811  2.34196  3.86153  2.43376  3.93666  3.07317  3.14055  2.20187  1.91420  3.03471  5.30597  4.02090     80 t - - -
          2.68618  4.42225  2.77519  2.73123  3.46354  2.40513  3.72494  3.29354  2.67741  2.69355  4.24690  2.90347  2.73739  3.18146  2.89801  2.37887  2.77519  2.98518  4.58477  3.61503
          0.01896  4.37071  5.09305  0.61958  0.77255  0.48576  0.95510
     76   2.74594  5.11361  2.98483  1.79244  4.42466  3.50052  3.67702  3.86556  2.00467  3.38689  2.88289  2.98878  3.90017  2.28669  2.78721  2.72976  2.97188  3.48709  5.55068  4.19320     81 e - - -
          2.68618  4.42225  2.77519  2.73123  3.46354  2.40513  3.72494  3.29354  2.67741  2.69355  4.24690  2.90347  2.73739  3.18146  2.89801  2.37887  2.77519  2.98518  4.58477  3.61503
          0.01896  4.37071  5.09305  0.61958  0.77255  0.48576  0.95510
     77   2.72108  4.52686  3.44946  2.31982  2.57008  3.64982  3.81435  3.05471  2.28812  2.73125  3.62634  3.31923  4.02967  3.16202  3.21075  2.88847  2.95143  2.81869  2.98649  2.60769     82 k - - -
          2.68618  4.42225  2.77519  2.73123  3.46354  2.40513  3.72494  3.29354  2.67741  2.69355  4.24690  2.90347  2.73739  3.18146  2.89801  2.37887  2.77519  2.98518  4.58477  3.61503
          0.01896  4.37071  5.09305  0.61958  0.77255  0.48576  0.95510
     78   2.02391  4.96985  2.00728  2.56774  4.70096  1.41118  4.03539  4.15808  2.98527  3.74375  4.56069  3.06745  3.95982  3.21050  3.48940  2.80097  3.13494  3.68320  5.93737  4.56067     83 g - - -
          2.68618  4.42225  2.77519  2.73123  3.46354  2.40513  3.72494  3.29354  2.67741  2.69355  4.24690  2.90347  2.73739  3.18146  2.89801  2.37887  2.77519  2.98518  4.58477  3.61503
          0.01896  4.37071  5.09305  0.61958  0.77255  0.48576  0.95510
     79   1.75535  2.81102  3.37060  2.23523  3.90644  3.45073  3.92656  3.24807  2.83465  2.95823  3.82138  3.26972  3.94402  3.16341  3.23338  2.74668  2.26145  2.95161  5.28328  4.01909     84 a - - -
          2.68618  4.42225  2.77519  2.73123  3.46354  2.40513  3.72494  3.29354  2.67741  2.69355  4.24690  2.90347  2.73739  3.18146  2.89801  2.37887  2.77519  2.98518  4.58477  3.61503
          0.01896  4.37071  5.09305  0.61958  0.77255  0.48576  0.95510
     80   3.10624  4.50242  4.66425  4.10882  3.39016  4.29876  4.68580  1.78345  3.96499  1.13395  3.24419  4.32707  4.61464  4.17723  4.12976  3.63073  2.34931  2.16021  5.22716  4.08307     85 l - - -
          2.68618  4.42225  2.77519  2.73123  3.46354  2.40513  3.72494  3.29354  2.67741  2.69355  4.24690  2.90347  2.73739  3.18146  2.89801  2.37887  2.77519  2.98518  4.58477  3.61503
          0.01896  4.37071  5.09305  0.61958  0.77255  0.48576  0.95510
     81   2.69240  4.71090  3.15039  2.18962  3.91722  3.53642  2.75770  3.28753  2.62359  2.95816  3.81289  3.13111  3.94258  2.97952  3.04556  2.78182  2.36405  2.03643  5.25745  3.96166     86 v - - -
          2.68618  4.42225  2.77519  2.73123  3.46354  2.40513  3.72494  3.29354  2.67741  2.69355  4.24690  2.90347  2.73739  3.18146  2.89801  2.37887  2.77519  2.98518  4.58477  3.61503
          0.01896  4.37071  5.09305  0.61958  0.77255  0.48576  0.95510
     82   2.79808  4.53075  3.69306  3.11730  3.65310  3.71786  3.98293  2.93768  2.78706  1.47579  3.58741  3.49203  4.12251  3.27977  2.32629  3.01479  2.31662  2.75384  5.12248  3.90209     87 l - - -
          2.68629  4.42236  2.77487  2.73092  3.46365  2.40523  3.72505  3.29365  2.67752  2.69366  4.24700  2.90357  2.73750  3.18157  2.89713  2.37898  2.77530  2.98529  4.58488  3.61514
          0.15411  1.99012  5.09305  1.17049  0.37138  0.48576  0.95510
     83   3.29199  4.65822  4.61405  4.13556  2.41826  4.26430  3.82236  3.08835  3.95013  2.60010  2.33263  4.10590  4.59599  4.06979  4.04825  3.58489  3.51690  2.95815  1.81969  1.45346     92 y - - -
          2.68618  4.42225  2.77519  2.73123  3.46354  2.40513  3.72494  3.29354  2.67741  2.69355  4.24690  2.90347  2.73739  3.18146  2.89801  2.37887  2.77519  2.98518  4.58477  3.61503
          0.01896  4.37071  5.09305  0.61958  0.77255  0.48576  0.95510
     84   2.99747  4.42305  4.55705  4.02611  3.60722  4.17383  4.68152  2.09829  3.89995  1.84520  3.48735  4.23668  4.56090  4.16371  4.10279  3.52101  2.32534  1.13445  5.34305  4.14777     93 v - - -
          2.68618  4.42225  2.77519  2.73123  3.46354  2.40513  3.72494  3.29354  2.67741  2.69355  4.24690  2.90347  2.73739  3.18146  2.89801  2.37887  2.77519  2.98518  4.58477  3.61503
          0.01896  4.37071  5.09305  0.61958  0.77255  0.48576  0.95510
     85   2.81640  4.77964  3.22137  2.85715  3.94078  3.55199  3.98990  3.37422  2.82844  3.02887  2.52657  1.25931  4.06676  3.23370  3.19025  2.92705  3.11606  3.12139  5.36886  4.01768     94 n - - -
          2.68618  4.42225  2.77519  2.73123  3.46354  2.40513  3.72494  3.29354  2.67741  2.69355  4.24690  2.90347  2.73739  3.18146  2.89801  2.37887  2.77519  2.98518  4.58477  3.61503
          0.01896  4.37071  5.09305  0.61958  0.77255  0.48576  0.95510
     86   3.54768  4.81541  5.34028  4.77143  2.18427  4.84425  5.05484  1.79814  4.63058  0.86741  2.99834  4.93329  4.97925  4.60760  4.64451  4.20435  3.76056  2.48300  5.21656  4.07602     95 l - - -
          2.68618  4.42225  2.77519  2.73123  3.46354  2.40513  3.72494  3.29354  2.67741  2.69355  4.24690  2.90347  2.73739  3.18146  2.89801  2.37887  2.77519  2.98518  4.58477  3.61503
          0.01896  4.37071  5.09305  0.61958  0.77255  0.48576  0.95510
     87   2.04218  4.89545  2.11935  2.58565  4.57645  3.33245  3.96278  4.02505  2.85119  3.61091  4.41455  3.07469  3.92493  3.12524  3.33493  1.38015  3.04543  3.56846  5.80829  4.44515     96 s - - -
          2.68618  4.42225  2.77519  2.73123  3.46354  2.40513  3.72494  3.29354  2.67741  2.69355  4.24690  2.90347  2.73739  3.18146  2.89801  2.37887  2.77519  2.98518  4.58477  3.61503
          0.01896  4.37071  5.09305  0.61958  0.77255  0.48576  0.95510
     88   3.28194  5.95014  0.86289  1.70247  5.22705  3.41768  4.04197  4.79300  3.15962  4.26145  5.15161  2.87254  4.08726  3.22202  3.82175  3.12529  3.59016  4.33693  6.39556  4.83379     97 d - - -
          2.68618  4.42225  2.77519  2.73123  3.46354  2.40513  3.72494  3.29354  2.67741  2.69355  4.24690  2.90347  2.73739  3.18146  2.89801  2.37887  2.77519  2.98518  4.58477  3.61503
          0.01896  4.37071  5.09305  0.61958  0.77255  0.48576  0.95510
     89   2.94065  5.34321  2.57025  1.87859  4.71034  3.43289  3.87125  4.18957  2.73611  3.71573  4.53328  2.17558  1.60204  3.02230  3.23262  2.89072  3.21691  3.78213  5.88191  4.46249     98 p - - -
          2.68618  4.42225  2.77519  2.73123  3.46354  2.40513  3.72494  3.29354  2.67741  2.69355  4.24690  2.90347  2.73739  3.18146  2.89801  2.37887  2.77519  2.98518  4.58477  3.61503
          0.01896  4.37071  5.09305  0.61958  0.77255  0.48576  0.95510
     90   2.19274  4.82821  3.04143  1.81228  4.13974  3.47067  3.77624  3.50119  2.59687  3.15600  3.98693  3.06749  2.76343  2.93966  3.05046  2.73171  2.93757  2.46940  5.42438  4.09784     99 e - - -
          2.68618  4.42225  2.77519  2.73123  3.46354  2.40513  3.72494  3.29354  2.67741  2.69355  4.24690  2.90347  2.73739  3.18146  2.89801  2.37887  2.77519  2.98518  4.58477  3.61503
          0.01896  4.37071  5.09305  0.61958  0.77255  0.48576  0.95510
     91   3.07294  4.59859  4.14814  3.62475  1.44544  4.07496  4.09098  2.78966  3.47440  1.73654  3.37842  3.89612  4.41655  2.47189  3.70794  3.37673  3.30264  2.74554  4.62718  3.14889    100 f - - -
          2.68618  4.42225  2.77519  2.73123  3.46354  2.40513  3.72494  3.29354  2.67741  2.69355  4.24690  2.90347  2.73739  3.18146  2.89801  2.37887  2.77519  2.98518  4.58477  3.61503
          0.01896  4.37071  5.09305  0.61958  0.77255  0.48576  0.95510
     92   1.87852  4.99604  3.11329  2.56246  4.36205  3.51031  3.72215  3.78319  1.99105  3.33379  4.13465  3.06483  3.92593  2.85475  2.23669  2.22848  2.98209  3.41894  5.51370  4.19073    101 a - - -
          2.68618  4.42225  2.77519  2.73123  3.46354  2.40513  3.72494  3.29354  2.67741  2.69355  4.24690  2.90347  2.73739  3.18146  2.89801  2.37887  2.77519  2.98518  4.58477  3.61503
          0.01896  4.37071  5.09305  0.61958  0.77255  0.48576  0.95510
     93   2.75911  4.37586  3.80043  3.23458  3.43695  3.78127  4.05614  2.15626  3.12300  1.67560  3.38041  3.59208  4.15190  2.55197  3.41856  3.05158  2.34404  2.50020  4.98225  3.77488    102 l - - -
          2.68618  4.42225  2.77519  2.73123  3.46354  2.40513  3.72494  3.29354  2.67741  2.69355  4.24690  2.90347  2.73739  3.18146  2.89801  2.37887  2.77519  2.98518  4.58477  3.61503
          0.01896  4.37071  5.09305  0.61958  0.77255  0.48576  0.95510
     94   3.37239  4.62599  5.26788  4.73660  3.56351  4.80494  5.28412  1.56655  4.62598  1.30965  3.34303  4.91168  5.01835  4.76818  4.73435  4.18410  3.61390  1.24441  5.60232  4.48022    103 v - - -
          2.68618  4.42225  2.77519  2.73123  3.46354  2.40513  3.72494  3.29354  2.67741  2.69355  4.24690  2.90347  2.73739  3.18146  2.89801  2.37887  2.77519  2.98518  4.58477  3.61503
          0.01896  4.37071  5.09305  0.61958  0.77255  0.48576  0.95510
     95   2.23672  4.48625  4.47224  3.91133  3.30068  4.14754  4.51271  2.43133  3.77045  1.31677  1.83811  4.15104  4.48420  3.98817  3.95208  3.46773  3.27497  2.40845  5.10298  3.96531    104 l - - -
          2.68618  4.42225  2.77519  2.73123  3.46354  2.40513  3.72494  3.29354  2.67741  2.69355  4.24690  2.90347  2.73739  3.18146  2.89801  2.37887  2.77519  2.98518  4.58477  3.61503
          0.01896  4.37071  5.09305  0.61958  0.77255  0.48576  0.95510
     96   1.70712  4.60714  3.29274  2.82560  4.05578  3.41624  2.60737  3.45610  2.79653  3.12245  3.97495  3.24527  3.94232  3.15754  3.18823  2.74165  1.82357  3.12364  5.39855  4.11358    105 a - - -
          2.68618  4.42225  2.77519  2.73123  3.46354  2.40513  3.72494  3.29354  2.67741  2.69355  4.24690  2.90347  2.73739  3.18146  2.89801  2.37887  2.77519  2.98518  4.58477  3.61503
          0.01896  4.37071  5.09305  0.61958  0.77255  0.48576  0.95510
     97   2.23667  5.08099  3.12766  2.56307  4.45540  3.53808  3.70678  3.87834  1.66680  3.39956  4.19441  3.06644  3.94185  2.83051  2.17692  2.23633  3.01387  3.50396  5.55020  4.23006    106 k - - -
          2.68618  4.42225  2.77519  2.73123  3.46354  2.40513  3.72494  3.29354  2.67741  2.69355  4.24690  2.90347  2.73739  3.18146  2.89801  2.37887  2.77519  2.98518  4.58477  3.61503
          0.01896  4.37071  5.09305  0.61958  0.77255  0.48576  0.95510
     98   3.36854  4.60662  5.30918  4.79447  3.68541  4.85348  5.39360  1.17287  4.69706  1.68027  3.45710  4.96725  5.07279  4.87416  4.82484  4.24479  3.61581  1.25599  5.72775  4.57617    107 i - - -
          2.68618  4.42225  2.77519  2.73123  3.46354  2.40513  3.72494  3.29354  2.67741  2.69355  4.24690  2.90347  2.73739  3.18146  2.89801  2.37887  2.77519  2.98518  4.58477  3.61503
          0.01896  4.37071  5.09305  0.61958  0.77255  0.48576  0.95510
     99   2.67075  4.61560  3.22556  1.92753  2.78591  3.55407  3.79136  2.51291  2.68682  2.84663  3.71095  2.90189  3.94871  3.01835  3.10702  2.43686  2.90491  2.90628  5.16044  3.87408    108 e - - -
          2.68618  4.42225  2.77519  2.73123  3.46354  2.40513  3.72494  3.29354  2.67741  2.69355  4.24690  2.90347  2.73739  3.18146  2.89801  2.37887  2.77519  2.98518  4.58477  3.61503
          0.15411  4.37071  2.03887  0.61958  0.77255  0.48576  0.95510
    100   2.61538  4.34415  3.98012  3.56043  3.87443  3.48430  4.43495  2.59687  3.45938  2.72098  3.79513  3.73742  4.11079  3.78711  3.72527  2.90018  1.27576  1.77557  5.46212  4.24171    109 t - - -
          2.68618  4.42225  2.77519  2.73123  3.46354  2.40513  3.72494  3.29354  2.67741  2.69355  4.24690  2.90347  2.73739  3.18146  2.89801  2.37887  2.77519  2.98518  4.58477  3.61503
          0.02167  4.23828  4.96062  0.61958  0.77255  0.65670  0.73098
    101   2.57685  2.55345  4.01040  3.49622  3.47232  2.38179  4.17472  2.70931  3.37093  1.57004  3.47273  3.67739  4.05036  3.64604  3.59450  2.88676  2.90116  2.49465  4.99572  3.78818    110 l - - -
          2.68618  4.42225  2.77519  2.73123  3.46354  2.40513  3.72494  3.29354  2.67741  2.69355  4.24690  2.90347  2.73739  3.18146  2.89801  2.37887  2.77519  2.98518  4.58477  3.61503
          0.02167  4.23828  4.96062  0.61958  0.77255  0.39203  1.12603
    102   2.44757  4.38616  3.71940  3.41249  4.50469  3.17562  4.45465  3.88433  3.42372  3.60590  4.44537  3.54958  3.92407  3.73015  3.72527  1.42965  1.19067  3.35687  5.85733  4.64221    111 t - - -
          2.68618  4.42225  2.77519  2.73123  3.46354  2.40513  3.72494  3.29354  2.67741  2.69355  4.24690  2.90347  2.73739  3.18146  2.89801  2.37887  2.77519  2.98518  4.58477  3.61503
          0.01896  4.37071  5.09305  0.61958  0.77255  0.48576  0.95510
    103   3.02266  5.53270  1.23638  2.31644  4.92264  3.39586  3.92919  4.44802  2.90721  3.94222  4.76412  2.10132  4.00007  3.08583  3.48561  2.12157  3.31938  3.99551  6.09483  4.60598    112 d - - -
          2.68618  4.42225  2.77519  2.73123  3.46354  2.40513  3.72494  3.29354  2.67741  2.69355  4.24690  2.90347  2.73739  3.18146  2.89801  2.37887  2.77519  2.98518  4.58477  3.61503
          0.01896  4.37071  5.09305  0.61958  0.77255  0.48576  0.95510
    104   2.23549  5.02956  2.99673  2.45133  4.37103  2.66185  3.67738  3.81798  2.05298  3.35352  4.12972  2.97888  3.39052  2.79656  2.34909  2.36000  2.91973  3.43075  5.52872  4.16358    113 k - - -
          2.68618  4.42225  2.77519  2.73123  3.46354  2.40513  3.72494  3.29354  2.67741  2.69355  4.24690  2.90347  2.73739  3.18146  2.89801  2.37887  2.77519  2.98518  4.58477  3.61503
          0.01896  4.37071  5.09305  0.61958  0.77255  0.48576  0.95510
    105   2.73551  4.85183  2.15909  2.62165  4.34221  1.54208  3.95904  3.68984  2.86850  3.38160  4.23084  3.11262  3.96134  3.14602  3.33613  2.79710  3.05839  2.34487  5.64725  4.30973    114 g - - -
          2.68618  4.42225  2.77519  2.73123  3.46354  2.40513  3.72494  3.29354  2.67741  2.69355  4.24690  2.90347  2.73739  3.18146  2.89801  2.37887  2.77519  2.98518  4.58477  3.61503
          0.01896  4.37071  5.09305  0.61958  0.77255  0.48576  0.95510
    106   2.70992  5.01470  2.89790  2.05493  4.30810  2.62350  3.71453  3.74672  2.50765  2.55814  4.10921  2.38516  3.88691  2.84997  2.98439  2.23040  2.95201  3.38527  5.52029  4.15489    115 e - - -
          2.68618  4.42225  2.77519  2.73123  3.46354  2.40513  3.72494  3.29354  2.67741  2.69355  4.24690  2.90347  2.73739  3.18146  2.89801  2.37887  2.77519  2.98518  4.58477  3.61503
          0.01896  4.37071  5.09305  0.61958  0.77255  0.48576  0.95510
    107   0.48375  4.52630  4.05584  3.90550  4.63549  3.33187  4.85476  3.84420  3.93744  3.69908  4.69532  3.90132  4.11995  4.23362  4.13015  2.88290  3.19621  3.40388  6.00601  4.87725    116 A - - -
          2.68618  4.42225  2.77519  2.73123  3.46354  2.40513  3.72494  3.29354  2.67741  2.69355  4.24690  2.90347  2.73739  3.18146  2.89801  2.37887  2.77519  2.98518  4.58477  3.61503
          0.01896  4.37071  5.09305  0.61958  0.77255  0.48576  0.95510
    108   2.15192  4.75913  1.97609  2.62980  4.13191  3.45585  3.83899  3.41032  2.68677  3.14436  3.99004  3.11781  3.92607  3.01380  3.13908  2.73910  2.30941  2.38804  5.44429  4.12706    117 d - - -
          2.68618  4.42225  2.77519  2.73123  3.46354  2.40513  3.72494  3.29354  2.67741  2.69355  4.24690  2.90347  2.73739  3.18146  2.89801  2.37887  2.77519  2.98518  4.58477  3.61503
          0.01896  4.37071  5.09305  0.61958  0.77255  0.48576  0.95510
    109   3.03387  5.27035  2.77418  2.58192  4.17570  3.52970  2.41136  4.15545  2.73742  3.66844  4.54445  1.12751  4.08191  3.13729  3.13337  3.01210  3.31725  3.78252  5.51992  4.02443    118 n - - -
          2.68618  4.42225  2.77519  2.73123  3.46354  2.40513  3.72494  3.29354  2.67741  2.69355  4.24690  2.90347  2.73739  3.18146  2.89801  2.37887  2.77519  2.98518  4.58477  3.61503
          0.01896  4.37071  5.09305  0.61958  0.77255  0.48576  0.95510
    110   0.79829  4.32961  3.87280  3.62822  4.61384  3.12526  4.62221  3.99138  3.66980  3.73310  4.56472  3.63944  3.91618  3.93181  3.92731  1.80677  2.92622  3.40136  5.97728  4.79464    119 a - - -
          2.68618  4.42225  2.77519  2.73123  3.46354  2.40513  3.72494  3.29354  2.67741  2.69355  4.24690  2.90347  2.73739  3.18146  2.89801  2.37887  2.77519  2.98518  4.58477  3.61503
          0.01896  4.37071  5.09305  0.61958  0.77255  0.48576  0.95510
    111   1.84414  4.34538  3.82773  3.40170  4.16741  3.26429  4.35343  3.38067  3.36777  3.21894  4.10363  3.56848  3.95215  3.65789  3.67786  1.23820  2.91250  2.09444  5.58599  4.37367    120 s - - -
          2.68618  4.42225  2.77519  2.73123  3.46354  2.40513  3.72494  3.29354  2.67741  2.69355  4.24690  2.90347  2.73739  3.18146  2.89801  2.37887  2.77519  2.98518  4.58477  3.61503
          0.01896  4.37071  5.09305  0.61958  0.77255  0.48576  0.95510
    112   0.95063  4.36731  4.15502  3.78572  4.08916  3.42731  4.63169  2.81762  3.71342  2.95673  4.01173  3.84485  4.12519  4.00059  3.95240  2.87142  3.04575  1.86448  5.66399  4.46081    121 a - - -
          2.68618  4.42225  2.77519  2.73123  3.46354  2.40513  3.72494  3.29354  2.67741  2.69355  4.24690  2.90347  2.73739  3.18146  2.89801  2.37887  2.77519  2.98518  4.58477  3.61503
          0.01896  4.37071  5.09305  0.61958  0.77255  0.48576  0.95510
    113   2.75458  5.11075  2.84051  2.44952  4.53124  2.51723  3.76197  3.99164  2.05142  3.51513  4.29768  1.91336  3.90805  2.88983  2.98351  2.18152  3.01843  3.57810  5.67781  4.29870    122 n - - -
          2.68618  4.42225  2.77519  2.73123  3.46354  2.40513  3.72494  3.29354  2.67741  2.69355  4.24690  2.90347  2.73739  3.18146  2.89801  2.37887  2.77519  2.98518  4.58477  3.61503
          0.01896  4.37071  5.09305  0.61958  0.77255  0.48576  0.95510
    114   1.94480  4.31493  3.83588  3.34413  3.85685  3.38743  4.22616  3.06500  3.29075  2.91043  3.81013  3.56658  3.99273  3.57412  3.59602  2.06863  2.13842  1.66708  5.30867  4.09795    123 v - - -
          2.68618  4.42225  2.77519  2.73123  3.46354  2.40513  3.72494  3.29354  2.67741  2.69355  4.24690  2.90347  2.73739  3.18146  2.89801  2.37887  2.77519  2.98518  4.58477  3.61503
          0.01896  4.37071  5.09305  0.61958  0.77255  0.48576  0.95510
    115   3.17893  5.37329  3.26911  2.05495  4.80415  3.74064  3.83479  4.19787  2.22356  3.65284  4.51483  3.27338  4.16846  2.97385  1.02995  3.15678  3.37769  3.85571  5.70503  4.48522    124 r - - -
          2.68618  4.42225  2.77519  2.73123  3.46354  2.40513  3.72494  3.29354  2.67741  2.69355  4.24690  2.90347  2.73739  3.18146  2.89801  2.37887  2.77519  2.98518  4.58477  3.61503
          0.01896  4.37071  5.09305  0.61958  0.77255  0.48576  0.95510
    116   2.07115  4.91176  3.59901  3.06269  4.53419  3.59107  3.97716  3.88497  2.42250  3.47324  4.36264  3.42203  4.11456  3.15058  1.03296  2.99888  3.21739  3.52934  5.63900  4.43163    125 r - - -
          2.68618  4.42225  2.77519  2.73123  3.46354  2.40513  3.72494  3.29354  2.67741  2.69355  4.24690  2.90347  2.73739  3.18146  2.89801  2.37887  2.77519  2.98518  4.58477  3.61503
          0.01896  4.37071  5.09305  0.61958  0.77255  0.48576  0.95510
    117   3.28194  5.95014  0.86289  1.70247  5.22705  3.41768  4.04197  4.79300  3.15962  4.26145  5.15161  2.87254  4.08726  3.22202  3.82175  3.12529  3.59016  4.33693  6.39556  4.83379    126 d - - -
          2.68618  4.42225  2.77519  2.73123  3.46354  2.40513  3.72494  3.29354  2.67741  2.69355  4.24690  2.90347  2.73739  3.18146  2.89801  2.37887  2.77519  2.98518  4.58477  3.61503
          0.01896  4.37071  5.09305  0.61958  0.77255  0.48576  0.95510
    118   1.89383  4.30632  3.98631  3.57904  3.96362  2.24837  4.42363  2.96668  3.53793  2.97384  3.91318  3.70283  4.04077  3.80584  3.79716  2.79514  2.95554  1.26295  5.45305  4.25488    127 v - - -
          2.68618  4.42225  2.77519  2.73123  3.46354  2.40513  3.72494  3.29354  2.67741  2.69355  4.24690  2.90347  2.73739  3.18146  2.89801  2.37887  2.77519  2.98518  4.58477  3.61503
          0.01896  4.37071  5.09305  0.61958  0.77255  0.48576  0.95510
    119   2.11452  4.43893  3.73368  3.19595  3.74197  3.62515  4.08667  2.80884  2.98914  2.72950  3.67976  3.53383  4.10039  3.40229  2.39151  2.94906  2.99888  1.43774  5.20400  3.97947    128 v - - -
          2.68618  4.42225  2.77519  2.73123  3.46354  2.40513  3.72494  3.29354  2.67741  2.69355  4.24690  2.90347  2.73739  3.18146  2.89801  2.37887  2.77519  2.98518  4.58477  3.61503
          0.01896  4.37071  5.09305  0.61958  0.77255  0.48576  0.95510
    120   1.60656  4.36934  3.72769  3.24758  3.87576  3.41544  4.18505  2.22121  3.20232  2.91097  3.82482  3.52023  4.00287  3.50530  3.52755  1.68554  2.92794  2.77934  5.32621  4.10014    129 a - - -
          2.68618  4.42225  2.77519  2.73123  3.46354  2.40513  3.72494  3.29354  2.67741  2.69355  4.24690  2.90347  2.73739  3.18146  2.89801  2.37887  2.77519  2.98518  4.58477  3.61503
          0.01896  4.37071  5.09305  0.61958  0.77255  0.48576  0.95510
    121   2.15134  5.21519  2.04147  2.39602  4.67689  1.90714  3.85512  4.15684  2.73764  3.68275  4.47715  2.20690  3.93730  2.99771  3.26160  2.80216  3.12291  3.72012  5.85471  4.43428    130 g - - -
          2.68618  4.42225  2.77519  2.73123  3.46354  2.40513  3.72494  3.29354  2.67741  2.69355  4.24690  2.90347  2.73739  3.18146  2.89801  2.37887  2.77519  2.98518  4.58477  3.61503
          0.01896  4.37071  5.09305  0.61958  0.77255  0.48576  0.95510
    122   2.65433  4.77605  3.08974  2.59132  4.10098  2.59366  3.29194  3.51617  2.60893  3.13773  3.96294  2.59658  3.90357  2.95257  3.05622  1.88031  2.91883  2.47088  5.39252  4.07328    131 s - - -
          2.68618  4.42225  2.77519  2.73123  3.46354  2.40513  3.72494  3.29354  2.67741  2.69355  4.24690  2.90347  2.73739  3.18146  2.89801  2.37887  2.77519  2.98518  4.58477  3.61503
          0.01896  4.37071  5.09305  0.61958  0.77255  0.48576  0.95510
    123   2.23667  5.08099  3.12766  2.56307  4.45540  3.53808  3.70678  3.87834  1.66680  3.39956  4.19441  3.06644  3.94185  2.83051  2.17692  2.23633  3.01387  3.50396  5.55020  4.23006    132 k - - -
          2.68618  4.42225  2.77519  2.73123  3.46354  2.40513  3.72494  3.29354  2.67741  2.69355  4.24690  2.90347  2.73739  3.18146  2.89801  2.37887  2.77519  2.98518  4.58477  3.61503
          0.01896  4.37071  5.09305  0.61958  0.77255  0.48576  0.95510
    124   2.17378  4.31422  3.65118  3.08993  2.61047  3.62575  3.94784  2.82365  3.03284  2.54561  2.60240  3.45182  2.81142  3.32244  3.35602  2.32618  2.88764  2.60271  4.93394  3.70885    133 a - - -
          2.68618  4.42225  2.77519  2.73123  3.46354  2.40513  3.72494  3.29354  2.67741  2.69355  4.24690  2.90347  2.73739  3.18146  2.89801  2.37887  2.77519  2.98518  4.58477  3.61503
          0.01896  4.37071  5.09305  0.61958  0.77255  0.48576  0.95510
    125   2.21497  5.33532  2.08302  1.61467  4.66316  3.42349  3.77212  4.14737  2.61619  3.64868  4.42896  2.89846  2.64703  2.89945  3.14087  2.78830  3.09927  3.72486  5.80569  4.37129    134 e - - -
          2.68618  4.42225  2.77519  2.73123  3.46354  2.40513  3.72494  3.29354  2.67741  2.69355  4.24690  2.90347  2.73739  3.18146  2.89801  2.37887  2.77519  2.98518  4.58477  3.61503
          0.01896  4.37071  5.09305  0.61958  0.77255  0.48576  0.95510
    126   1.09034  4.33632  3.83823  3.46772  4.46543  3.15575  4.45876  3.84114  3.45986  3.55642  4.38176  3.56786  3.90213  3.73905  3.76528  1.85406  1.98532  3.31247  5.82257  4.62668    135 a - - -
          2.68618  4.42225  2.77519  2.73123  3.46354  2.40513  3.72494  3.29354  2.67741  2.69355  4.24690  2.90347  2.73739  3.18146  2.89801  2.37887  2.77519  2.98518  4.58477  3.61503
          0.01896  4.37071  5.09305  0.61958  0.77255  0.48576  0.95510
    127   2.72950  5.00486  2.98942  2.08696  4.28495  3.49698  3.70559  3.70851  2.05609  2.54369  4.08250  3.01104  3.90597  2.84208  2.87565  1.92051  2.96160  3.36114  5.48388  4.13882    136 s - - -
          2.68618  4.42225  2.77519  2.73123  3.46354  2.40513  3.72494  3.29354  2.67741  2.69355  4.24690  2.90347  2.73739  3.18146  2.89801  2.37887  2.77519  2.98518  4.58477  3.61503
          0.15411  4.37071  2.03887  0.61958  0.77255  0.48576  0.95510
    128   1.68249  4.28207  3.64127  3.31036  4.42258  1.49059  4.35646  3.79836  3.34658  3.50983  4.33391  3.44989  3.82143  3.62587  3.66433  2.52158  1.90514  3.26238  5.76874  4.56504    137 g - - -
          2.68618  4.42225  2.77519  2.73123  3.46354  2.40513  3.72494  3.29354  2.67741  2.69355  4.24690  2.90347  2.73739  3.18146  2.89801  2.37887  2.77519  2.98518  4.58477  3.61503
          0.02167  4.23828  4.96062  0.61958  0.77255  0.39203  1.12603
    129   2.83695  5.28080  2.14748  2.39027  4.63777  3.44970  3.76155  4.11164  1.46449  3.61121  4.39410  2.94067  3.92989  2.88713  3.00131  2.19076  3.08743  3.69483  5.75540  4.35092    138 k - - -
          2.68618  4.42225  2.77519  2.73123  3.46354  2.40513  3.72494  3.29354  2.67741  2.69355  4.24690  2.90347  2.73739  3.18146  2.89801  2.37887  2.77519  2.98518  4.58477  3.61503
          0.01896  4.37071  5.09305  0.61958  0.77255  0.48576  0.95510
    130   2.75123  4.94906  3.13987  2.64758  4.44119  3.48135  3.80534  3.85089  1.41617  3.41418  4.22500  3.12480  3.95353  2.94781  2.81649  2.17253  2.29593  3.46693  5.58986  4.28219    139 k - - -
          2.68618  4.42225  2.77519  2.73123  3.46354  2.40513  3.72494  3.29354  2.67741  2.69355  4.24690  2.90347  2.73739  3.18146  2.89801  2.37887  2.77519  2.98518  4.58477  3.61503
          0.01896  4.37071  5.09305  0.61958  0.77255  0.48576  0.95510
    131   2.21926  4.96413  2.29692  2.05361  4.23446  3.47486  3.76681  3.58624  2.60326  3.24340  4.07019  3.00799  3.92066  2.92170  3.08204  2.76194  2.98775  2.06589  5.50106  4.14877    140 e - - -
          2.68618  4.42225  2.77519  2.73123  3.46354  2.40513  3.72494  3.29354  2.67741  2.69355  4.24690  2.90347  2.73739  3.18146  2.89801  2.37887  2.77519  2.98518  4.58477  3.61503
          0.01896  4.37071  5.09305  0.61958  0.77255  0.48576  0.95510
    132   1.87924  4.61524  3.15364  2.92416  4.62509  1.31689  4.21933  4.07436  3.15156  3.70177  4.51259  2.17556  3.92856  3.42742  3.56136  2.68874  3.00949  3.53797  5.90375  4.61526    141 g - - -
          2.68618  4.42225  2.77519  2.73123  3.46354  2.40513  3.72494  3.29354  2.67741  2.69355  4.24690  2.90347  2.73739  3.18146  2.89801  2.37887  2.77519  2.98518  4.58477  3.61503
          0.01896  4.37071  5.09305  0.61958  0.77255  0.48576  0.95510
    133   2.67644  4.51308  3.44101  2.95981  3.81188  3.54591  3.99338  2.29153  2.91978  2.83840  3.75450  2.45439  4.02571  3.26530  3.28475  2.85854  1.58234  2.75182  5.24199  3.98227    142 t - - -
          2.68618  4.42225  2.77519  2.73123  3.46354  2.40513  3.72494  3.29354  2.67741  2.69355  4.24690  2.90347  2.73739  3.18146  2.89801  2.37887  2.77519  2.98518  4.58477  3.61503
          0.01896  4.37071  5.09305  0.61958  0.77255  0.48576  0.95510
    134   2.85614  5.16371  1.47307  2.41774  4.42393  3.45545  3.82849  2.58477  2.70724  3.45332  4.28981  2.25546  3.96027  2.98613  3.21139  2.83962  3.11595  3.47523  5.67923  4.28018    143 d - - -
          2.68618  4.42225  2.77519  2.73123  3.46354  2.40513  3.72494  3.29354  2.67741  2.69355  4.24690  2.90347  2.73739  3.18146  2.89801  2.37887  2.77519  2.98518  4.58477  3.61503
          0.01896  4.37071  5.09305  0.61958  0.77255  0.48576  0.95510
    135   2.71171  4.94146  2.37590  1.80584  4.15573  3.48505  3.72163  2.69277  2.53891  3.19489  4.01395  3.00416  3.90141  2.87464  3.01080  2.73170  2.94706  3.26345  5.42385  2.86096    144 e - - -
          2.68618  4.42225  2.77519  2.73123  3.46354  2.40513  3.72494  3.29354  2.67741  2.69355  4.24690  2.90347  2.73739  3.18146  2.89801  2.37887  2.77519  2.98518  4.58477  3.61503
          0.31041  4.37071  1.36958  0.61958  0.77255  0.48576  0.95510
    136   2.79398  5.21614  1.81915  2.23085  4.61537  3.26986  3.75679  4.11429  2.67861  3.63739  4.44934  2.02641  3.84025  2.90902  3.21832  2.00252  3.08407  3.68537  5.80317  4.35830    145 d - - -
          2.68618  4.42225  2.77519  2.73123  3.46354  2.40513  3.72494  3.29354  2.67741  2.69355  4.24690  2.90347  2.73739  3.18146  2.89801  2.37887  2.77519  2.98518  4.58477  3.61503
          0.02530  4.08559  4.80794  0.61958  0.77255  0.32889  1.27197
    137   2.46638  4.43077  3.58343  3.39923  4.76166  1.48606  4.55612  4.25832  3.57512  3.91262  4.71449  3.54384  3.93071  3.82853  3.88575  1.06006  2.98314  3.58873  6.06503  4.85778    146 s - - -
          2.68618  4.42225  2.77519  2.73123  3.46354  2.40513  3.72494  3.29354  2.67741  2.69355  4.24690  2.90347  2.73739  3.18146  2.89801  2.37887  2.77519  2.98518  4.58477  3.61503
          0.01896  4.37071  5.09305  0.61958  0.77255  0.48576  0.95510
    138   1.73905  4.83897  3.14235  2.67369  4.38880  3.42245  3.85477  3.80121  1.69531  3.39043  4.20169  3.13835  3.92999  3.00827  2.96444  2.13453  2.98660  3.40670  5.59091  4.28038    147 k - - -
          2.68618  4.42225  2.77519  2.73123  3.46354  2.40513  3.72494  3.29354  2.67741  2.69355  4.24690  2.90347  2.73739  3.18146  2.89801  2.37887  2.77519  2.98518  4.58477  3.61503
          0.01896  4.37071  5.09305  0.61958  0.77255  0.48576  0.95510
    139   3.31312  4.75469  4.43051  3.97313  2.59517  4.24090  3.95547  3.00163  3.76299  2.43535  2.30394  4.07882  4.59857  4.00012  3.92634  3.58894  3.55397  2.93131  4.27304  1.00183    148 y - - -
          2.68618  4.42225  2.77519  2.73123  3.46354  2.40513  3.72494  3.29354  2.67741  2.69355  4.24690  2.90347  2.73739  3.18146  2.89801  2.37887  2.77519  2.98518  4.58477  3.61503
          0.01896  4.37071  5.09305  0.61958  0.77255  0.48576  0.95510
    140   2.17593  4.91405  2.99284  2.52910  4.30233  3.43974  3.76915  3.72915  2.55177  3.31232  4.11659  2.37190  3.89923  2.30643  3.00218  2.71482  1.94558  3.36081  5.52675  4.18335    149 t - - -
          2.68618  4.42225  2.77519  2.73123  3.46354  2.40513  3.72494  3.29354  2.67741  2.69355  4.24690  2.90347  2.73739  3.18146  2.89801  2.37887  2.77519  2.98518  4.58477  3.61503
          0.01896  4.37071  5.09305  0.61958  0.77255  0.48576  0.95510
    141   3.70532  4.97272  5.28744  4.78659  2.06705  4.89328  4.84853  2.50215  4.63230  0.67891  3.05146  4.91680  5.03769  4.61095  4.65597  4.28647  3.92122  2.71708  4.97228  3.60197    150 L - - -
          2.68618  4.42225  2.77519  2.73123  3.46354  2.40513  3.72494  3.29354  2.67741  2.69355  4.24690  2.90347  2.73739  3.18146  2.89801  2.37887  2.77519  2.98518  4.58477  3.61503
          0.01896  4.37071  5.09305  0.61958  0.77255  0.48576  0.95510
    142   2.79797  5.12040  2.17966  2.43033  4.40366  3.44877  2.10153  3.88798  2.61075  3.44793  4.25626  2.97197  3.92972  2.92951  3.09430  2.78494  1.91982  3.51601  5.62635  4.23360    151 t - - -
          2.68618  4.42225  2.77519  2.73123  3.46354  2.40513  3.72494  3.29354  2.67741  2.69355  4.24690  2.90347  2.73739  3.18146  2.89801  2.37887  2.77519  2.98518  4.58477  3.61503
          0.01896  4.37071  5.09305  0.61958  0.77255  0.48576  0.95510
    143   2.74951  4.86515  3.21492  2.64147  4.13288  3.56295  3.74309  3.51320  2.42519  3.12664  3.96574  3.12885  3.95705  2.32443  1.91486  2.80229  2.36488  2.48311  5.37226  4.07974    152 r - - -
          2.68618  4.42225  2.77519  2.73123  3.46354  2.40513  3.72494  3.29354  2.67741  2.69355  4.24690  2.90347  2.73739  3.18146  2.89801  2.37887  2.77519  2.98518  4.58477  3.61503
          0.01896  4.37071  5.09305  0.61958  0.77255  0.48576  0.95510
    144   1.76519  4.35796  3.77953  3.40808  4.50735  3.15570  4.43196  3.89494  3.40938  3.59628  4.41375  3.53801  3.89805  3.69532  3.72961  1.14196  1.99030  3.35000  5.84833  4.64369    153 s - - -
          2.68618  4.42225  2.77519  2.73123  3.46354  2.40513  3.72494  3.29354  2.67741  2.69355  4.24690  2.90347  2.73739  3.18146  2.89801  2.37887  2.77519  2.98518  4.58477  3.61503
          0.01896  4.37071  5.09305  0.61958  0.77255  0.48576  0.95510
    145   3.01994  2.63099  4.79079  4.23382  3.40391  4.21578  4.68044  2.18507  4.07849  1.18556  3.29376  4.35317  4.57202  4.25827  4.19075  3.56348  3.27813  1.68829  5.17978  4.01589    154 l - - -
          2.68618  4.42225  2.77519  2.73123  3.46354  2.40513  3.72494  3.29354  2.67741  2.69355  4.24690  2.90347  2.73739  3.18146  2.89801  2.37887  2.77519  2.98518  4.58477  3.61503
          0.01896  4.37071  5.09305  0.61958  0.77255  0.48576  0.95510
    146   1.89158  5.16334  3.17020  2.58856  4.52153  3.59033  3.69680  3.93650  1.87981  3.43520  4.23416  3.08834  3.97527  2.24147  2.10255  2.83866  3.06335  3.56824  5.56360  4.25891    155 k - - -
          2.68618  4.42225  2.77519  2.73123  3.46354  2.40513  3.72494  3.29354  2.67741  2.69355  4.24690  2.90347  2.73739  3.18146  2.89801  2.37887  2.77519  2.98518  4.58477  3.61503
          0.15411  4.37071  2.03887  0.61958  0.77255  0.48576  0.95510
    147   1.57343  4.60254  3.25493  2.79394  4.26049  2.28814  3.91917  3.66520  2.68000  3.29175  4.11987  3.19509  3.87651  3.10487  2.18489  2.66312  2.90807  3.26438  5.52129  4.24658    156 a - - -
          2.68618  4.42225  2.77519  2.73123  3.46354  2.40513  3.72494  3.29354  2.67741  2.69355  4.24690  2.90347  2.73739  3.18146  2.89801  2.37887  2.77519  2.98518  4.58477  3.61503
          0.02167  4.23828  4.96062  0.61958  0.77255  0.65670  0.73098
    148   3.52683  4.82528  5.01578  4.53329  1.49377  4.64729  4.48723  2.49556  4.37727  1.03772  3.08855  4.61791  4.85792  4.40802  4.43216  4.02457  3.75015  2.64612  4.66497  3.18064    157 l - - -
          2.68618  4.42225  2.77519  2.73123  3.46354  2.40513  3.72494  3.29354  2.67741  2.69355  4.24690  2.90347  2.73739  3.18146  2.89801  2.37887  2.77519  2.98518  4.58477  3.61503
          0.02167  4.23828  4.96062  0.61958  0.77255  0.39203  1.12603
    149   2.22908  5.27425  2.70531  1.66599  4.59834  3.44300  3.73680  4.07279  2.52687  3.57479  4.35142  2.28836  3.90985  2.25617  3.01825  2.76344  3.05451  3.65974  5.72797  4.31581    158 e - - -
          2.68618  4.42225  2.77519  2.73123  3.46354  2.40513  3.72494  3.29354  2.67741  2.69355  4.24690  2.90347  2.73739  3.18146  2.89801  2.37887  2.77519  2.98518  4.58477  3.61503
          0.01896  4.37071  5.09305  0.61958  0.77255  0.48576  0.95510
    150   2.79549  5.04431  2.93299  2.05669  4.31587  3.51237  3.75881  3.69917  2.49760  3.29741  4.13358  3.03463  3.94879  1.63652  2.91919  2.80361  3.03344  2.51348  5.53347  4.18982    159 q - - -
          2.68618  4.42225  2.77519  2.73123  3.46354  2.40513  3.72494  3.29354  2.67741  2.69355  4.24690  2.90347  2.73739  3.18146  2.89801  2.37887  2.77519  2.98518  4.58477  3.61503
          0.01896  4.37071  5.09305  0.61958  0.77255  0.48576  0.95510
    151   1.89159  4.49694  3.43399  2.32885  3.63594  3.63286  3.89162  2.92485  2.84127  2.17407  2.66070  3.32487  4.02208  3.17081  3.21794  2.88127  2.93228  2.71023  5.08416  3.83714    160 a - - -
          2.68618  4.42225  2.77519  2.73123  3.46354  2.40513  3.72494  3.29354  2.67741  2.69355  4.24690  2.90347  2.73739  3.18146  2.89801  2.37887  2.77519  2.98518  4.58477  3.61503
          0.01896  4.37071  5.09305  0.61958  0.77255  0.48576  0.95510
    152   3.63557  4.89434  5.35850  4.82556  3.28320  4.96906  5.30916  1.72122  4.65391  0.71167  3.06187  5.05847  5.09491  4.71327  4.71625  4.36838  3.86074  2.32913  5.45983  4.40267    161 l - - -
          2.68618  4.42225  2.77519  2.73123  3.46354  2.40513  3.72494  3.29354  2.67741  2.69355  4.24690  2.90347  2.73739  3.18146  2.89801  2.37887  2.77519  2.98518  4.58477  3.61503
          0.01896  4.37071  5.09305  0.61958  0.77255  0.48576  0.95510
    153   2.71974  4.84777  3.25165  2.77660  4.49488  2.38589  3.89950  3.92440  2.53375  3.48473  4.29834  3.20962  3.96686  3.05462  1.44300  2.10678  3.03886  3.50466  5.64658  4.36299    162 r - - -
          2.68618  4.42225  2.77519  2.73123  3.46354  2.40513  3.72494  3.29354  2.67741  2.69355  4.24690  2.90347  2.73739  3.18146  2.89801  2.37887  2.77519  2.98518  4.58477  3.61503
          0.01896  4.37071  5.09305  0.61958  0.77255  0.48576  0.95510
    154   2.64775  4.42474  3.59910  3.13279  3.70690  3.51766  4.07317  3.05039  3.06816  1.45420  3.68880  3.46961  2.60466  3.40273  3.38865  2.17683  2.96357  2.80955  5.17683  3.93325    163 l - - -
          2.68618  4.42225  2.77519  2.73123  3.46354  2.40513  3.72494  3.29354  2.67741  2.69355  4.24690  2.90347  2.73739  3.18146  2.89801  2.37887  2.77519  2.98518  4.58477  3.61503
          0.01896  4.37071  5.09305  0.61958  0.77255  0.48576  0.95510
    155   2.86973  5.19053  3.00235  2.04684  4.55472  3.54984  3.74461  3.98452  2.35432  3.49235  4.29723  3.06094  2.11738  2.87271  1.78566  2.85222  3.09889  3.60924  5.62921  4.30375    164 r - - -
          2.68618  4.42225  2.77519  2.73123  3.46354  2.40513  3.72494  3.29354  2.67741  2.69355  4.24690  2.90347  2.73739  3.18146  2.89801  2.37887  2.77519  2.98518  4.58477  3.61503
          0.01896  4.37071  5.09305  0.61958  0.77255  0.48576  0.95510
    156   3.09636  5.43556  2.56815  0.90792  4.92518  2.19582  4.05041  4.43245  2.99217  3.96217  4.81668  3.03851  4.08057  3.22591  3.50043  3.04407  3.41113  4.00012  6.07118  4.67871    165 e - - -
          2.68618  4.42225  2.77519  2.73123  3.46354  2.40513  3.72494  3.29354  2.67741  2.69355  4.24690  2.90347  2.73739  3.18146  2.89801  2.37887  2.77519  2.98518  4.58477  3.61503
          0.01896  4.37071  5.09305  0.61958  0.77255  0.48576  0.95510
    157   2.82222  4.41483  3.90094  3.38867  3.47086  3.83205  4.19020  2.55748  3.28102  1.37917  3.44632  2.56352  4.23895  3.59790  3.55696  3.14334  3.07858  1.94373  5.06278  3.82619    166 l - - -
          2.68618  4.42225  2.77519  2.73123  3.46354  2.40513  3.72494  3.29354  2.67741  2.69355  4.24690  2.90347  2.73739  3.18146  2.89801  2.37887  2.77519  2.98518  4.58477  3.61503
          0.01896  4.37071  5.09305  0.61958  0.77255  0.48576  0.95510
    158   2.72568  4.34777  3.74996  2.46281  3.36348  3.74200  3.99058  2.74164  3.10129  1.71030  2.54802  3.54366  4.11154  3.39668  3.40135  3.00629  2.95634  2.57011  4.89064  2.66061    167 l - - -
          2.68618  4.42225  2.77519  2.73123  3.46354  2.40513  3.72494  3.29354  2.67741  2.69355  4.24690  2.90347  2.73739  3.18146  2.89801  2.37887  2.77519  2.98518  4.58477  3.61503
          0.15411  4.37071  2.03887  0.61958  0.77255  0.48576  0.95510
    159   3.85813  5.07967  4.77057  4.46516  2.06748  4.53232  3.59497  3.65744  4.21223  2.97579  4.22291  4.20977  4.85335  4.25923  4.25088  3.93195  4.07842  3.55585  1.11157  1.44172    168 w - - -
          2.68618  4.42225  2.77519  2.73123  3.46354  2.40513  3.72494  3.29354  2.67741  2.69355  4.24690  2.90347  2.73739  3.18146  2.89801  2.37887  2.77519  2.98518  4.58477  3.61503
          0.02167  4.23828  4.96062  0.61958  0.77255  0.65670  0.73098
    160   2.78848  5.14536  1.99491  2.34649  4.54065  3.35347  3.79165  4.00095  2.66965  3.55551  4.36383  2.15898  3.88967  2.94022  3.18199  2.76238  1.79143  3.59686  5.74210  4.33238    169 t - - -
          2.68618  4.42225  2.77519  2.73123  3.46354  2.40513  3.72494  3.29354  2.67741  2.69355  4.24690  2.90347  2.73739  3.18146  2.89801  2.37887  2.77519  2.98518  4.58477  3.61503
          0.02167  4.23828  4.96062  0.61958  0.77255  0.65670  0.73098
    161   2.00493  4.81034  3.46627  2.94282  4.39151  3.50054  3.89491  3.74083  2.38599  3.34649  4.23348  3.31786  4.02022  3.07125  1.22629  2.89314  3.10895  3.39361  5.53700  4.31342    170 r - - -
          2.68618  4.42225  2.77519  2.73123  3.46354  2.40513  3.72494  3.29354  2.67741  2.69355  4.24690  2.90347  2.73739  3.18146  2.89801  2.37887  2.77519  2.98518  4.58477  3.61503
          0.02167  4.23828  4.96062  0.61958  0.77255  0.65670  0.73098
    162   2.70946  4.90377  1.92088  2.48561  2.72748  3.46808  3.70265  3.55727  2.52692  3.14611  3.99150  3.00517  3.89399  2.88019  2.32694  2.73465  2.94895  3.24203  5.30288  3.90507    171 d - - -
          2.68618  4.42225  2.77519  2.73123  3.46354  2.40513  3.72494  3.29354  2.67741  2.69355  4.24690  2.90347  2.73739  3.18146  2.89801  2.37887  2.77519  2.98518  4.58477  3.61503
          0.02167  4.23828  4.96062  0.61958  0.77255  0.65670  0.73098
    163   3.25526  5.36050  3.71179  2.98085  4.87555  3.83738  3.72089  4.19869  1.00754  3.59343  4.46929  3.35913  4.18973  2.85041  1.64627  3.23834  3.40069  3.87853  5.59199  4.45936    172 k - - -
          2.68618  4.42225  2.77519  2.73123  3.46354  2.40513  3.72494  3.29354  2.67741  2.69355  4.24690  2.90347  2.73739  3.18146  2.89801  2.37887  2.77519  2.98518  4.58477  3.61503
          0.02167  4.23828  4.96062  0.61958  0.77255  0.65670  0.73098
    164   3.76582  5.06375  4.74619  4.54380  0.56137  4.33956  4.09713  3.26195  4.44623  2.55275  3.94511  4.45401  4.80000  4.51571  4.47442  4.00646  4.07223  3.27728  4.26339  2.59515    173 F - - -
          2.68618  4.42225  2.77519  2.73123  3.46354  2.40513  3.72494  3.29354  2.67741  2.69355  4.24690  2.90347  2.73739  3.18146  2.89801  2.37887  2.77519  2.98518  4.58477  3.61503
          0.02167  4.23828  4.96062  0.61958  0.77255  0.65670  0.73098
    165   3.32598  5.46339  2.71307  0.59809  4.86472  3.55356  4.19424  4.39654  3.12661  3.96055  4.93621  3.21248  4.18077  3.41338  3.56154  3.28028  3.63870  4.04853  5.96465  4.71003    174 E - - -
          2.68618  4.42225  2.77519  2.73123  3.46354  2.40513  3.72494  3.29354  2.67741  2.69355  4.24690  2.90347  2.73739  3.18146  2.89801  2.37887  2.77519  2.98518  4.58477  3.61503
          0.02167  4.23828  4.96062  0.61958  0.77255  0.65670  0.73098
    166   2.67930  5.11120  2.45941  2.35584  4.43390  3.41796  3.63032  3.89707  2.36701  3.40475  4.17027  2.67706  3.83155  2.24987  2.30597  2.65105  2.35016  3.49254  5.55837  4.16981    175 q - - -
          2.68618  4.42225  2.77519  2.73123  3.46354  2.40513  3.72494  3.29354  2.67741  2.69355  4.24690  2.90347  2.73739  3.18146  2.89801  2.37887  2.77519  2.98518  4.58477  3.61503
          0.02167  4.23828  4.96062  0.61958  0.77255  0.65670  0.73098
    167   2.87607  5.24862  3.10457  2.03223  4.64755  3.56884  3.64780  4.06441  1.77086  3.51027  4.30346  3.04467  3.95520  2.15546  1.97946  2.84083  3.07894  3.67441  5.59092  4.29262    176 k - - -
          2.68618  4.42225  2.77519  2.73123  3.46354  2.40513  3.72494  3.29354  2.67741  2.69355  4.24690  2.90347  2.73739  3.18146  2.89801  2.37887  2.77519  2.98518  4.58477  3.61503
          0.02167  4.23828  4.96062  0.61958  0.77255  0.65670  0.73098
    168   3.60555  4.84833  4.83555  4.47328  1.87906  4.46035  3.62468  3.34010  4.29936  2.07952  3.93458  4.20080  4.76284  4.24842  4.29969  3.80461  3.82191  3.22907  2.16418  1.16747    177 y - - -
          2.68618  4.42225  2.77519  2.73123  3.46354  2.40513  3.72494  3.29354  2.67741  2.69355  4.24690  2.90347  2.73739  3.18146  2.89801  2.37887  2.77519  2.98518  4.58477  3.61503
          0.02167  4.23828  4.96062  0.61958  0.77255  0.65670  0.73098
    169   2.78829  5.14175  2.99742  2.48420  4.50996  2.53276  3.65868  3.94215  1.86854  3.43518  4.22581  2.31122  3.90897  2.77776  2.10237  2.76706  3.01108  3.55653  5.56180  4.23250    178 k - - -
          2.68618  4.42225  2.77519  2.73123  3.46354  2.40513  3.72494  3.29354  2.67741  2.69355  4.24690  2.90347  2.73739  3.18146  2.89801  2.37887  2.77519  2.98518  4.58477  3.61503
          0.02167  4.23828  4.96062  0.61958  0.77255  0.65670  0.73098
    170   3.59429  4.95691  4.77696  4.43384  3.31938  4.44322  4.97739  2.55723  4.19940  0.52731  3.25476  4.67501  4.82528  4.47725  4.30915  4.08179  3.87700  2.68666  5.31451  4.11727    179 L - - -
          2.68618  4.42225  2.77519  2.73123  3.46354  2.40513  3.72494  3.29354  2.67741  2.69355  4.24690  2.90347  2.73739  3.18146  2.89801  2.37887  2.77519  2.98518  4.58477  3.61503
          0.02167  4.23828  4.96062  0.61958  0.77255  0.65670  0.73098
    171   2.91147  5.05499  3.12221  2.71392  4.53263  3.53300  3.83609  3.95238  1.42764  3.49035  4.34589  3.17946  1.79836  2.99248  2.68084  2.93582  3.17615  3.59120  5.60985  4.35018    180 k - - -
          2.68618  4.42225  2.77519  2.73123  3.46354  2.40513  3.72494  3.29354  2.67741  2.69355  4.24690  2.90347  2.73739  3.18146  2.89801  2.37887  2.77519  2.98518  4.58477  3.61503
          0.02167  4.23828  4.96062  0.61958  0.77255  0.65670  0.73098
    172   4.01571  5.24563  4.69535  4.50295  3.14036  4.17975  4.42776  4.07535  4.22943  3.39955  4.68860  4.58422  4.73034  4.59663  4.28742  4.21565  4.33819  3.97458  0.38791  3.12600    181 W - - -
          2.68623  4.42230  2.77525  2.73129  3.46359  2.40488  3.72500  3.29359  2.67746  2.69360  4.24695  2.90352  2.73745  3.18152  2.89806  2.37892  2.77525  2.98470  4.58482  3.61508
          0.36333  1.21189  4.96062  0.17393  1.83478  0.65670  0.73098
    173   2.80927  5.05016  1.51401  2.43971  4.55546  3.33368  3.91961  3.94517  2.85548  3.58943  4.44378  2.96965  3.93036  3.09444  3.36124  2.81451  1.66447  3.55345  5.80854  4.41722    183 d - - -
          2.68618  4.42225  2.77519  2.73123  3.46354  2.40513  3.72494  3.29354  2.67741  2.69355  4.24690  2.90347  2.73739  3.18146  2.89801  2.37887  2.77519  2.98518  4.58477  3.61503
          0.02167  4.23828  4.96062  0.61958  0.77255  0.65670  0.73098
    174   2.96822  5.19677  1.78547  2.49160  4.71738  3.37923  4.03187  4.23596  3.01842  3.80654  4.67666  3.03158  1.21856  3.22467  3.53188  2.95460  3.30522  3.81553  5.91587  4.55492    184 p - - -
          2.68618  4.42225  2.77519  2.73123  3.46354  2.40513  3.72494  3.29354  2.67741  2.69355  4.24690  2.90347  2.73739  3.18146  2.89801  2.37887  2.77519  2.98518  4.58477  3.61503
          0.02167  4.23828  4.96062  0.61958  0.77255  0.65670  0.73098
    175   2.61740  4.57796  3.27190  2.72159  3.86449  3.47486  3.79472  3.21106  2.62001  2.89810  3.76275  3.17235  2.70549  3.00878  2.34024  2.73740  2.27349  2.30071  5.21376  3.94168    185 t - - -
          2.68618  4.42225  2.77519  2.73123  3.46354  2.40513  3.72494  3.29354  2.67741  2.69355  4.24690  2.90347  2.73739  3.18146  2.89801  2.37887  2.77519  2.98518  4.58477  3.61503
          0.17798  4.23828  1.90643  0.61958  0.77255  0.65670  0.73098
    176   2.77542  5.00998  3.05897  2.53490  4.36570  3.48787  3.64058  3.78362  2.19139  3.30479  4.12794  3.02332  2.55705  2.12407  1.97935  2.77973  2.99905  3.43351  5.45096  4.15827    186 r - - -
          2.68618  4.42225  2.77519  2.73123  3.46354  2.40513  3.72494  3.29354  2.67741  2.69355  4.24690  2.90347  2.73739  3.18146  2.89801  2.37887  2.77519  2.98518  4.58477  3.61503
          0.02530  4.08559  4.80794  0.61958  0.77255  0.80263  0.59448
    177   2.95194  4.70091  3.66894  3.59802  4.72632  0.46483  4.70031  4.38267  3.80798  4.00836  4.98949  3.83397  4.09853  4.11564  4.01586  3.13078  3.44975  3.86979  5.76011  4.83716    187 G - - -
          2.68618  4.42225  2.77519  2.73123  3.46354  2.40513  3.72494  3.29354  2.67741  2.69355  4.24690  2.90347  2.73739  3.18146  2.89801  2.37887  2.77519  2.98518  4.58477  3.61503
          0.02530  4.08559  4.80794  0.61958  0.77255  0.80263  0.59448
    178   2.77802  4.63951  3.53819  2.96488  3.88692  3.57966  3.85812  3.05891  2.43989  2.81665  3.81587  3.34484  4.02854  3.08102  1.56488  2.92846  3.04254  2.04600  5.24804  4.00005    188 r - - -
          2.68618  4.42225  2.77519  2.73123  3.46354  2.40513  3.72494  3.29354  2.67741  2.69355  4.24690  2.90347  2.73739  3.18146  2.89801  2.37887  2.77519  2.98518  4.58477  3.61503
          0.02530  4.08559  4.80794  0.61958  0.77255  0.53797  0.87691
    179   2.54985  4.37168  3.54153  3.05436  3.76506  3.40624  4.02396  3.03760  2.98535  2.10700  3.72211  3.38742  3.94810  3.32355  3.32158  2.08175  1.72843  2.76888  5.20672  3.96388    189 t - - -
          2.68618  4.42225  2.77519  2.73123  3.46354  2.40513  3.72494  3.29354  2.67741  2.69355  4.24690  2.90347  2.73739  3.18146  2.89801  2.37887  2.77519  2.98518  4.58477  3.61503
          0.02167  4.23828  4.96062  0.61958  0.77255  0.65670  0.73098
    180   2.46254  4.42918  3.36626  3.14123  4.47585  3.14112  4.30696  3.95426  3.24771  3.61686  4.46151  3.38712  1.19124  3.56641  3.57454  1.78881  2.93831  3.41516  5.79640  4.54562    190 p - - -
          2.68618  4.42225  2.77519  2.73123  3.46354  2.40513  3.72494  3.29354  2.67741  2.69355  4.24690  2.90347  2.73739  3.18146  2.89801  2.37887  2.77519  2.98518  4.58477  3.61503
          0.02167  4.23828  4.96062  0.61958  0.77255  0.65670  0.73098
    181   1.49015  4.31277  3.67749  3.22069  3.91712  3.30793  4.17884  3.05996  3.18046  2.92982  3.85203  3.47008  2.40354  3.48556  3.50464  2.69247  2.87004  2.01019  5.36480  4.14227    191 a - - -
          2.68618  4.42225  2.77519  2.73123  3.46354  2.40513  3.72494  3.29354  2.67741  2.69355  4.24690  2.90347  2.73739  3.18146  2.89801  2.37887  2.77519  2.98518  4.58477  3.61503
          0.02167  4.23828  4.96062  0.61958  0.77255  0.65670  0.73098
    182   2.63272  4.69629  3.07893  2.11739  3.97565  3.45265  3.75442  3.31765  2.59330  3.00080  3.84959  3.07440  2.72796  2.93939  3.02913  2.71178  2.29730  2.36938  5.29841  3.99359    192 e - - -
          2.68618  4.42225  2.77519  2.73123  3.46354  2.40513  3.72494  3.29354  2.67741  2.69355  4.24690  2.90347  2.73739  3.18146  2.89801  2.37887  2.77519  2.98518  4.58477  3.61503
          0.02167  4.23828  4.96062  0.61958  0.77255  0.65670  0.73098
    183   1.71557  4.35947  3.44697  3.14101  4.47274  1.51242  4.27666  3.89644  3.23443  3.55996  4.37388  3.36885  2.21239  3.51832  3.58799  2.54550  2.85586  3.34658  5.78753  4.55908    193 g - - -
          2.68618  4.42225  2.77519  2.73123  3.46354  2.40513  3.72494  3.29354  2.67741  2.69355  4.24690  2.90347  2.73739  3.18146  2.89801  2.37887  2.77519  2.98518  4.58477  3.61503
          0.17798  4.23828  1.90643  0.61958  0.77255  0.65670  0.73098
    184   2.82283  5.16285  2.91815  1.93996  4.52072  3.48141  3.62515  3.94435  2.17545  3.42565  4.23423  2.96734  3.89902  2.10386  1.97114  2.79268  3.03698  3.57139  5.53932  4.22696    194 e - - -
          2.68629  4.42236  2.77530  2.73134  3.46365  2.40523  3.72505  3.29365  2.67712  2.69366  4.24700  2.90258  2.73750  3.18157  2.89811  2.37898  2.77487  2.98529  4.58488  3.61514
          0.43015  1.05101        *  0.67732  0.70923  0.00000        *
//
