HMMER3/f [3.3.2 | Nov 2020]
NAME  vHMM_18645
LENG  118
ALPH  amino
RF    no
MM    no
CONS  yes
CS    no
MAP   yes
DATE  Mon Feb 22 12:54:01 2021
NSEQ  224
EFFN  2.580566
CKSUM 3850805063
STATS LOCAL MSV       -9.5886  0.71384
STATS LOCAL VITERBI  -10.4846  0.71384
STATS LOCAL FORWARD   -4.4527  0.71384
CUTOFF SCORE	26.8
TAXON	Tolecusatellitidae
TXID	1993640
PROTEIN	C1
TYPE	Full-length
RANGE	Wide
HMM          A        C        D        E        F        G        H        I        K        L        M        N        P        Q        R        S        T        V        W        Y   
            m->m     m->i     m->d     i->m     i->i     d->m     d->d
  COMPO   2.73008  4.47998  2.91340  2.58939  3.14567  3.21886  3.65407  2.47392  2.69962  2.57984  3.22937  2.97315  3.52612  3.07907  3.02152  2.75680  2.74007  2.55893  5.18095  3.44334
          2.68663  4.42273  2.77568  2.73159  3.46363  2.40565  3.72391  3.29272  2.67732  2.69370  4.24262  2.90309  2.73771  3.18130  2.89794  2.37878  2.77478  2.98553  4.58530  3.61482
          0.23126  1.68185  3.89048  1.99494  0.14621  0.00000        *
      1   3.07475  4.67828  4.20784  3.66237  3.67985  4.01745  4.06459  3.04039  3.19998  2.59576  0.84919  3.93266  4.44144  3.73065  3.18748  3.36586  3.13243  2.91844  5.22978  3.99059     32 m - - -
          2.68618  4.42225  2.77519  2.73123  3.46354  2.40513  3.72494  3.29354  2.67741  2.69355  4.24690  2.90347  2.73739  3.18146  2.89801  2.37887  2.77519  2.98518  4.58477  3.61503
          0.01237  4.79450  5.51685  0.61958  0.77255  0.47271  0.97633
      2   2.79265  4.64528  4.03706  3.59856  4.31309  3.59508  4.53015  3.60819  3.48809  3.24119  3.76402  3.81087  3.75025  3.83920  3.78235  2.79843  0.67448  3.26764  5.73463  4.51449     33 T - - -
          2.68618  4.42225  2.77519  2.73123  3.46354  2.40513  3.72494  3.29354  2.67741  2.69355  4.24690  2.90347  2.73739  3.18146  2.89801  2.37887  2.77519  2.98518  4.58477  3.61503
          0.01220  4.80837  5.53072  0.61958  0.77255  0.49216  0.94496
      3   3.03747  4.56096  4.31483  3.70271  3.70209  4.08798  4.33838  0.93682  3.08829  2.51288  3.65643  3.97199  4.45522  3.75790  2.67893  3.39843  3.05447  2.54508  5.21788  4.02463     34 i - - -
          2.68618  4.42225  2.77519  2.73123  3.46354  2.40513  3.72494  3.29354  2.67741  2.69355  4.24690  2.90347  2.73739  3.18146  2.89801  2.37887  2.77519  2.98518  4.58477  3.61503
          0.01220  4.80837  5.53072  0.61958  0.77255  0.49216  0.94496
      4   2.80668  5.15553  3.12636  2.56861  3.42269  3.43125  3.59018  3.52418  1.74238  3.43398  4.05082  2.99075  3.99824  2.71473  2.44183  2.57537  2.11835  3.48899  5.62496  4.25574     35 k - - -
          2.68618  4.42225  2.77519  2.73123  3.46354  2.40513  3.72494  3.29354  2.67741  2.69355  4.24690  2.90347  2.73739  3.18146  2.89801  2.37887  2.77519  2.98518  4.58477  3.61503
          0.01220  4.80837  5.53072  0.61958  0.77255  0.49216  0.94496
      5   2.83726  4.35356  3.72449  3.16482  3.09886  3.40054  3.53031  3.04586  2.98419  2.75603  3.65316  3.34505  4.19583  3.41454  3.43288  2.74665  3.00018  2.82270  5.06819  1.30304     36 y - - -
          2.68618  4.42225  2.77519  2.73123  3.46354  2.40513  3.72494  3.29354  2.67741  2.69355  4.24690  2.90347  2.73739  3.18146  2.89801  2.37887  2.77519  2.98518  4.58477  3.61503
          0.01220  4.80837  5.53072  0.61958  0.77255  0.49216  0.94496
      6   2.77424  5.27369  2.89219  2.50988  4.19083  3.55551  3.56959  3.90934  1.77211  3.57207  4.31863  2.22798  3.97454  2.70554  2.72868  2.53080  2.28111  3.34293  5.71569  4.31489     37 k - - -
          2.68618  4.42225  2.77519  2.73123  3.46354  2.40513  3.72494  3.29354  2.67741  2.69355  4.24690  2.90347  2.73739  3.18146  2.89801  2.37887  2.77519  2.98518  4.58477  3.61503
          0.01220  4.80837  5.53072  0.61958  0.77255  0.49216  0.94496
      7   2.96644  5.26379  2.87237  2.65079  4.61275  3.63849  3.98107  4.00252  2.79247  3.39269  4.42909  1.06253  4.11882  2.97877  3.26469  2.88674  2.41053  3.68316  5.82273  4.45028     38 n - - -
          2.68618  4.42225  2.77519  2.73123  3.46354  2.40513  3.72494  3.29354  2.67741  2.69355  4.24690  2.90347  2.73739  3.18146  2.89801  2.37887  2.77519  2.98518  4.58477  3.61503
          0.01220  4.80837  5.53072  0.61958  0.77255  0.48179  0.96149
      8   2.64502  5.30572  2.97536  2.39365  4.64757  2.92928  3.76532  4.13077  1.97003  3.60930  4.21463  2.38350  3.94205  2.52302  2.42746  2.41264  2.43899  3.69468  5.74003  4.33171     39 k - - -
          2.68618  4.42225  2.77519  2.73123  3.46354  2.40513  3.72494  3.29354  2.67741  2.69355  4.24690  2.90347  2.73739  3.18146  2.89801  2.37887  2.77519  2.98518  4.58477  3.61503
          0.01216  4.81112  5.53347  0.61958  0.77255  0.48576  0.95510
      9   2.81893  5.26322  3.09573  2.31842  4.58732  3.42474  3.77557  4.05313  1.38119  3.24414  4.10622  2.64666  3.99120  2.83044  2.50709  2.70026  2.96916  3.64285  4.76160  3.98574     40 k - - -
          2.68618  4.42225  2.77519  2.73123  3.46354  2.40513  3.72494  3.29354  2.67741  2.69355  4.24690  2.90347  2.73739  3.18146  2.89801  2.37887  2.77519  2.98518  4.58477  3.61503
          0.01216  4.81112  5.53347  0.61958  0.77255  0.48576  0.95510
     10   3.18723  5.30575  3.01226  2.75792  4.78295  0.63432  4.37822  4.37587  3.31225  3.97948  4.85464  3.15802  4.33694  3.60546  3.73191  3.23475  3.55960  3.96773  6.10022  3.97689     41 G - - -
          2.68618  4.42225  2.77519  2.73123  3.46354  2.40513  3.72494  3.29354  2.67741  2.69355  4.24690  2.90347  2.73739  3.18146  2.89801  2.37887  2.77519  2.98518  4.58477  3.61503
          0.01216  4.81112  5.53347  0.61958  0.77255  0.48576  0.95510
     11   2.84078  4.24755  4.32819  3.99756  3.33380  3.99013  4.31377  1.96123  3.57274  1.65523  1.99721  4.08140  4.35354  3.70299  3.90625  3.13742  3.07301  1.99562  4.87178  3.69168     42 l - - -
          2.68620  4.42227  2.77522  2.73125  3.46341  2.40507  3.72497  3.29356  2.67743  2.69357  4.24692  2.90349  2.73734  3.18149  2.89803  2.37889  2.77514  2.98516  4.58479  3.61505
          0.06414  3.15874  3.92964  0.65193  0.73614  0.48576  0.95510
     12   2.79739  5.19620  3.09320  1.86553  4.11582  3.58939  3.43843  3.88372  2.06978  3.06631  4.16058  3.07321  3.98163  2.78749  2.52217  2.40395  2.71040  2.73928  5.65568  4.10279     45 e - - -
          2.68618  4.42225  2.77519  2.73123  3.46354  2.40513  3.72494  3.29354  2.67741  2.69355  4.24690  2.90347  2.73739  3.18146  2.89801  2.37887  2.77519  2.98518  4.58477  3.61503
          0.01236  4.79530  5.51764  0.61958  0.77255  0.52176  0.90012
     13   4.09665  5.32451  5.27146  4.93956  0.47072  4.92068  3.56804  3.67568  4.72980  2.85941  4.32269  4.64997  5.22030  4.69500  4.72579  4.28078  4.31640  3.31310  4.18953  2.41112     46 F - - -
          2.68618  4.42225  2.77519  2.73123  3.46354  2.40513  3.72494  3.29354  2.67741  2.69355  4.24690  2.90347  2.73739  3.18146  2.89801  2.37887  2.77519  2.98518  4.58477  3.61503
          0.01236  4.79530  5.51764  0.61958  0.77255  0.51434  0.91105
     14   2.80654  4.52651  3.69245  3.11496  3.66351  3.78902  4.04092  1.65221  2.57229  2.64272  3.43277  3.19554  3.85077  3.21928  3.18201  3.03146  2.12686  2.47407  5.10848  3.87525     47 i - - -
          2.68618  4.42225  2.77519  2.73123  3.46353  2.40512  3.72494  3.29354  2.67741  2.69355  4.24690  2.90347  2.73739  3.18146  2.89800  2.37887  2.77519  2.98518  4.58477  3.61503
          0.01272  4.75268  5.51964  0.62889  0.76182  0.46652  0.98666
     15   3.23014  4.26410  5.26541  4.71644  3.53460  4.66320  5.13146  0.83687  4.57954  2.40649  3.73638  4.80004  4.97435  4.77016  4.67164  3.64758  3.51333  1.48831  5.60321  4.40713     52 i - - -
          2.68618  4.42225  2.77519  2.73123  3.46354  2.40513  3.72494  3.29354  2.67741  2.69355  4.24690  2.90347  2.73739  3.18146  2.89801  2.37887  2.77519  2.98518  4.58477  3.61503
          0.01216  4.81112  5.53347  0.61958  0.77255  0.48576  0.95510
     16   3.03094  5.56927  1.30751  2.39453  4.88874  3.62270  3.63715  4.38543  2.56675  3.86348  4.63022  1.88075  4.10507  3.04365  3.28790  2.59194  3.27764  3.94899  6.00265  4.05390     53 d - - -
          2.68618  4.42225  2.77519  2.73123  3.46354  2.40513  3.72494  3.29354  2.67741  2.69355  4.24690  2.90347  2.73739  3.18146  2.89801  2.37887  2.77519  2.98518  4.58477  3.61503
          0.01216  4.81112  5.53347  0.61958  0.77255  0.48576  0.95510
     17   2.99091  4.52472  4.90397  4.34341  3.42960  4.39201  4.82235  2.22280  4.20755  2.48631  3.58812  4.48061  4.74616  4.42085  4.34492  3.44922  3.19838  0.70478  5.34937  4.19587     54 v - - -
          2.68618  4.42225  2.77519  2.73123  3.46354  2.40513  3.72494  3.29354  2.67741  2.69355  4.24690  2.90347  2.73739  3.18146  2.89801  2.37887  2.77519  2.98518  4.58477  3.61503
          0.01216  4.81112  5.53347  0.61958  0.77255  0.48576  0.95510
     18   2.83940  5.18025  3.16599  2.60105  3.80581  3.63414  3.41350  3.91222  1.94388  3.29757  3.91983  3.01394  3.98995  2.74784  1.54308  2.83525  2.86882  3.54276  5.63862  3.70235     55 r - - -
          2.68619  4.42226  2.77520  2.73124  3.46355  2.40514  3.72495  3.29355  2.67742  2.69356  4.24690  2.90347  2.73740  3.18147  2.89793  2.37882  2.77520  2.98519  4.58478  3.61504
          0.04960  3.82242  3.62990  0.63716  0.75246  0.48576  0.95510
     19   3.03485  4.43414  4.73647  4.14486  3.18949  4.19160  3.99750  2.31987  3.97788  0.85115  3.33619  4.26224  4.52896  4.14208  4.07208  3.28597  3.26574  2.30807  5.01264  3.82762     58 l - - -
          2.68618  4.42225  2.77519  2.73123  3.46354  2.40513  3.72494  3.29354  2.67741  2.69355  4.24690  2.90347  2.73739  3.18146  2.89801  2.37887  2.77519  2.98518  4.58477  3.61503
          0.01245  4.78830  5.51064  0.61958  0.77255  0.48630  0.95425
     20   2.79899  4.56542  3.07398  2.32072  4.16367  3.58302  3.24800  3.77797  1.99773  3.53920  3.28394  2.82106  3.73402  2.29704  2.18524  2.65794  2.81579  3.55973  5.65326  3.97854     59 k - - -
          2.68618  4.42225  2.77519  2.73123  3.46354  2.40513  3.72494  3.29354  2.67741  2.69355  4.24690  2.90347  2.73739  3.18146  2.89801  2.37887  2.77519  2.98518  4.58477  3.61503
          0.04112  4.80225  3.43955  0.61958  0.77255  0.47321  0.97551
     21   2.64011  5.29679  2.84189  1.88992  4.21058  2.39007  3.71268  4.12180  2.32858  3.60049  4.33861  2.75608  3.34497  2.38223  2.93561  2.48355  2.81463  3.68547  5.73157  4.31191     60 e - - -
          2.68618  4.42225  2.77519  2.73123  3.46354  2.40513  3.72494  3.29354  2.67741  2.69355  4.24690  2.90347  2.73739  3.18146  2.89801  2.37887  2.77519  2.98518  4.58477  3.61503
          0.05425  4.78288  3.11371  0.61958  0.77255  0.49793  0.93595
     22   2.62473  4.57201  1.92237  2.06935  4.60936  2.96658  3.52285  3.81843  2.48705  3.40420  4.31642  2.63774  3.35739  2.60890  2.97856  2.74967  2.73820  3.65909  5.71129  4.30547     61 d - - -
          2.68618  4.42225  2.77519  2.73123  3.46354  2.40513  3.72494  3.29354  2.67741  2.69355  4.24690  2.90347  2.73739  3.18146  2.89801  2.37887  2.77519  2.98518  4.58477  3.61503
          0.08919  4.75629  2.56751  0.61958  0.77255  0.55234  0.85708
     23   2.73966  5.19780  2.61056  2.36955  3.83358  3.54648  3.73687  3.37789  2.25634  3.31270  3.50553  2.14310  3.93921  2.59056  2.56954  2.55976  2.67285  3.56728  5.64864  4.08394     62 n - - -
          2.68618  4.42225  2.77519  2.73123  3.46354  2.40513  3.72494  3.29354  2.67741  2.69355  4.24690  2.90347  2.73739  3.18146  2.89801  2.37887  2.77519  2.98518  4.58477  3.61503
          0.01365  4.69650  5.41884  0.61958  0.77255  0.40455  1.10045
     24   2.80727  5.10486  3.15268  2.46936  2.82210  3.61616  3.41918  3.59395  2.19679  3.35654  4.16705  3.12331  4.00674  2.90424  2.29444  1.76975  2.83822  3.41048  5.58410  4.22817     63 s - - -
          2.68618  4.42225  2.77519  2.73123  3.46354  2.40513  3.72494  3.29354  2.67741  2.69355  4.24690  2.90347  2.73739  3.18146  2.89801  2.37887  2.77519  2.98518  4.58477  3.61503
          0.01234  4.79729  5.51964  0.61958  0.77255  0.46652  0.98666
     25   3.16656  4.49519  5.10947  4.52563  2.55996  4.42627  4.79586  1.13467  4.35094  2.11350  3.49051  4.56876  4.74657  4.48941  4.39325  3.75605  3.19772  1.56170  5.24628  3.70291     64 i - - -
          2.68618  4.42225  2.77519  2.73123  3.46354  2.40513  3.72494  3.29354  2.67741  2.69355  4.24690  2.90347  2.73739  3.18146  2.89801  2.37887  2.77519  2.98518  4.58477  3.61503
          0.01216  4.81112  5.53347  0.61958  0.77255  0.48576  0.95510
     26   2.81186  4.47142  3.56661  3.22575  3.10706  3.81808  4.08144  2.23506  2.86576  2.05378  2.68112  2.93819  4.19538  3.45788  2.97142  2.20642  2.88191  2.63799  5.06126  3.83814     65 l - - -
          2.68618  4.42225  2.77519  2.73123  3.46354  2.40513  3.72494  3.29354  2.67741  2.69355  4.24690  2.90347  2.73739  3.18146  2.89801  2.37887  2.77519  2.98518  4.58477  3.61503
          0.01216  4.81112  5.53347  0.61958  0.77255  0.48576  0.95510
     27   2.89209  3.21948  4.68024  4.08694  3.42042  3.73313  4.41086  2.30098  3.91632  2.39632  3.42495  4.16343  4.42401  4.09063  3.99858  3.19156  2.99051  0.97879  4.96614  3.52879     66 v - - -
          2.68618  4.42225  2.77519  2.73123  3.46354  2.40513  3.72494  3.29354  2.67741  2.69355  4.24690  2.90347  2.73739  3.18146  2.89801  2.37887  2.77519  2.98518  4.58477  3.61503
          0.01216  4.81112  5.53347  0.61958  0.77255  0.48576  0.95510
     28   2.80317  5.29660  2.94296  2.16515  4.63500  3.57917  2.68657  3.60316  2.13004  3.23986  4.33915  2.88444  3.97243  1.96364  2.67645  2.61811  2.81327  3.68368  5.73298  4.03189     67 q - - -
          2.68618  4.42225  2.77519  2.73123  3.46354  2.40513  3.72494  3.29354  2.67741  2.69355  4.24690  2.90347  2.73739  3.18146  2.89801  2.37887  2.77519  2.98518  4.58477  3.61503
          0.01216  4.81112  5.53347  0.61958  0.77255  0.48576  0.95510
     29   3.26687  4.76667  5.54065  5.01030  3.88904  4.97246  5.48233  0.94680  4.89482  2.08794  2.60946  5.11874  5.21834  5.05282  4.97937  4.34932  3.76493  1.40526  5.83851  4.68095     68 i - - -
          2.68618  4.42225  2.77519  2.73123  3.46354  2.40513  3.72494  3.29354  2.67741  2.69355  4.24690  2.90347  2.73739  3.18146  2.89801  2.37887  2.77519  2.98518  4.58477  3.61503
          0.05477  4.81112  3.09753  0.61958  0.77255  0.48576  0.95510
     30   2.78572  5.30163  2.38294  1.94122  4.64517  3.39448  3.55195  3.84785  2.35875  3.60556  4.34326  3.02908  3.95987  2.03080  2.26329  2.63885  2.91602  3.69156  5.73425  4.32468     69 e - - -
          2.68618  4.42225  2.77519  2.73123  3.46354  2.40513  3.72494  3.29354  2.67741  2.69355  4.24690  2.90347  2.73739  3.18146  2.89801  2.37887  2.77519  2.98518  4.58477  3.61503
          0.01269  4.76904  5.49139  0.61958  0.77255  0.57761  0.82379
     31   2.95245  4.45933  5.03719  4.43092  2.42684  4.31209  4.64115  2.16355  4.23751  1.17517  2.72580  4.46171  4.62512  4.33325  4.24972  3.63235  3.33747  1.84220  5.06296  3.60009     70 l - - -
          2.68619  4.42226  2.77521  2.73124  3.46355  2.40514  3.72496  3.29355  2.67735  2.69356  4.24691  2.90348  2.73741  3.18148  2.89802  2.37888  2.77521  2.98510  4.58478  3.61487
          0.05720  2.96679  5.49139  0.37148  1.17026  0.43233  1.04695
     32   2.65448  3.29393  4.61982  4.01519  1.82859  3.96857  4.29376  2.16522  3.83458  2.24251  3.33719  4.07637  3.94903  3.99601  3.89987  2.62701  2.37009  2.31400  4.83873  3.07956     72 f - - -
          2.68618  4.42225  2.77519  2.73123  3.46354  2.40513  3.72494  3.29354  2.67741  2.69355  4.24690  2.90347  2.73739  3.18146  2.89801  2.37887  2.77519  2.98518  4.58477  3.61503
          0.01216  4.81112  5.53347  0.61958  0.77255  0.48576  0.95510
     33   2.50777  4.46931  3.04323  2.53650  4.34706  3.61952  3.82090  3.77749  2.60039  3.21435  4.15025  3.01932  4.01194  2.77116  2.86728  1.32950  2.83995  3.43027  5.57240  3.91383     73 s - - -
          2.68618  4.42225  2.77519  2.73123  3.46354  2.40513  3.72494  3.29354  2.67741  2.69355  4.24690  2.90347  2.73739  3.18146  2.89801  2.37887  2.77519  2.98518  4.58477  3.61503
          0.01216  4.81112  5.53347  0.61958  0.77255  0.48576  0.95510
     34   2.84625  5.02313  3.03562  2.72162  4.28763  3.66074  3.66503  3.46473  2.76759  3.31856  4.14842  2.90082  4.09565  2.98230  3.21563  2.82000  1.08949  3.38340  5.57517  4.25089     74 t - - -
          2.68618  4.42225  2.77519  2.73123  3.46354  2.40513  3.72494  3.29354  2.67741  2.69355  4.24690  2.90347  2.73739  3.18146  2.89801  2.37887  2.77519  2.98518  4.58477  3.61503
          0.01216  4.81112  5.53347  0.61958  0.77255  0.48576  0.95510
     35   2.78820  5.34615  3.14971  2.58291  4.70099  2.93028  3.57560  4.16500  1.78900  3.63819  4.33216  2.55058  4.03395  2.69247  1.68113  2.75746  2.98941  3.74370  5.75766  4.38142     75 r - - -
          2.68618  4.42225  2.77519  2.73123  3.46354  2.40513  3.72494  3.29354  2.67741  2.69355  4.24690  2.90347  2.73739  3.18146  2.89801  2.37887  2.77519  2.98518  4.58477  3.61503
          0.01216  4.81112  5.53347  0.61958  0.77255  0.48576  0.95510
     36   2.33302  5.26648  3.07194  2.19512  4.58939  3.59210  3.40567  4.05793  2.40205  3.56149  4.31528  3.06966  3.98804  2.57036  2.90771  1.58060  2.58984  3.64564  5.71261  4.31808     76 s - - -
          2.68618  4.42225  2.77519  2.73123  3.46354  2.40513  3.72494  3.29354  2.67741  2.69355  4.24690  2.90347  2.73739  3.18146  2.89801  2.37887  2.77519  2.98518  4.58477  3.61503
          0.02617  4.81112  4.03485  0.61958  0.77255  0.48576  0.95510
     37   2.29134  5.10045  3.23140  2.81853  4.52155  3.66739  4.03274  3.93647  2.66148  3.52065  4.35231  3.12487  1.11461  3.03075  3.00670  2.92990  3.18038  3.58018  5.74639  4.43445     77 p - - -
          2.68618  4.42225  2.77519  2.73123  3.46354  2.40513  3.72494  3.29354  2.67741  2.69355  4.24690  2.90347  2.73739  3.18146  2.89801  2.37887  2.77519  2.98518  4.58477  3.61503
          0.01234  4.79729  5.51964  0.61958  0.77255  0.51733  0.90662
     38   1.56574  3.90689  4.34146  3.75136  2.83370  3.92287  4.23146  2.43174  3.62050  2.46361  3.38514  3.66015  4.29194  3.58148  3.77841  2.88966  2.79310  1.98215  4.88280  2.89277     78 a - - -
          2.68618  4.42225  2.77519  2.73123  3.46354  2.40513  3.72494  3.29354  2.67741  2.69355  4.24690  2.90347  2.73739  3.18146  2.89801  2.37887  2.77519  2.98518  4.58477  3.61503
          0.01234  4.79729  5.51964  0.61958  0.77255  0.46652  0.98666
     39   3.15246  3.98683  5.03539  4.43822  3.43327  4.36474  4.70818  2.11113  4.25868  0.90622  2.50059  4.49752  4.67993  4.37621  4.28242  3.42472  3.38321  2.22742  5.15166  4.00993     79 l - - -
          2.68618  4.42225  2.77519  2.73123  3.46354  2.40513  3.72494  3.29354  2.67741  2.69355  4.24690  2.90347  2.73739  3.18146  2.89801  2.37887  2.77519  2.98518  4.58477  3.61503
          0.02617  4.81112  4.03485  0.61958  0.77255  0.48576  0.95510
     40   2.00154  4.57889  3.60170  3.03611  3.72449  3.76212  3.19546  2.38921  2.99767  2.62364  3.47589  3.46387  4.14320  2.92561  3.21850  2.20426  2.47150  2.47136  5.15359  3.90913     80 a - - -
          2.68618  4.42225  2.77519  2.73123  3.46354  2.40513  3.72494  3.29354  2.67741  2.69355  4.24690  2.90347  2.73739  3.18146  2.89801  2.37887  2.77519  2.98518  4.58477  3.61503
          0.01234  4.79729  5.51964  0.61958  0.77255  0.51733  0.90662
     41   2.64385  4.48371  3.14508  2.58663  4.38491  3.03494  3.80628  3.60518  1.43522  3.24062  3.87266  3.00474  4.00282  2.92195  2.54134  2.76730  2.57864  3.46357  5.59068  4.06505     81 k - - -
          2.68618  4.42225  2.77519  2.73123  3.46354  2.40513  3.72494  3.29354  2.67741  2.69355  4.24690  2.90347  2.73739  3.18146  2.89801  2.37887  2.77519  2.98518  4.58477  3.61503
          0.01234  4.79729  5.51964  0.61958  0.77255  0.51733  0.90662
     42   2.55536  5.24230  3.07379  2.39731  3.67511  3.41233  3.35162  3.59842  1.80957  3.53598  4.29009  2.89253  3.97488  2.50068  2.24735  2.62080  2.85823  3.61868  5.69089  3.49525     82 k - - -
          2.68618  4.42225  2.77519  2.73123  3.46354  2.40513  3.72494  3.29354  2.67741  2.69355  4.24690  2.90347  2.73739  3.18146  2.89801  2.37887  2.77519  2.98518  4.58477  3.61503
          0.01234  4.79729  5.51964  0.61958  0.77255  0.46652  0.98666
     43   2.80903  5.29667  2.86468  2.39222  4.63471  3.58459  3.63917  3.80967  1.72805  3.42544  4.24581  2.83197  3.97747  2.55987  2.36840  2.75489  2.10752  3.68366  5.73209  4.28144     83 k - - -
          2.68618  4.42225  2.77519  2.73123  3.46354  2.40513  3.72494  3.29354  2.67741  2.69355  4.24690  2.90347  2.73739  3.18146  2.89801  2.37887  2.77519  2.98518  4.58477  3.61503
          0.01216  4.81112  5.53347  0.61958  0.77255  0.48576  0.95510
     44   2.82382  3.24248  4.51843  3.92161  1.47943  3.46379  4.27164  2.44553  3.76034  2.43907  3.36520  4.02846  4.32634  3.94100  3.59806  2.97895  2.93333  2.49723  4.84883  2.36437     84 f - - -
          2.68618  4.42225  2.77519  2.73123  3.46354  2.40513  3.72494  3.29354  2.67741  2.69355  4.24690  2.90347  2.73739  3.18146  2.89801  2.37887  2.77519  2.98518  4.58477  3.61503
          0.01216  4.81112  5.53347  0.61958  0.77255  0.48576  0.95510
     45   2.80749  4.67326  3.31503  2.85570  3.84761  3.70990  3.48961  2.35176  2.58655  2.68544  2.57527  2.68866  3.80975  3.10137  2.71604  2.56351  2.55234  2.71704  5.29151  4.01527     85 i - - -
          2.68618  4.42225  2.77519  2.73123  3.46354  2.40513  3.72494  3.29354  2.67741  2.69355  4.24690  2.90347  2.73739  3.18146  2.89801  2.37887  2.77519  2.98518  4.58477  3.61503
          0.01216  4.81112  5.53347  0.61958  0.77255  0.48576  0.95510
     46   3.35011  4.65197  5.23305  4.67891  3.73213  4.68902  5.12295  0.75558  4.53954  2.07908  3.38013  4.11257  4.95270  4.72405  4.64302  4.03636  3.59248  1.83849  5.58426  4.40571     86 i - - -
          2.68618  4.42225  2.77519  2.73123  3.46354  2.40513  3.72494  3.29354  2.67741  2.69355  4.24690  2.90347  2.73739  3.18146  2.89801  2.37887  2.77519  2.98518  4.58477  3.61503
          0.01216  4.81112  5.53347  0.61958  0.77255  0.48576  0.95510
     47   2.92317  5.24842  2.72288  2.61190  4.52739  3.64998  3.62531  3.96918  2.52072  3.52366  4.32063  3.14877  1.21252  2.97453  2.98265  2.87775  3.02341  3.60782  5.71826  3.96272     87 p - - -
          2.68618  4.42225  2.77519  2.73123  3.46354  2.40513  3.72494  3.29354  2.67741  2.69355  4.24690  2.90347  2.73739  3.18146  2.89801  2.37887  2.77519  2.98518  4.58477  3.61503
          0.01216  4.81112  5.53347  0.61958  0.77255  0.48576  0.95510
     48   3.19703  4.45465  3.86163  3.86565  3.06915  4.17370  4.19656  2.92093  3.75409  2.83676  3.85940  4.06531  4.57754  3.99574  3.97675  3.49122  3.45275  2.64247  4.68398  0.76684     88 y - - -
          2.68621  4.42228  2.77523  2.73126  3.46342  2.40516  3.72498  3.29344  2.67737  2.69351  4.24693  2.90350  2.73743  3.18149  2.89787  2.37885  2.77523  2.98521  4.58480  3.61506
          0.05477  3.33510  4.03485  0.90707  0.51702  0.48576  0.95510
     49   2.70775  5.24023  2.95051  2.46949  4.55531  1.75221  3.70746  4.01697  2.49523  3.53642  4.29986  2.85726  3.99548  2.91155  2.73773  2.29175  2.30423  3.61697  5.70169  4.31261     93 g - - -
          2.68618  4.42225  2.77519  2.73123  3.46354  2.40513  3.72494  3.29354  2.67741  2.69355  4.24690  2.90347  2.73739  3.18146  2.89801  2.37887  2.77519  2.98518  4.58477  3.61503
          0.01234  4.79729  5.51964  0.61958  0.77255  0.51733  0.90662
     50   2.84291  4.03365  4.10409  3.54235  2.68044  3.99046  1.37520  2.87713  3.44828  2.71022  3.64564  3.82498  4.36015  3.70631  3.46009  3.26278  3.20105  2.80788  4.75501  2.12431     94 h - - -
          2.68624  4.42231  2.77526  2.73130  3.46330  2.40509  3.72501  3.29348  2.67747  2.69361  4.24696  2.90336  2.73739  3.18153  2.89807  2.37878  2.77518  2.98515  4.58483  3.61492
          0.04094  3.32127  5.51964  1.33405  0.30572  0.46652  0.98666
     51   2.62848  5.31156  2.23434  2.12799  4.65440  3.05005  3.21428  4.13916  2.50266  3.61588  4.35300  2.54691  3.97156  2.20093  2.80950  2.53264  2.84334  3.21803  5.74539  4.33517    107 e - - -
          2.68618  4.42225  2.77519  2.73123  3.46354  2.40513  3.72494  3.29354  2.67741  2.69355  4.24690  2.90347  2.73739  3.18146  2.89801  2.37887  2.77519  2.98518  4.58477  3.61503
          0.01216  4.81112  5.53347  0.61958  0.77255  0.48576  0.95510
     52   2.66491  5.30351  2.69460  2.16937  4.63021  1.61317  3.76043  4.10493  2.54176  3.60044  4.35110  2.94676  3.99429  2.38746  2.83113  2.79954  3.06477  3.68469  4.76107  4.34319    108 g - - -
          2.68618  4.42225  2.77519  2.73123  3.46354  2.40513  3.72494  3.29354  2.67741  2.69355  4.24690  2.90347  2.73739  3.18146  2.89801  2.37887  2.77519  2.98518  4.58477  3.61503
          0.01216  4.81112  5.53347  0.61958  0.77255  0.48576  0.95510
     53   2.86484  4.25747  4.68529  4.08178  3.03154  4.02618  3.95102  1.23640  3.89921  1.99671  2.81065  3.55101  4.38618  4.05681  3.95974  3.33289  3.07335  2.12692  4.88562  3.70664    109 i - - -
          2.68618  4.42225  2.77519  2.73123  3.46354  2.40513  3.72494  3.29354  2.67741  2.69355  4.24690  2.90347  2.73739  3.18146  2.89801  2.37887  2.77519  2.98518  4.58477  3.61503
          0.01216  4.81112  5.53347  0.61958  0.77255  0.48576  0.95510
     54   2.72068  4.29182  4.28660  3.48030  3.18780  3.92065  2.99647  1.31724  3.57627  2.33985  3.17260  3.82678  4.28998  3.65109  3.52461  3.20693  2.79666  2.23916  4.90376  3.71214    110 i - - -
          2.68618  4.42225  2.77519  2.73123  3.46354  2.40513  3.72494  3.29354  2.67741  2.69355  4.24690  2.90347  2.73739  3.18146  2.89801  2.37887  2.77519  2.98518  4.58477  3.61503
          0.02617  4.81112  4.03485  0.61958  0.77255  0.48576  0.95510
     55   2.33526  4.58865  3.58846  2.81323  3.73613  3.19197  4.00303  2.33715  2.98596  2.71523  3.31382  3.45458  1.96383  3.08134  3.21139  2.99547  2.86826  2.50152  5.16227  3.91598    111 p - - -
          2.68618  4.42225  2.77519  2.73123  3.46354  2.40513  3.72494  3.29354  2.67741  2.69355  4.24690  2.90347  2.73739  3.18146  2.89801  2.37887  2.77519  2.98518  4.58477  3.61503
          0.01234  4.79729  5.51964  0.61958  0.77255  0.51733  0.90662
     56   2.99677  5.01452  3.46189  3.20370  4.81661  3.64154  4.38683  4.24775  3.09162  3.85140  4.70286  3.58285  0.70193  3.29285  3.14127  2.91005  3.13736  3.80548  6.04428  4.78582    112 p - - -
          2.68620  4.42227  2.77521  2.73125  3.46356  2.40514  3.72496  3.29330  2.67742  2.69357  4.24691  2.90348  2.73734  3.18148  2.89802  2.37888  2.77514  2.98520  4.58479  3.61505
          0.02654  3.80859  5.51964  0.85680  0.55255  0.46652  0.98666
     57   3.24574  4.63792  4.90116  4.35920  0.84635  4.36836  4.51962  2.43261  4.19790  2.30243  3.55370  4.42713  4.72232  4.34518  4.29218  3.19167  3.49172  2.40439  4.91183  3.49241    117 f - - -
          2.68618  4.42225  2.77519  2.73123  3.46354  2.40513  3.72494  3.29354  2.67741  2.69355  4.24690  2.90347  2.73739  3.18146  2.89801  2.37887  2.77519  2.98518  4.58477  3.61503
          0.02617  4.81112  4.03485  0.61958  0.77255  0.48576  0.95510
     58   3.07936  5.58813  1.02610  2.43891  4.88761  3.50200  3.98162  4.38118  2.83052  3.57324  4.66134  2.18357  4.13462  3.11119  3.16438  3.01404  3.33053  3.96132  6.02917  4.04444    118 d - - -
          2.68618  4.42225  2.77519  2.73123  3.46354  2.40513  3.72494  3.29354  2.67741  2.69355  4.24690  2.90347  2.73739  3.18146  2.89801  2.37887  2.77519  2.98518  4.58477  3.61503
          0.01234  4.79729  5.51964  0.61958  0.77255  0.51733  0.90662
     59   3.32294  4.69058  4.90505  4.37288  0.76337  4.39978  4.25198  2.84270  4.18282  2.31590  3.63847  4.37158  4.73026  4.30094  3.77940  3.67138  3.55040  2.75693  3.95980  3.01411    119 f - - -
          2.68618  4.42225  2.77519  2.73123  3.46354  2.40513  3.72494  3.29354  2.67741  2.69355  4.24690  2.90347  2.73739  3.18146  2.89801  2.37887  2.77519  2.98518  4.58477  3.61503
          0.01234  4.79729  5.51964  0.61958  0.77255  0.51733  0.90662
     60   3.06677  5.33110  2.79965  2.67878  4.65358  3.66641  4.06263  3.40567  2.90153  3.68319  4.51633  0.87253  4.18345  3.04747  3.37086  3.06261  3.14059  3.73257  5.89348  4.51661    120 n - - -
          2.68618  4.42225  2.77519  2.73123  3.46354  2.40513  3.72494  3.29354  2.67741  2.69355  4.24690  2.90347  2.73739  3.18146  2.89801  2.37887  2.77519  2.98518  4.58477  3.61503
          0.01234  4.79729  5.51964  0.61958  0.77255  0.51733  0.90662
     61   2.42794  5.27681  2.80002  2.37401  4.60486  1.87434  3.78361  4.07787  2.53257  3.57729  4.32835  2.38989  3.98281  2.87651  2.78209  2.30613  2.90208  3.56146  5.72571  4.24800    121 g - - -
          2.68618  4.42225  2.77519  2.73123  3.46353  2.40513  3.72494  3.29354  2.67741  2.69355  4.24690  2.90347  2.73739  3.18146  2.89801  2.37887  2.77519  2.98518  4.58477  3.61503
          0.01272  4.75268  5.51964  0.62020  0.77183  0.46652  0.98666
     62   2.72518  4.27742  4.37424  3.78368  3.06992  3.61908  4.25065  2.46764  3.64840  1.18882  3.22192  3.95569  4.30799  3.60090  3.79987  2.96115  2.35214  2.51104  4.89276  3.70499    124 l - - -
          2.68618  4.42225  2.77519  2.73123  3.46354  2.40513  3.72494  3.29354  2.67741  2.69355  4.24690  2.90347  2.73739  3.18146  2.89801  2.37887  2.77519  2.98518  4.58477  3.61503
          0.01216  4.81112  5.53347  0.61958  0.77255  0.48576  0.95510
     63   3.03230  4.45495  2.78615  0.81616  4.78647  3.40043  3.99423  4.25013  2.80343  3.77872  4.57178  3.15569  4.13824  3.12863  3.11596  2.99973  3.29197  3.84669  5.94776  4.54728    125 e - - -
          2.68618  4.42225  2.77519  2.73123  3.46354  2.40513  3.72494  3.29354  2.67741  2.69355  4.24690  2.90347  2.73739  3.18146  2.89801  2.37887  2.77519  2.98518  4.58477  3.61503
          0.02617  4.81112  4.03485  0.61958  0.77255  0.48576  0.95510
     64   2.89137  5.35985  2.81152  1.16687  4.68357  2.68285  3.85065  4.15758  2.62655  3.44979  4.42310  3.07371  4.03480  2.91831  2.99484  2.76007  2.69467  3.74239  5.81378  4.40633    126 e - - -
          2.68618  4.42225  2.77519  2.73123  3.46354  2.40513  3.72494  3.29354  2.67741  2.69355  4.24690  2.90347  2.73739  3.18146  2.89801  2.37887  2.77519  2.98518  4.58477  3.61503
          0.01234  4.79729  5.51964  0.61958  0.77255  0.51733  0.90662
     65   2.48496  5.23171  3.07191  2.21990  4.54497  1.74191  3.57326  3.75708  2.45382  3.36100  4.28155  2.89330  3.97986  2.63979  2.88262  2.52021  2.83803  3.60529  5.68382  4.29362    127 g - - -
          2.68618  4.42225  2.77519  2.73123  3.46354  2.40513  3.72494  3.29354  2.67741  2.69355  4.24690  2.90347  2.73739  3.18146  2.89801  2.37887  2.77519  2.98518  4.58477  3.61503
          0.01234  4.79729  5.51964  0.61958  0.77255  0.51733  0.90662
     66   2.89870  4.33938  4.00705  3.86917  3.41126  4.02961  3.92985  0.97337  3.72614  2.35145  3.24387  4.04292  4.39099  3.94020  3.87802  3.32602  3.13163  2.30569  4.96141  3.51035    128 i - - -
          2.68618  4.42225  2.77519  2.73123  3.46354  2.40513  3.72494  3.29354  2.67741  2.69355  4.24690  2.90347  2.73739  3.18146  2.89801  2.37887  2.77519  2.98518  4.58477  3.61503
          0.01234  4.79729  5.51964  0.61958  0.77255  0.51733  0.90662
     67   2.64607  4.05269  3.11120  2.48775  4.48229  3.55282  3.07010  3.44842  1.83183  3.46814  3.69359  3.08977  3.99102  2.55580  2.02343  2.77349  2.69992  3.54996  5.64625  4.27050    129 k - - -
          2.68618  4.42225  2.77519  2.73123  3.46354  2.40513  3.72494  3.29354  2.67741  2.69355  4.24690  2.90347  2.73739  3.18146  2.89801  2.37887  2.77519  2.98518  4.58477  3.61503
          0.01234  4.79729  5.51964  0.61958  0.77255  0.51733  0.90662
     68   2.58788  5.32941  2.59192  2.38831  4.66662  2.90311  2.88673  4.15029  2.46663  3.63143  4.37401  1.73800  3.98449  2.72010  3.02779  2.47483  2.80794  3.71619  5.76547  4.35379    130 n - - -
          2.68618  4.42225  2.77519  2.73123  3.46354  2.40513  3.72494  3.29354  2.67741  2.69355  4.24690  2.90347  2.73739  3.18146  2.89801  2.37887  2.77519  2.98518  4.58477  3.61503
          0.01234  4.79729  5.51964  0.61958  0.77255  0.51733  0.90662
     69   2.56568  3.67249  4.16636  3.38709  3.42326  3.63379  3.40309  2.04040  3.47960  1.98480  2.41230  3.39426  4.26403  3.71624  3.47683  3.03777  2.21076  2.57196  4.92406  3.72042    131 l - - -
          2.68618  4.42225  2.77519  2.73123  3.46354  2.40513  3.72494  3.29354  2.67741  2.69355  4.24690  2.90347  2.73739  3.18146  2.89801  2.37887  2.77519  2.98518  4.58477  3.61503
          0.01234  4.79729  5.51964  0.61958  0.77255  0.51733  0.90662
     70   3.06234  4.42648  4.93950  4.33610  2.64005  4.25204  4.58091  1.69229  4.14969  1.14886  2.81423  4.38438  4.57864  4.26860  4.18380  3.15313  3.11366  2.49770  5.03882  3.88866    132 l - - -
          2.68618  4.42225  2.77519  2.73123  3.46354  2.40513  3.72494  3.29354  2.67741  2.69355  4.24690  2.90347  2.73739  3.18146  2.89801  2.37887  2.77519  2.98518  4.58477  3.61503
          0.01234  4.79729  5.51964  0.61958  0.77255  0.51733  0.90662
     71   2.53199  5.30054  2.42021  2.08034  4.64285  3.40432  3.49759  3.85177  1.92072  3.16096  4.24831  2.81377  3.72626  2.74870  2.45225  2.66396  2.92535  3.68419  5.73483  3.99901    133 k - - -
          2.68618  4.42225  2.77519  2.73123  3.46354  2.40513  3.72494  3.29354  2.67741  2.69355  4.24690  2.90347  2.73739  3.18146  2.89801  2.37887  2.77519  2.98518  4.58477  3.61503
          0.01234  4.79729  5.51964  0.61958  0.77255  0.51733  0.90662
     72   2.71309  4.23537  4.24805  3.82003  2.62245  3.94544  3.90021  1.67312  3.73558  1.84034  3.32754  3.49144  4.31218  3.59151  3.78718  3.09692  2.92124  2.02505  4.85209  3.45230    134 i - - -
          2.68618  4.42225  2.77519  2.73123  3.46354  2.40513  3.72494  3.29354  2.67741  2.69355  4.24690  2.90347  2.73739  3.18146  2.89801  2.37887  2.77519  2.98518  4.58477  3.61503
          0.01234  4.79729  5.51964  0.61958  0.77255  0.46652  0.98666
     73   2.63343  4.28324  3.94821  3.73696  3.07605  3.92814  3.41956  2.41175  3.60838  2.15215  1.41351  3.92647  4.29675  3.82182  3.31531  3.21666  3.05062  2.53522  4.30017  3.70236    135 m - - -
          2.68618  4.42225  2.77519  2.73123  3.46354  2.40513  3.72494  3.29354  2.67741  2.69355  4.24690  2.90347  2.73739  3.18146  2.89801  2.37887  2.77519  2.98518  4.58477  3.61503
          0.01216  4.81112  5.53347  0.61958  0.77255  0.48576  0.95510
     74   2.83649  3.95263  3.85721  3.62372  2.84036  3.91739  4.19629  2.69683  3.51757  2.53678  3.45719  3.55666  4.29081  3.75076  3.72682  3.05898  2.94526  2.44228  4.90188  1.23939    136 y - - -
          2.68618  4.42225  2.77519  2.73123  3.46354  2.40513  3.72494  3.29354  2.67741  2.69355  4.24690  2.90347  2.73739  3.18146  2.89801  2.37887  2.77519  2.98518  4.58477  3.61503
          0.01216  4.81112  5.53347  0.61958  0.77255  0.48576  0.95510
     75   2.64896  5.30989  2.69463  2.27712  4.65355  3.55826  3.18992  4.13758  1.69370  3.61394  4.35119  2.59171  3.73209  2.62455  2.36508  2.76428  2.98401  3.69983  3.98899  4.32357    137 k - - -
          2.68618  4.42225  2.77519  2.73123  3.46354  2.40513  3.72494  3.29354  2.67741  2.69355  4.24690  2.90347  2.73739  3.18146  2.89801  2.37887  2.77519  2.98518  4.58477  3.61503
          0.01216  4.81112  5.53347  0.61958  0.77255  0.48576  0.95510
     76   2.87627  5.40824  1.49163  1.89112  4.73739  2.60702  3.78576  4.22264  2.61719  3.70692  3.71713  2.85332  4.03309  2.95379  2.88368  2.85714  3.14063  3.79157  5.84590  4.42669    138 d - - -
          2.68618  4.42225  2.77519  2.73123  3.46354  2.40513  3.72494  3.29354  2.67741  2.69355  4.24690  2.90347  2.73739  3.18146  2.89801  2.37887  2.77519  2.98518  4.58477  3.61503
          0.01216  4.81112  5.53347  0.61958  0.77255  0.48576  0.95510
     77   2.19001  4.50997  3.48325  2.92174  3.86390  3.44720  3.70882  2.85593  2.84497  2.75563  3.79353  3.22658  4.11342  3.21981  3.30006  1.49827  2.63709  2.78260  5.25835  3.99355    139 s - - -
          2.68618  4.42225  2.77519  2.73123  3.46354  2.40513  3.72494  3.29354  2.67741  2.69355  4.24690  2.90347  2.73739  3.18146  2.89801  2.37887  2.77519  2.98518  4.58477  3.61503
          0.01216  4.81112  5.53347  0.61958  0.77255  0.48576  0.95510
     78   2.80186  4.55947  2.61439  2.51080  4.60009  3.25057  3.18851  4.07440  2.29609  3.56990  4.26372  2.69000  2.90134  2.76600  2.90022  2.40124  1.95616  3.46618  5.71463  4.06254    140 t - - -
          2.68618  4.42225  2.77519  2.73123  3.46354  2.40513  3.72494  3.29354  2.67741  2.69355  4.24690  2.90347  2.73739  3.18146  2.89801  2.37887  2.77519  2.98518  4.58477  3.61503
          0.04037  4.81112  3.46017  0.61958  0.77255  0.48576  0.95510
     79   2.39157  4.23259  4.30359  3.87227  2.61826  3.93735  3.85491  1.60879  3.71796  2.23433  3.34937  3.99548  3.65390  3.66600  3.83068  3.23445  2.75715  2.28191  4.84877  2.58845    141 i - - -
          2.68618  4.42225  2.77519  2.73123  3.46354  2.40513  3.72494  3.29354  2.67741  2.69355  4.24690  2.90347  2.73739  3.18146  2.89801  2.37887  2.77519  2.98518  4.58477  3.61503
          0.01251  4.78326  5.50561  0.61958  0.77255  0.54792  0.86310
     80   2.56741  5.29293  2.60256  1.93504  4.20948  2.67486  3.55586  4.11721  2.37108  3.59650  4.33466  2.79862  3.96012  2.57822  2.45214  2.36028  2.99679  3.68144  4.38969  4.31939    142 e - - -
          2.68618  4.42225  2.77520  2.73124  3.46354  2.40513  3.72495  3.29354  2.67741  2.69355  4.24690  2.90347  2.73740  3.18147  2.89801  2.37887  2.77512  2.98519  4.58477  3.61503
          0.02692  3.79456  5.50561  0.50612  0.92339  0.44876  1.01726
     81   2.63597  5.31931  2.24326  1.51031  4.66059  3.40856  3.56963  4.14507  2.26331  3.62288  4.02029  2.73656  3.97734  2.69765  3.00635  2.77608  2.94216  3.70803  5.75353  4.00695    144 e - - -
          2.68618  4.42225  2.77519  2.73123  3.46354  2.40513  3.72494  3.29354  2.67741  2.69355  4.24690  2.90347  2.73739  3.18146  2.89801  2.37887  2.77519  2.98518  4.58477  3.61503
          0.01216  4.81112  5.53347  0.61958  0.77255  0.48576  0.95510
     82   3.12725  4.50213  4.90151  4.30697  1.10942  4.30592  4.60052  2.01215  4.13168  2.12718  2.91680  4.39796  4.62665  4.26936  3.51175  3.61988  3.35621  2.37283  5.06403  3.87607    145 f - - -
          2.68618  4.42225  2.77519  2.73123  3.46354  2.40513  3.72494  3.29354  2.67741  2.69355  4.24690  2.90347  2.73739  3.18146  2.89801  2.37887  2.77519  2.98518  4.58477  3.61503
          0.01216  4.81112  5.53347  0.61958  0.77255  0.48576  0.95510
     83   2.87834  5.29808  3.14824  2.47198  4.17834  3.64968  3.80523  4.08716  1.38587  3.41068  4.34738  3.12913  4.03673  2.69251  1.93574  2.74843  2.98477  3.68495  5.67621  3.99254    146 k - - -
          2.68618  4.42225  2.77519  2.73123  3.46354  2.40513  3.72494  3.29354  2.67741  2.69355  4.24690  2.90347  2.73739  3.18146  2.89801  2.37887  2.77519  2.98518  4.58477  3.61503
          0.01216  4.81112  5.53347  0.61958  0.77255  0.48576  0.95510
     84   2.63085  5.28417  2.93881  2.19222  4.61749  3.41211  2.75898  3.64375  2.43650  3.57944  4.32795  3.05207  3.37851  1.83428  2.75916  2.56611  2.75745  3.47302  5.72390  3.99583    147 q - - -
          2.68618  4.42225  2.77519  2.73123  3.46354  2.40513  3.72494  3.29354  2.67741  2.69355  4.24690  2.90347  2.73739  3.18146  2.89801  2.37887  2.77519  2.98518  4.58477  3.61503
          0.01216  4.81112  5.53347  0.61958  0.77255  0.48576  0.95510
     85   3.35410  5.94290  2.41099  0.63555  5.25423  3.37814  4.17950  4.77579  3.13075  4.24866  5.03890  3.13802  4.27989  3.31709  3.39346  3.24255  3.63361  4.27960  6.39456  4.89611    148 E - - -
          2.68618  4.42225  2.77519  2.73123  3.46354  2.40513  3.72494  3.29354  2.67741  2.69355  4.24690  2.90347  2.73739  3.18146  2.89801  2.37887  2.77519  2.98518  4.58477  3.61503
          0.01216  4.81112  5.53347  0.61958  0.77255  0.48576  0.95510
     86   2.99999  5.51358  1.17424  1.83849  4.82890  3.39091  3.87489  4.31827  2.73803  3.80677  4.07439  2.93752  4.09021  2.97298  3.25626  2.82344  3.24468  3.89085  5.95296  4.04142    149 d - - -
          2.68618  4.42225  2.77519  2.73123  3.46354  2.40513  3.72494  3.29354  2.67741  2.69355  4.24690  2.90347  2.73739  3.18146  2.89801  2.37887  2.77519  2.98518  4.58477  3.61503
          0.01216  4.81112  5.53347  0.61958  0.77255  0.48576  0.95510
     87   3.19052  4.56305  4.94656  4.34973  3.19242  4.37745  4.69362  2.01922  4.14896  1.80830  1.13057  4.46512  4.68235  4.31247  3.52743  3.69192  3.41741  2.46114  5.15429  4.02161    150 m - - -
          2.68618  4.42225  2.77519  2.73123  3.46354  2.40513  3.72494  3.29354  2.67741  2.69355  4.24690  2.90347  2.73739  3.18146  2.89801  2.37887  2.77519  2.98518  4.58477  3.61503
          0.01216  4.81112  5.53347  0.61958  0.77255  0.48576  0.95510
     88   2.92910  4.31511  4.72738  4.13328  3.24831  3.75085  4.45576  1.68753  3.93994  2.18658  3.43689  4.21229  4.46835  4.13644  3.72147  3.42110  2.72473  1.23069  5.00189  3.81866    151 v - - -
          2.68618  4.42225  2.77519  2.73123  3.46354  2.40513  3.72494  3.29354  2.67741  2.69355  4.24690  2.90347  2.73739  3.18146  2.89801  2.37887  2.77519  2.98518  4.58477  3.61503
          0.01216  4.81112  5.53347  0.61958  0.77255  0.48576  0.95510
     89   2.94078  5.46826  2.15855  1.23749  4.79861  3.18884  3.34122  4.29102  2.65920  3.76726  4.52041  3.06306  4.05282  2.55994  3.16989  2.68522  3.18100  3.85258  5.90140  4.03661    152 e - - -
          2.68618  4.42225  2.77519  2.73123  3.46354  2.40513  3.72494  3.29354  2.67741  2.69355  4.24690  2.90347  2.73739  3.18146  2.89801  2.37887  2.77519  2.98518  4.58477  3.61503
          0.01216  4.81112  5.53347  0.61958  0.77255  0.48576  0.95510
     90   2.03069  4.09812  4.04988  3.47174  3.47537  3.31880  4.16091  2.34390  3.20954  2.31176  2.63449  3.76442  4.24825  3.63968  3.26904  2.42627  2.34060  2.33148  4.96637  3.76259    153 a - - -
          2.68618  4.42225  2.77519  2.73123  3.46354  2.40513  3.72494  3.29354  2.67741  2.69355  4.24690  2.90347  2.73739  3.18146  2.89801  2.37887  2.77519  2.98518  4.58477  3.61503
          0.02617  4.81112  4.03485  0.61958  0.77255  0.48576  0.95510
     91   3.13696  4.47271  4.94146  4.37855  3.71527  4.38941  4.81140  0.94562  4.22971  2.33745  3.64666  3.96210  4.73758  4.43763  4.34593  3.44804  3.18094  1.56617  5.36287  4.16764    154 i - - -
          2.68618  4.42225  2.77519  2.73123  3.46354  2.40513  3.72494  3.29354  2.67741  2.69355  4.24690  2.90347  2.73739  3.18146  2.89801  2.37887  2.77519  2.98518  4.58477  3.61503
          0.01234  4.79729  5.51964  0.61958  0.77255  0.51733  0.90662
     92   3.31848  5.79937  0.65489  2.57564  5.05704  3.68729  4.11288  3.95843  3.09354  4.09517  4.94273  3.16150  4.27467  3.10723  3.33358  3.23102  3.59534  4.18378  6.25114  4.78369    155 D - - -
          2.68618  4.42225  2.77519  2.73123  3.46354  2.40513  3.72494  3.29354  2.67741  2.69355  4.24690  2.90347  2.73739  3.18146  2.89801  2.37887  2.77519  2.98518  4.58477  3.61503
          0.01234  4.79729  5.51964  0.61958  0.77255  0.51733  0.90662
     93   2.79969  3.88691  4.32348  4.00268  3.37018  4.00706  4.33964  1.22001  3.83592  2.20145  2.35200  4.04156  4.37204  4.01239  3.90472  3.13985  2.73649  2.39895  4.90557  3.72295    156 i - - -
          2.68618  4.42225  2.77519  2.73123  3.46354  2.40513  3.72494  3.29354  2.67741  2.69355  4.24690  2.90347  2.73739  3.18146  2.89801  2.37887  2.77519  2.98518  4.58477  3.61503
          0.01234  4.79729  5.51964  0.61958  0.77255  0.51733  0.90662
     94   2.85563  3.87248  4.71698  4.11170  3.31529  4.02314  4.34345  2.04446  3.92210  1.25379  2.63043  3.80864  4.38397  4.07388  3.96980  3.16678  2.95670  2.07587  4.87865  3.70118    157 l - - -
          2.68618  4.42225  2.77519  2.73123  3.46354  2.40513  3.72494  3.29354  2.67741  2.69355  4.24690  2.90347  2.73739  3.18146  2.89801  2.37887  2.77519  2.98518  4.58477  3.61503
          0.01234  4.79729  5.51964  0.61958  0.77255  0.51733  0.90662
     95   2.88323  4.31166  4.51800  3.92166  3.35322  4.01590  3.92355  2.14545  3.75328  2.24799  1.22985  4.06035  4.37419  3.95302  3.60233  3.31429  3.11433  2.37213  4.91178  3.47265    158 m - - -
          2.68618  4.42225  2.77519  2.73123  3.46354  2.40513  3.72494  3.29354  2.67741  2.69355  4.24690  2.90347  2.73739  3.18146  2.89801  2.37887  2.77519  2.98518  4.58477  3.61503
          0.01234  4.79729  5.51964  0.61958  0.77255  0.51733  0.90662
     96   2.47113  4.26547  4.37543  3.78378  3.20056  3.93259  4.24227  2.36495  3.64713  2.14949  1.46102  3.67466  4.28821  3.39548  3.75925  3.22423  2.81671  2.42228  4.87970  3.47200    159 m - - -
          2.68618  4.42225  2.77519  2.73123  3.46354  2.40513  3.72494  3.29354  2.67741  2.69355  4.24690  2.90347  2.73739  3.18146  2.89801  2.37887  2.77519  2.98518  4.58477  3.61503
          0.01234  4.79729  5.51964  0.61958  0.77255  0.46652  0.98666
     97   2.72136  4.59513  2.72969  1.84148  4.64249  3.56678  2.41865  4.12440  2.50613  3.43306  4.34590  2.63416  3.97386  2.08518  2.89992  2.77085  2.87261  3.69087  5.73928  4.33166    160 e - - -
          2.68618  4.42225  2.77519  2.73123  3.46354  2.40513  3.72494  3.29354  2.67741  2.69355  4.24690  2.90347  2.73739  3.18146  2.89801  2.37887  2.77519  2.98518  4.58477  3.61503
          0.01216  4.81112  5.53347  0.61958  0.77255  0.48576  0.95510
     98   2.80335  5.29133  2.82033  1.44414  4.62565  3.50582  3.77131  4.10374  2.44814  3.59157  4.00435  2.31711  3.97645  2.78474  2.61787  2.77421  2.78892  3.67627  4.35931  4.32597    161 e - - -
          2.68618  4.42225  2.77519  2.73123  3.46354  2.40513  3.72494  3.29354  2.67741  2.69355  4.24690  2.90347  2.73739  3.18146  2.89801  2.37887  2.77519  2.98518  4.58477  3.61503
          0.01216  4.81112  5.53347  0.61958  0.77255  0.48576  0.95510
     99   1.38568  4.09880  3.70310  2.90129  2.91070  3.79303  4.02362  3.02106  3.08882  2.52842  3.62857  3.35708  3.13163  3.38896  3.43897  2.82427  2.92946  2.76833  5.10776  3.43456    162 a - - -
          2.68618  4.42225  2.77519  2.73123  3.46354  2.40513  3.72494  3.29354  2.67741  2.69355  4.24690  2.90347  2.73739  3.18146  2.89801  2.37887  2.77519  2.98518  4.58477  3.61503
          0.01216  4.81112  5.53347  0.61958  0.77255  0.48576  0.95510
    100   2.72223  5.29753  2.81425  2.30875  4.63584  3.41061  3.22637  4.11705  2.44340  3.59985  4.00996  2.42787  2.00394  2.63249  2.65337  2.61773  2.91986  3.49969  5.73414  4.32730    163 p - - -
          2.68618  4.42225  2.77519  2.73123  3.46354  2.40513  3.72494  3.29354  2.67741  2.69355  4.24690  2.90347  2.73739  3.18146  2.89801  2.37887  2.77519  2.98518  4.58477  3.61503
          0.01216  4.81112  5.53347  0.61958  0.77255  0.48576  0.95510
    101   2.81856  4.31782  3.40942  3.32718  3.01313  3.90793  3.50725  2.23273  3.50987  2.37247  3.22205  3.85661  3.91761  3.74289  3.71661  3.18894  3.04218  1.27566  4.92814  3.72544    164 v - - -
          2.68618  4.42225  2.77519  2.73123  3.46354  2.40513  3.72494  3.29354  2.67741  2.69355  4.24690  2.90347  2.73739  3.18146  2.89801  2.37887  2.77519  2.98518  4.58477  3.61503
          0.01216  4.81112  5.53347  0.61958  0.77255  0.48576  0.95510
    102   2.81114  4.50579  3.24940  2.58121  3.31444  3.80175  3.36648  2.10326  3.10499  2.20095  2.66018  3.25482  4.18025  3.24965  3.14531  3.04967  2.92909  2.20964  5.06616  3.86159    165 i - - -
          2.68618  4.42225  2.77519  2.73123  3.46354  2.40513  3.72494  3.29354  2.67741  2.69355  4.24690  2.90347  2.73739  3.18146  2.89801  2.37887  2.77519  2.98518  4.58477  3.61503
          0.01415  4.81112  5.13034  0.61958  0.77255  0.48576  0.95510
    103   2.73717  5.41027  1.56510  2.34144  4.20847  2.02792  3.86170  4.21829  2.64627  3.70984  4.46788  2.57664  3.74523  2.97322  3.01081  2.87222  3.15676  3.79266  5.85543  4.43686    166 d - - -
          2.68618  4.42225  2.77519  2.73123  3.46354  2.40513  3.72494  3.29354  2.67741  2.69355  4.24690  2.90347  2.73739  3.18146  2.89801  2.37887  2.77519  2.98518  4.58477  3.61503
          0.01219  4.80916  5.53150  0.61958  0.77255  0.48292  0.95967
    104   3.22036  4.55919  5.08619  4.45401  3.52945  4.46491  4.82389  0.98532  4.32694  1.92203  2.38601  4.58316  4.77119  4.46645  3.87949  3.79167  3.43692  2.03215  5.23393  4.12696    167 i - - -
          2.68618  4.42225  2.77519  2.73123  3.46354  2.40513  3.72494  3.29354  2.67741  2.69355  4.24690  2.90347  2.73739  3.18146  2.89801  2.37887  2.77519  2.98518  4.58477  3.61503
          0.01216  4.81112  5.53347  0.61958  0.77255  0.48576  0.95510
    105   2.84196  5.35811  1.96850  2.20319  4.69995  3.25421  3.19841  4.18779  2.54190  3.66179  4.38980  2.06289  3.99353  2.31895  2.74365  2.69885  2.96433  3.74741  5.79034  4.37439    168 d - - -
          2.68618  4.42225  2.77519  2.73123  3.46354  2.40513  3.72494  3.29354  2.67741  2.69355  4.24690  2.90347  2.73739  3.18146  2.89801  2.37887  2.77519  2.98518  4.58477  3.61503
          0.01254  4.81112  5.44369  0.61958  0.77255  0.48576  0.95510
    106   2.86932  3.89069  4.65531  4.05650  3.37964  3.98189  4.36671  1.89157  3.59652  1.70799  3.38965  3.79666  4.39493  4.05346  3.96050  3.33855  2.41110  1.56140  4.91838  3.73626    169 v - - -
          2.68618  4.42225  2.77519  2.73123  3.46354  2.40513  3.72494  3.29354  2.67741  2.69355  4.24690  2.90347  2.73739  3.18146  2.89801  2.37887  2.77519  2.98518  4.58477  3.61503
          0.01217  4.81075  5.53310  0.61958  0.77255  0.48663  0.95372
    107   2.73374  4.85013  2.36143  2.60587  3.35632  2.46696  3.71084  2.61074  2.66205  2.86380  3.35702  2.72706  4.06307  2.94514  3.18368  2.82612  2.92391  2.84949  4.17405  4.08227    170 d - - -
          2.68618  4.42225  2.77519  2.73123  3.46354  2.40513  3.72494  3.29354  2.67741  2.69355  4.24690  2.90347  2.73739  3.18146  2.89801  2.37887  2.77519  2.98518  4.58477  3.61503
          0.01217  4.81075  5.53310  0.61958  0.77255  0.48663  0.95372
    108   2.80895  4.56200  1.93291  1.75832  4.56522  2.91794  3.78348  3.77500  2.53244  3.54205  4.29827  2.95165  3.98450  2.89055  2.74354  2.78490  3.04074  2.76501  5.69965  4.30616    171 e - - -
          2.68618  4.42225  2.77519  2.73123  3.46354  2.40513  3.72494  3.29354  2.67741  2.69355  4.24690  2.90347  2.73739  3.18146  2.89801  2.37887  2.77519  2.98518  4.58477  3.61503
          0.01217  4.81075  5.53310  0.61958  0.77255  0.48663  0.95372
    109   2.57114  5.30599  2.64043  1.80673  4.64812  3.20276  3.40021  4.13207  2.22333  3.47357  4.25369  2.79405  2.60045  2.86148  2.83212  2.60587  2.84159  3.50872  5.74039  4.33113    172 e - - -
          2.68618  4.42225  2.77519  2.73123  3.46354  2.40513  3.72494  3.29354  2.67741  2.69355  4.24690  2.90347  2.73739  3.18146  2.89801  2.37887  2.77519  2.98518  4.58477  3.61503
          0.01217  4.81075  5.53310  0.61958  0.77255  0.48663  0.95372
    110   2.82761  3.07812  4.36183  3.77244  2.80531  3.93983  3.41334  2.63956  3.63775  2.47655  3.37395  3.93876  4.30804  3.59326  3.55176  3.23037  2.93650  2.33184  4.87065  1.41184    173 y - - -
          2.68618  4.42225  2.77519  2.73123  3.46354  2.40513  3.72494  3.29354  2.67741  2.69355  4.24690  2.90347  2.73739  3.18146  2.89801  2.37887  2.77519  2.98518  4.58477  3.61503
          0.01217  4.81075  5.53310  0.61958  0.77255  0.48663  0.95372
    111   2.80171  5.27141  1.91543  2.43307  4.18927  3.36315  3.16279  3.74835  2.39375  3.55972  4.17662  2.83785  3.97497  2.65113  2.57272  2.59370  2.52748  2.94000  5.71429  4.31376    174 d - - -
          2.68618  4.42225  2.77519  2.73123  3.46354  2.40513  3.72494  3.29354  2.67741  2.69355  4.24690  2.90347  2.73739  3.18146  2.89801  2.37887  2.77519  2.98518  4.58477  3.61503
          0.01217  4.81075  5.53310  0.61958  0.77255  0.48663  0.95372
    112   2.88753  3.88754  4.18987  4.14727  2.89816  4.06553  4.40492  1.90103  3.96202  2.29332  3.03380  4.19052  3.99168  4.11786  4.01435  3.37589  2.98386  1.17985  4.92862  3.74861    175 v - - -
          2.68618  4.42225  2.77520  2.73124  3.46354  2.40513  3.72495  3.29354  2.67741  2.69355  4.24690  2.90347  2.73740  3.18147  2.89792  2.37887  2.77520  2.98519  4.58477  3.61503
          0.04038  3.82205  4.03448  0.50612  0.92339  0.48663  0.95372
    113   2.71484  3.03987  2.87687  2.77537  3.22622  3.48338  3.89735  3.07778  2.69674  3.05319  3.90104  2.86931  4.04457  3.09701  2.42020  2.26422  2.71924  3.10391  5.35314  2.68972    177 s - - -
          2.68618  4.42225  2.77519  2.73123  3.46354  2.40513  3.72494  3.29354  2.67741  2.69355  4.24690  2.90347  2.73739  3.18146  2.89801  2.37887  2.77519  2.98518  4.58477  3.61503
          0.01234  4.79691  5.51926  0.61958  0.77255  0.51817  0.90538
    114   2.79890  3.77527  3.16724  2.60966  4.30876  3.28721  3.60353  3.06921  2.24752  3.28378  3.69268  2.35725  4.00894  2.77234  2.86581  2.39356  2.02554  3.39542  5.54591  4.19800    178 t - - -
          2.68618  4.42225  2.77519  2.73123  3.46354  2.40513  3.72494  3.29354  2.67741  2.69355  4.24690  2.90347  2.73739  3.18146  2.89801  2.37887  2.77519  2.98518  4.58477  3.61503
          0.01234  4.79691  5.51926  0.61958  0.77255  0.51817  0.90538
    115   2.79811  4.34603  3.09248  2.47263  4.50267  3.41777  3.28613  3.20624  2.07668  3.33057  4.25216  1.94128  3.98180  2.79832  2.69115  2.46319  2.60782  3.56767  5.65873  4.02935    179 n - - -
          2.68618  4.42225  2.77519  2.73123  3.46354  2.40513  3.72494  3.29354  2.67741  2.69355  4.24690  2.90347  2.73739  3.18146  2.89801  2.37887  2.77519  2.98518  4.58477  3.61503
          0.01234  4.79691  5.51926  0.61958  0.77255  0.51817  0.90538
    116   2.35034  3.64397  4.14043  3.55868  2.82598  3.88796  3.56905  2.52392  3.45868  2.52135  3.43701  3.81663  3.90454  3.30261  3.46687  2.42164  2.35998  1.84375  4.93084  3.14008    180 v - - -
          2.68618  4.42225  2.77519  2.73123  3.46354  2.40513  3.72494  3.29354  2.67741  2.69355  4.24690  2.90347  2.73739  3.18146  2.89801  2.37887  2.77519  2.98518  4.58477  3.61503
          0.01234  4.79691  5.51926  0.61958  0.77255  0.51817  0.90538
    117   2.65422  3.65796  3.19559  2.71711  4.10237  3.30746  3.64069  2.86244  2.62746  3.13828  3.97242  2.73385  4.04630  3.04856  3.03449  1.96183  1.92937  3.20812  5.41652  4.06267    181 t - - -
          2.68618  4.42225  2.77519  2.73123  3.46354  2.40513  3.72494  3.29354  2.67741  2.69355  4.24690  2.90347  2.73739  3.18146  2.89801  2.37887  2.77519  2.98518  4.58477  3.61503
          0.01234  4.79691  5.51926  0.61958  0.77255  0.51817  0.90538
    118   2.32928  3.97782  5.08032  4.51599  3.74449  4.48266  4.90871  1.83263  4.37075  2.39954  3.32816  4.60305  4.81288  4.55941  4.46448  3.81893  3.21524  0.90659  5.41866  4.22545    182 v - - -
          2.68611  4.42223  2.77526  2.73130  3.46361  2.40519  3.72482  3.29322  2.67745  2.69348  4.24696  2.90343  2.73746  3.18153  2.89786  2.37888  2.77526  2.98523  4.58484  3.61492
          0.04601  3.10176        *  1.25999  0.33360  0.00000        *
//
