HMMER3/f [3.3.2 | Nov 2020]
NAME  vHMM_21191
LENG  189
ALPH  amino
RF    no
MM    no
CONS  yes
CS    no
MAP   yes
DATE  Sat Feb 27 13:43:22 2021
NSEQ  4
EFFN  0.660156
CKSUM 1126627003
STATS LOCAL MSV      -10.6670  0.70611
STATS LOCAL VITERBI  -11.4000  0.70611
STATS LOCAL FORWARD   -4.5872  0.70611
CUTOFF SCORE	175.36
TAXON	Cystoviridae
TXID	10877
PROTEIN	Fusion
TYPE	Full-length
RANGE	Wide
HMM          A        C        D        E        F        G        H        I        K        L        M        N        P        Q        R        S        T        V        W        Y   
            m->m     m->i     m->d     i->m     i->i     d->m     d->d
  COMPO   2.30314  4.42349  3.26937  3.05078  3.23142  2.53417  4.13287  2.49624  2.88517  2.29864  3.66570  3.38893  3.58634  3.43049  3.35769  2.51681  2.74578  2.40130  4.28588  3.66062
          2.68618  4.42225  2.77519  2.73123  3.46354  2.40513  3.72494  3.29354  2.67741  2.69355  4.24690  2.90347  2.73739  3.18146  2.89801  2.37887  2.77519  2.98518  4.58477  3.61503
          0.28549  3.98508  1.47071  0.61958  0.77255  0.00000        *
      1   2.86796  4.44108  3.90381  3.49178  3.15941  3.73071  4.25893  2.32191  3.26532  1.77999  1.66948  3.78468  4.19506  3.65922  3.48577  3.20047  3.17295  2.31066  4.97890  3.72543      1 m - - -
          2.68618  4.42225  2.77519  2.73123  3.46354  2.40513  3.72494  3.29354  2.67741  2.69355  4.24690  2.90347  2.73739  3.18146  2.89801  2.37887  2.77519  2.98518  4.58477  3.61503
          0.03609  3.73568  4.45803  0.61958  0.77255  0.68918  0.69713
      2   2.25734  4.17274  3.09597  2.91090  3.94126  2.90552  4.02185  3.44777  2.97483  3.18098  4.12306  3.15449  3.63415  3.33660  3.26137  1.31865  2.72817  3.01365  5.32627  4.02524      2 s - - -
          2.68618  4.42225  2.77519  2.73123  3.46354  2.40513  3.72494  3.29354  2.67741  2.69355  4.24690  2.90347  2.73739  3.18146  2.89801  2.37887  2.77519  2.98518  4.58477  3.61503
          0.03609  3.73568  4.45803  0.61958  0.77255  0.68918  0.69713
      3   2.92400  4.38859  4.12843  3.74395  3.28766  3.90744  4.50105  1.26682  3.56872  1.90944  3.25203  4.00849  4.35727  3.93484  3.78116  3.39441  3.22809  1.86082  5.14556  3.86772      3 i - - -
          2.68618  4.42225  2.77519  2.73123  3.46354  2.40513  3.72494  3.29354  2.67741  2.69355  4.24690  2.90347  2.73739  3.18146  2.89801  2.37887  2.77519  2.98518  4.58477  3.61503
          0.03609  3.73568  4.45803  0.61958  0.77255  0.37681  1.15852
      4   3.11427  4.52145  4.49190  3.96862  1.83815  4.20908  4.30298  2.35454  3.83040  1.62308  1.89866  4.16858  4.49848  3.98902  3.98260  3.54944  3.34992  2.42295  4.66884  3.27561      4 l - - -
          2.68618  4.42225  2.77519  2.73123  3.46354  2.40513  3.72494  3.29354  2.67741  2.69355  4.24690  2.90347  2.73739  3.18146  2.89801  2.37887  2.77519  2.98518  4.58477  3.61503
          0.02801  3.98508  4.70743  0.61958  0.77255  0.48576  0.95510
      5   2.26560  4.23491  3.20159  2.99408  4.36985  1.67255  4.17722  3.84160  3.15409  3.50706  4.33218  3.22303  3.69418  3.43769  3.48783  1.49816  2.75246  3.26710  5.68587  4.44660      5 s - - -
          2.68618  4.42225  2.77519  2.73123  3.46354  2.40513  3.72494  3.29354  2.67741  2.69355  4.24690  2.90347  2.73739  3.18146  2.89801  2.37887  2.77519  2.98518  4.58477  3.61503
          0.02801  3.98508  4.70743  0.61958  0.77255  0.48576  0.95510
      6   2.37318  4.29450  3.30722  3.12925  4.18981  3.02243  4.23549  3.72815  3.21063  3.44006  4.35742  3.33527  3.77075  3.55133  3.49247  0.93311  2.86193  3.23852  5.55350  4.27421      6 s - - -
          2.68618  4.42225  2.77519  2.73123  3.46354  2.40513  3.72494  3.29354  2.67741  2.69355  4.24690  2.90347  2.73739  3.18146  2.89801  2.37887  2.77519  2.98518  4.58477  3.61503
          0.02801  3.98508  4.70743  0.61958  0.77255  0.48576  0.95510
      7   1.78086  4.34219  3.77558  3.33934  3.49723  3.55272  4.21430  2.47870  3.21861  1.59376  3.44026  3.61816  4.08493  3.56891  3.49160  2.94336  2.99311  2.33583  5.16256  3.92435      7 l - - -
          2.68618  4.42225  2.77519  2.73123  3.46354  2.40513  3.72494  3.29354  2.67741  2.69355  4.24690  2.90347  2.73739  3.18146  2.89801  2.37887  2.77519  2.98518  4.58477  3.61503
          0.02801  3.98508  4.70743  0.61958  0.77255  0.48576  0.95510
      8   3.28003  4.63686  4.63906  4.15261  1.72508  4.36333  4.27221  2.36816  4.00696  1.17571  3.02314  4.30025  4.62342  4.12340  4.12838  3.72788  3.51209  2.46310  4.53073  3.03957      8 l - - -
          2.68618  4.42225  2.77519  2.73123  3.46354  2.40513  3.72494  3.29354  2.67741  2.69355  4.24690  2.90347  2.73739  3.18146  2.89801  2.37887  2.77519  2.98518  4.58477  3.61503
          0.02801  3.98508  4.70743  0.61958  0.77255  0.48576  0.95510
      9   3.07727  5.04316  3.26060  2.86240  4.45535  3.55340  3.82529  3.89194  0.89403  3.43303  4.38948  3.28151  4.04667  3.01115  2.45813  3.11250  3.32270  3.59376  5.46457  4.29400      9 k - - -
          2.68618  4.42225  2.77519  2.73123  3.46354  2.40513  3.72494  3.29354  2.67741  2.69355  4.24690  2.90347  2.73739  3.18146  2.89801  2.37887  2.77519  2.98518  4.58477  3.61503
          0.02801  3.98508  4.70743  0.61958  0.77255  0.48576  0.95510
     10   2.39909  4.20955  3.59880  3.20985  3.78527  3.21204  4.14942  2.82683  3.15405  2.79618  3.77538  3.42532  3.85846  3.48238  3.44627  1.72394  2.80682  1.69222  5.28085  4.02682     10 v - - -
          2.68618  4.42225  2.77519  2.73123  3.46354  2.40513  3.72494  3.29354  2.67741  2.69355  4.24690  2.90347  2.73739  3.18146  2.89801  2.37887  2.77519  2.98518  4.58477  3.61503
          0.02801  3.98508  4.70743  0.61958  0.77255  0.48576  0.95510
     11   3.11924  4.50820  4.49319  4.11415  3.45185  4.18608  4.82232  0.94850  3.94443  2.01613  3.37098  4.34383  4.60751  4.28183  4.12825  3.69322  3.41684  1.85489  5.36517  4.11242     11 i - - -
          2.68618  4.42225  2.77519  2.73123  3.46354  2.40513  3.72494  3.29354  2.67741  2.69355  4.24690  2.90347  2.73739  3.18146  2.89801  2.37887  2.77519  2.98518  4.58477  3.61503
          0.02801  3.98508  4.70743  0.61958  0.77255  0.48576  0.95510
     12   3.07727  5.04316  3.26060  2.86240  4.45535  3.55340  3.82529  3.89194  0.89403  3.43303  4.38948  3.28151  4.04667  3.01115  2.45813  3.11250  3.32270  3.59376  5.46457  4.29400     12 k - - -
          2.68618  4.42225  2.77519  2.73123  3.46354  2.40513  3.72494  3.29354  2.67741  2.69355  4.24690  2.90347  2.73739  3.18146  2.89801  2.37887  2.77519  2.98518  4.58477  3.61503
          0.02801  3.98508  4.70743  0.61958  0.77255  0.48576  0.95510
     13   3.05537  5.15867  3.47514  2.80386  4.61423  3.66651  3.60839  3.96020  1.38457  3.40198  4.27569  3.20150  4.03483  2.74417  1.50455  3.05193  3.22051  3.64432  5.44196  4.27877     13 k - - -
          2.68618  4.42225  2.77519  2.73123  3.46354  2.40513  3.72494  3.29354  2.67741  2.69355  4.24690  2.90347  2.73739  3.18146  2.89801  2.37887  2.77519  2.98518  4.58477  3.61503
          0.02801  3.98508  4.70743  0.61958  0.77255  0.48576  0.95510
     14   2.98140  4.40620  4.42530  3.93259  1.89352  4.07810  4.30696  2.18161  3.81585  1.91294  3.20310  4.10309  4.44478  4.01053  3.98740  3.43873  3.24685  1.51485  4.73204  3.30188     14 v - - -
          2.68618  4.42225  2.77519  2.73123  3.46354  2.40513  3.72494  3.29354  2.67741  2.69355  4.24690  2.90347  2.73739  3.18146  2.89801  2.37887  2.77519  2.98518  4.58477  3.61503
          0.02801  3.98508  4.70743  0.61958  0.77255  0.48576  0.95510
     15   3.21750  4.54852  4.76294  4.23979  3.20994  4.48422  4.85155  1.42478  4.07115  1.21912  3.03867  4.49725  4.72392  4.28329  4.23174  3.85655  3.45857  1.94520  5.24684  4.08871     15 l - - -
          2.68618  4.42225  2.77519  2.73123  3.46354  2.40513  3.72494  3.29354  2.67741  2.69355  4.24690  2.90347  2.73739  3.18146  2.89801  2.37887  2.77519  2.98518  4.58477  3.61503
          0.02801  3.98508  4.70743  0.61958  0.77255  0.48576  0.95510
     16   1.43621  4.15456  3.42827  3.14766  4.24824  2.94199  4.21246  3.59908  3.19417  3.34547  4.19650  3.29989  3.68989  3.49151  3.49885  1.51541  2.70594  3.09105  5.61159  4.39017     16 a - - -
          2.68618  4.42225  2.77519  2.73123  3.46354  2.40513  3.72494  3.29354  2.67741  2.69355  4.24690  2.90347  2.73739  3.18146  2.89801  2.37887  2.77519  2.98518  4.58477  3.61503
          0.02801  3.98508  4.70743  0.61958  0.77255  0.48576  0.95510
     17   3.07727  5.04316  3.26060  2.86240  4.45535  3.55340  3.82529  3.89194  0.89403  3.43303  4.38948  3.28151  4.04667  3.01115  2.45813  3.11250  3.32270  3.59376  5.46457  4.29400     17 k - - -
          2.68618  4.42225  2.77519  2.73123  3.46354  2.40513  3.72494  3.29354  2.67741  2.69355  4.24690  2.90347  2.73739  3.18146  2.89801  2.37887  2.77519  2.98518  4.58477  3.61503
          0.02801  3.98508  4.70743  0.61958  0.77255  0.48576  0.95510
     18   2.89747  4.41008  4.28016  3.94781  3.63423  3.83919  4.73064  2.05035  3.81729  2.30240  3.58330  4.11926  4.39417  4.16945  4.01877  3.35061  3.25675  0.89406  5.43735  4.17549     18 v - - -
          2.68618  4.42225  2.77519  2.73123  3.46354  2.40513  3.72494  3.29354  2.67741  2.69355  4.24690  2.90347  2.73739  3.18146  2.89801  2.37887  2.77519  2.98518  4.58477  3.61503
          0.02801  3.98508  4.70743  0.61958  0.77255  0.48576  0.95510
     19   3.06794  4.46735  4.53923  4.03604  3.30500  4.25039  4.71394  1.96995  3.87585  1.33957  3.16339  4.28714  4.58524  4.14367  4.07301  3.62611  3.33357  1.39619  5.25038  4.05225     19 l - - -
          2.68618  4.42225  2.77519  2.73123  3.46354  2.40513  3.72494  3.29354  2.67741  2.69355  4.24690  2.90347  2.73739  3.18146  2.89801  2.37887  2.77519  2.98518  4.58477  3.61503
          0.02801  3.98508  4.70743  0.61958  0.77255  0.48576  0.95510
     20   1.67490  4.21945  3.89897  3.49387  3.75439  3.39433  4.37096  2.37070  3.41815  2.56797  3.66256  3.66201  4.02117  3.72940  3.68218  2.81488  2.90855  1.50719  5.37244  4.15230     20 v - - -
          2.68618  4.42225  2.77519  2.73123  3.46354  2.40513  3.72494  3.29354  2.67741  2.69355  4.24690  2.90347  2.73739  3.18146  2.89801  2.37887  2.77519  2.98518  4.58477  3.61503
          0.02801  3.98508  4.70743  0.61958  0.77255  0.48576  0.95510
     21   2.72086  4.30976  3.96165  3.48877  3.54287  3.71856  4.32941  1.58428  3.36401  2.28930  3.44519  3.76259  4.20328  3.70258  3.63086  3.08935  1.96928  2.01200  5.22293  3.99815     21 i - - -
          2.68618  4.42225  2.77519  2.73123  3.46354  2.40513  3.72494  3.29354  2.67741  2.69355  4.24690  2.90347  2.73739  3.18146  2.89801  2.37887  2.77519  2.98518  4.58477  3.61503
          0.02801  3.98508  4.70743  0.61958  0.77255  0.48576  0.95510
     22   3.21750  4.54852  4.76294  4.23979  3.20994  4.48422  4.85155  1.42478  4.07115  1.21912  3.03867  4.49725  4.72392  4.28329  4.23174  3.85655  3.45857  1.94520  5.24684  4.08871     22 l - - -
          2.68618  4.42225  2.77519  2.73123  3.46354  2.40513  3.72494  3.29354  2.67741  2.69355  4.24690  2.90347  2.73739  3.18146  2.89801  2.37887  2.77519  2.98518  4.58477  3.61503
          0.02801  3.98508  4.70743  0.61958  0.77255  0.48576  0.95510
     23   1.81955  4.69844  3.04852  2.64116  4.20107  3.33869  3.76352  3.51180  1.70681  3.17949  4.05570  3.07998  3.85978  2.94189  2.71824  2.71941  2.94480  3.17787  5.42046  4.14853     23 k - - -
          2.68618  4.42225  2.77519  2.73123  3.46354  2.40513  3.72494  3.29354  2.67741  2.69355  4.24690  2.90347  2.73739  3.18146  2.89801  2.37887  2.77519  2.98518  4.58477  3.61503
          0.02801  3.98508  4.70743  0.61958  0.77255  0.48576  0.95510
     24   2.83344  4.70973  3.37859  2.84971  3.77745  3.61439  3.78242  3.05507  1.70875  1.85451  3.72369  3.26972  4.02151  3.00228  2.62690  2.95913  3.06151  2.87523  5.17299  3.90763     24 k - - -
          2.68618  4.42225  2.77519  2.73123  3.46354  2.40513  3.72494  3.29354  2.67741  2.69355  4.24690  2.90347  2.73739  3.18146  2.89801  2.37887  2.77519  2.98518  4.58477  3.61503
          0.02801  3.98508  4.70743  0.61958  0.77255  0.48576  0.95510
     25   3.07902  4.40459  4.75586  4.26149  3.54652  4.40667  4.98191  1.29720  4.14643  2.05153  3.35652  4.48496  4.72738  4.41488  4.34873  3.79450  3.34725  1.20972  5.50915  4.30290     25 v - - -
          2.68618  4.42225  2.77519  2.73123  3.46354  2.40513  3.72494  3.29354  2.67741  2.69355  4.24690  2.90347  2.73739  3.18146  2.89801  2.37887  2.77519  2.98518  4.58477  3.61503
          0.28549  3.98508  1.47071  0.61958  0.77255  0.48576  0.95510
     26   3.09115  4.53583  4.04763  3.74103  1.26661  3.80332  3.83039  2.63748  3.65250  2.04263  3.39220  3.86720  4.26923  3.86026  3.80606  3.36510  3.39441  2.61693  4.12977  2.51793     26 f - - -
          2.68618  4.42225  2.77519  2.73123  3.46354  2.40513  3.72494  3.29354  2.67741  2.69355  4.24690  2.90347  2.73739  3.18146  2.89801  2.37887  2.77519  2.98518  4.58477  3.61503
          0.03609  3.73568  4.45803  0.61958  0.77255  0.68918  0.69713
     27   2.85331  4.80021  3.01991  2.67467  4.15499  3.35162  3.69740  3.57693  1.24451  3.17522  4.14970  3.10320  3.86638  2.90097  2.42669  2.90766  3.11995  3.29436  5.27081  4.06563     27 k - - -
          2.68618  4.42225  2.77519  2.73123  3.46354  2.40513  3.72494  3.29354  2.67741  2.69355  4.24690  2.90347  2.73739  3.18146  2.89801  2.37887  2.77519  2.98518  4.58477  3.61503
          0.03609  3.73568  4.45803  0.61958  0.77255  0.68918  0.69713
     28   2.85331  4.80021  3.01991  2.67467  4.15499  3.35162  3.69740  3.57693  1.24451  3.17522  4.14970  3.10320  3.86638  2.90097  2.42669  2.90766  3.11995  3.29436  5.27081  4.06563     28 k - - -
          2.68618  4.42225  2.77519  2.73123  3.46354  2.40513  3.72494  3.29354  2.67741  2.69355  4.24690  2.90347  2.73739  3.18146  2.89801  2.37887  2.77519  2.98518  4.58477  3.61503
          0.03609  3.73568  4.45803  0.61958  0.77255  0.68918  0.69713
     29   2.92400  4.38859  4.12843  3.74395  3.28766  3.90744  4.50105  1.26682  3.56872  1.90944  3.25203  4.00849  4.35727  3.93484  3.78116  3.39441  3.22809  1.86082  5.14556  3.86772     29 i - - -
          2.68618  4.42225  2.77519  2.73123  3.46354  2.40513  3.72494  3.29354  2.67741  2.69355  4.24690  2.90347  2.73739  3.18146  2.89801  2.37887  2.77519  2.98518  4.58477  3.61503
          0.03609  3.73568  4.45803  0.61958  0.77255  0.68918  0.69713
     30   3.12516  4.54590  3.89237  3.56842  2.55065  3.58513  3.75047  3.14746  3.29504  2.56379  3.78728  3.74626  4.09304  3.69060  3.44602  3.32978  3.41993  3.03413  1.21435  2.56091     30 w - - -
          2.68618  4.42225  2.77519  2.73123  3.46354  2.40513  3.72494  3.29354  2.67741  2.69355  4.24690  2.90347  2.73739  3.18146  2.89801  2.37887  2.77519  2.98518  4.58477  3.61503
          0.03609  3.73568  4.45803  0.61958  0.77255  0.68918  0.69713
     31   2.58777  4.36159  3.18120  3.00518  4.00155  3.05712  4.08973  3.51638  3.05148  3.15654  4.20472  3.32289  1.12700  3.44488  3.30803  2.75235  3.01999  3.17713  5.22120  4.12233     31 p - - -
          2.68618  4.42225  2.77519  2.73123  3.46354  2.40513  3.72494  3.29354  2.67741  2.69355  4.24690  2.90347  2.73739  3.18146  2.89801  2.37887  2.77519  2.98518  4.58477  3.61503
          0.03609  3.73568  4.45803  0.61958  0.77255  0.68918  0.69713
     32   3.00573  4.51187  3.96560  3.61098  3.09279  3.80142  4.30973  2.29730  3.37980  1.06538  3.16971  3.89878  4.26460  3.78141  3.57589  3.36478  3.30872  2.29783  4.91637  3.60633     32 l - - -
          2.68618  4.42225  2.77519  2.73123  3.46354  2.40513  3.72494  3.29354  2.67741  2.69355  4.24690  2.90347  2.73739  3.18146  2.89801  2.37887  2.77519  2.98518  4.58477  3.61503
          0.03609  3.73568  4.45803  0.61958  0.77255  0.37681  1.15852
     33   3.28310  4.71259  4.36993  4.01135  3.18139  4.12441  4.63181  2.39273  3.77798  0.74806  3.17109  4.27586  4.54109  4.11932  3.93520  3.70997  3.57262  2.45910  5.10044  3.84941     33 l - - -
          2.68618  4.42225  2.77519  2.73123  3.46354  2.40513  3.72494  3.29354  2.67741  2.69355  4.24690  2.90347  2.73739  3.18146  2.89801  2.37887  2.77519  2.98518  4.58477  3.61503
          0.02801  3.98508  4.70743  0.61958  0.77255  0.48576  0.95510
     34   3.06794  4.46735  4.53923  4.03604  3.30500  4.25039  4.71394  1.96995  3.87585  1.33957  3.16339  4.28714  4.58524  4.14367  4.07301  3.62611  3.33357  1.39619  5.25038  4.05225     34 l - - -
          2.68618  4.42225  2.77519  2.73123  3.46354  2.40513  3.72494  3.29354  2.67741  2.69355  4.24690  2.90347  2.73739  3.18146  2.89801  2.37887  2.77519  2.98518  4.58477  3.61503
          0.02801  3.98508  4.70743  0.61958  0.77255  0.48576  0.95510
     35   1.81589  4.29270  3.97670  3.52563  3.57738  3.67039  4.37094  1.56797  3.42773  2.32196  3.47779  3.77391  4.18729  3.74825  3.69251  3.05655  3.02056  2.00792  5.26228  4.03834     35 i - - -
          2.68618  4.42225  2.77519  2.73123  3.46354  2.40513  3.72494  3.29354  2.67741  2.69355  4.24690  2.90347  2.73739  3.18146  2.89801  2.37887  2.77519  2.98518  4.58477  3.61503
          0.02801  3.98508  4.70743  0.61958  0.77255  0.48576  0.95510
     36   3.07902  4.40459  4.75586  4.26149  3.54652  4.40667  4.98191  1.29720  4.14643  2.05153  3.35652  4.48496  4.72738  4.41488  4.34873  3.79450  3.34725  1.20972  5.50915  4.30290     36 v - - -
          2.68618  4.42225  2.77519  2.73123  3.46354  2.40513  3.72494  3.29354  2.67741  2.69355  4.24690  2.90347  2.73739  3.18146  2.89801  2.37887  2.77519  2.98518  4.58477  3.61503
          0.02801  3.98508  4.70743  0.61958  0.77255  0.48576  0.95510
     37   0.86292  4.25111  3.57939  3.37712  4.16686  3.07238  4.38552  3.30941  3.39633  3.18571  4.20610  3.49748  3.82237  3.72739  3.63837  2.60090  2.88612  2.94430  5.58276  4.39586     37 a - - -
          2.68618  4.42225  2.77519  2.73123  3.46354  2.40513  3.72494  3.29354  2.67741  2.69355  4.24690  2.90347  2.73739  3.18146  2.89801  2.37887  2.77519  2.98518  4.58477  3.61503
          0.02801  3.98508  4.70743  0.61958  0.77255  0.48576  0.95510
     38   2.88755  4.30726  4.39831  3.87747  3.54817  4.09004  4.62448  1.53256  3.77171  2.20480  3.39623  4.12453  4.47148  4.05570  4.00816  3.44167  2.63442  1.30258  5.32970  4.12352     38 v - - -
          2.68618  4.42225  2.77519  2.73123  3.46354  2.40513  3.72494  3.29354  2.67741  2.69355  4.24690  2.90347  2.73739  3.18146  2.89801  2.37887  2.77519  2.98518  4.58477  3.61503
          0.02801  3.98508  4.70743  0.61958  0.77255  0.48576  0.95510
     39   3.11924  4.50820  4.49319  4.11415  3.45185  4.18608  4.82232  0.94850  3.94443  2.01613  3.37098  4.34383  4.60751  4.28183  4.12825  3.69322  3.41684  1.85489  5.36517  4.11242     39 i - - -
          2.68618  4.42225  2.77519  2.73123  3.46354  2.40513  3.72494  3.29354  2.67741  2.69355  4.24690  2.90347  2.73739  3.18146  2.89801  2.37887  2.77519  2.98518  4.58477  3.61503
          0.02801  3.98508  4.70743  0.61958  0.77255  0.48576  0.95510
     40   3.41282  4.85609  4.00582  3.75726  2.30439  3.96235  3.67588  3.40663  3.61159  2.83126  4.07019  3.86422  4.43403  3.89046  3.77181  3.53794  3.70030  3.28264  3.95214  0.79728     40 y - - -
          2.68618  4.42225  2.77519  2.73123  3.46354  2.40513  3.72494  3.29354  2.67741  2.69355  4.24690  2.90347  2.73739  3.18146  2.89801  2.37887  2.77519  2.98518  4.58477  3.61503
          0.02801  3.98508  4.70743  0.61958  0.77255  0.48576  0.95510
     41   3.47289  4.74987  4.59625  4.23173  1.31571  4.28663  3.53588  3.13554  4.04822  2.46460  3.72347  4.05121  4.60688  4.07081  4.09546  3.66472  3.70006  3.07777  1.83185  1.98921     41 f - - -
          2.68618  4.42225  2.77519  2.73123  3.46354  2.40513  3.72494  3.29354  2.67741  2.69355  4.24690  2.90347  2.73739  3.18146  2.89801  2.37887  2.77519  2.98518  4.58477  3.61503
          0.02801  3.98508  4.70743  0.61958  0.77255  0.48576  0.95510
     42   1.63532  4.48642  2.90763  2.67015  4.22984  3.11849  3.94096  3.61656  2.82906  3.31971  4.18134  1.85930  3.77112  3.15917  3.21654  2.57021  2.86019  3.19611  5.54715  4.23710     42 a - - -
          2.68618  4.42225  2.77519  2.73123  3.46354  2.40513  3.72494  3.29354  2.67741  2.69355  4.24690  2.90347  2.73739  3.18146  2.89801  2.37887  2.77519  2.98518  4.58477  3.61503
          0.02801  3.98508  4.70743  0.61958  0.77255  0.48576  0.95510
     43   2.33346  4.31261  3.16413  2.89134  4.24249  3.02666  4.06017  3.69701  2.97416  3.36023  4.20659  3.18519  1.92187  3.30301  3.32323  1.58024  2.78149  3.20660  5.56565  4.29954     43 s - - -
          2.68618  4.42225  2.77519  2.73123  3.46354  2.40513  3.72494  3.29354  2.67741  2.69355  4.24690  2.90347  2.73739  3.18146  2.89801  2.37887  2.77519  2.98518  4.58477  3.61503
          0.02801  3.98508  4.70743  0.61958  0.77255  0.48576  0.95510
     44   2.81816  4.91760  1.81412  2.45941  3.42803  3.41188  3.69115  3.55708  2.73927  3.14256  4.07134  2.97426  3.91852  3.01168  3.19847  2.83302  3.08095  3.27162  4.92291  2.04178     44 d - - -
          2.68618  4.42225  2.77519  2.73123  3.46354  2.40513  3.72494  3.29354  2.67741  2.69355  4.24690  2.90347  2.73739  3.18146  2.89801  2.37887  2.77519  2.98518  4.58477  3.61503
          0.02801  3.98508  4.70743  0.61958  0.77255  0.48576  0.95510
     45   2.55203  4.34394  3.47512  3.05988  3.54623  3.37761  3.99596  2.85773  2.95630  1.76242  3.62053  3.37789  3.93334  3.33370  3.25772  1.84240  2.89465  2.64300  5.07713  3.76764     45 l - - -
          2.68618  4.42225  2.77519  2.73123  3.46354  2.40513  3.72494  3.29354  2.67741  2.69355  4.24690  2.90347  2.73739  3.18146  2.89801  2.37887  2.77519  2.98518  4.58477  3.61503
          0.02801  3.98508  4.70743  0.61958  0.77255  0.48576  0.95510
     46   1.81589  4.29270  3.97670  3.52563  3.57738  3.67039  4.37094  1.56797  3.42773  2.32196  3.47779  3.77391  4.18729  3.74825  3.69251  3.05655  3.02056  2.00792  5.26228  4.03834     46 i - - -
          2.68618  4.42225  2.77519  2.73123  3.46354  2.40513  3.72494  3.29354  2.67741  2.69355  4.24690  2.90347  2.73739  3.18146  2.89801  2.37887  2.77519  2.98518  4.58477  3.61503
          0.02801  3.98508  4.70743  0.61958  0.77255  0.48576  0.95510
     47   2.81009  4.57334  3.50684  3.42107  4.55937  0.57471  4.53355  4.18725  3.61759  3.82701  4.80437  3.67127  3.96805  3.93292  3.84039  2.98540  3.30010  3.69385  5.62385  4.66540     47 G - - -
          2.68618  4.42225  2.77519  2.73123  3.46354  2.40513  3.72494  3.29354  2.67741  2.69355  4.24690  2.90347  2.73739  3.18146  2.89801  2.37887  2.77519  2.98518  4.58477  3.61503
          0.02801  3.98508  4.70743  0.61958  0.77255  0.48576  0.95510
     48   3.40421  4.77332  4.39307  4.12992  0.84402  4.06566  3.93112  2.91510  4.03436  2.25969  3.62926  4.14734  4.52247  4.17156  4.12623  3.66771  3.70577  2.91390  4.14864  2.50229     48 f - - -
          2.68618  4.42225  2.77519  2.73123  3.46354  2.40513  3.72494  3.29354  2.67741  2.69355  4.24690  2.90347  2.73739  3.18146  2.89801  2.37887  2.77519  2.98518  4.58477  3.61503
          0.02801  3.98508  4.70743  0.61958  0.77255  0.48576  0.95510
     49   3.28003  4.63686  4.63906  4.15261  1.72508  4.36333  4.27221  2.36816  4.00696  1.17571  3.02314  4.30025  4.62342  4.12340  4.12838  3.72788  3.51209  2.46310  4.53073  3.03957     49 l - - -
          2.68618  4.42225  2.77519  2.73123  3.46354  2.40513  3.72494  3.29354  2.67741  2.69355  4.24690  2.90347  2.73739  3.18146  2.89801  2.37887  2.77519  2.98518  4.58477  3.61503
          0.02801  3.98508  4.70743  0.61958  0.77255  0.48576  0.95510
     50   2.29120  4.22917  3.31757  3.05307  4.24747  1.70649  4.16446  3.59843  3.11770  3.33319  4.19397  3.27214  3.72290  3.43371  3.43469  2.46330  1.63609  3.11869  5.58775  4.36937     50 t - - -
          2.68618  4.42225  2.77519  2.73123  3.46354  2.40513  3.72494  3.29354  2.67741  2.69355  4.24690  2.90347  2.73739  3.18146  2.89801  2.37887  2.77519  2.98518  4.58477  3.61503
          0.02801  3.98508  4.70743  0.61958  0.77255  0.48576  0.95510
     51   2.66880  4.79165  2.94755  2.56548  4.29033  3.33123  3.72540  3.71063  1.68702  3.29589  4.14245  3.02393  3.84976  2.89223  2.67358  1.85901  2.96320  3.34078  5.46043  4.16580     51 k - - -
          2.68618  4.42225  2.77519  2.73123  3.46354  2.40513  3.72494  3.29354  2.67741  2.69355  4.24690  2.90347  2.73739  3.18146  2.89801  2.37887  2.77519  2.98518  4.58477  3.61503
          0.28549  3.98508  1.47071  0.61958  0.77255  0.48576  0.95510
     52   2.92400  4.38859  4.12843  3.74395  3.28766  3.90744  4.50105  1.26682  3.56872  1.90944  3.25203  4.00849  4.35727  3.93484  3.78116  3.39441  3.22809  1.86082  5.14556  3.86772     52 i - - -
          2.68618  4.42225  2.77519  2.73123  3.46354  2.40513  3.72494  3.29354  2.67741  2.69355  4.24690  2.90347  2.73739  3.18146  2.89801  2.37887  2.77519  2.98518  4.58477  3.61503
          0.03609  3.73568  4.45803  0.61958  0.77255  0.37681  1.15852
     53   0.86292  4.25111  3.57939  3.37712  4.16686  3.07238  4.38552  3.30941  3.39633  3.18571  4.20610  3.49748  3.82237  3.72739  3.63837  2.60090  2.88612  2.94430  5.58276  4.39586     53 a - - -
          2.68618  4.42225  2.77519  2.73123  3.46354  2.40513  3.72494  3.29354  2.67741  2.69355  4.24690  2.90347  2.73739  3.18146  2.89801  2.37887  2.77519  2.98518  4.58477  3.61503
          0.02801  3.98508  4.70743  0.61958  0.77255  0.48576  0.95510
     54   2.80823  5.07731  1.50739  2.28282  4.62886  1.78612  3.86488  4.14526  2.87806  3.70895  4.56739  2.82971  3.83695  3.05410  3.41735  2.78303  3.14993  3.70430  5.82494  4.43753     54 d - - -
          2.68618  4.42225  2.77519  2.73123  3.46354  2.40513  3.72494  3.29354  2.67741  2.69355  4.24690  2.90347  2.73739  3.18146  2.89801  2.37887  2.77519  2.98518  4.58477  3.61503
          0.02801  3.98508  4.70743  0.61958  0.77255  0.48576  0.95510
     55   2.60194  4.33232  3.60452  3.19358  1.90503  3.43891  3.87944  2.94589  3.15899  2.60475  3.62841  3.45303  3.98303  3.44483  3.44813  1.83448  2.93983  2.72272  4.60554  3.09740     55 s - - -
          2.68618  4.42225  2.77519  2.73123  3.46354  2.40513  3.72494  3.29354  2.67741  2.69355  4.24690  2.90347  2.73739  3.18146  2.89801  2.37887  2.77519  2.98518  4.58477  3.61503
          0.02801  3.98508  4.70743  0.61958  0.77255  0.48576  0.95510
     56   2.47625  4.32116  3.53113  3.28973  4.07130  3.15637  4.29807  3.21227  3.23492  3.07174  4.11594  3.48014  3.86941  3.62436  3.48746  2.67889  0.99441  2.89509  5.49919  4.28828     56 t - - -
          2.68618  4.42225  2.77519  2.73123  3.46354  2.40513  3.72494  3.29354  2.67741  2.69355  4.24690  2.90347  2.73739  3.18146  2.89801  2.37887  2.77519  2.98518  4.58477  3.61503
          0.02801  3.98508  4.70743  0.61958  0.77255  0.48576  0.95510
     57   2.81009  4.57334  3.50684  3.42107  4.55937  0.57471  4.53355  4.18725  3.61759  3.82701  4.80437  3.67127  3.96805  3.93292  3.84039  2.98540  3.30010  3.69385  5.62385  4.66540     57 G - - -
          2.68618  4.42225  2.77519  2.73123  3.46354  2.40513  3.72494  3.29354  2.67741  2.69355  4.24690  2.90347  2.73739  3.18146  2.89801  2.37887  2.77519  2.98518  4.58477  3.61503
          0.02801  3.98508  4.70743  0.61958  0.77255  0.48576  0.95510
     58   3.11924  4.50820  4.49319  4.11415  3.45185  4.18608  4.82232  0.94850  3.94443  2.01613  3.37098  4.34383  4.60751  4.28183  4.12825  3.69322  3.41684  1.85489  5.36517  4.11242     58 i - - -
          2.68618  4.42225  2.77519  2.73123  3.46354  2.40513  3.72494  3.29354  2.67741  2.69355  4.24690  2.90347  2.73739  3.18146  2.89801  2.37887  2.77519  2.98518  4.58477  3.61503
          0.02801  3.98508  4.70743  0.61958  0.77255  0.48576  0.95510
     59   1.40373  4.17875  3.36960  3.14066  4.32009  1.64847  4.24704  3.67873  3.24887  3.41822  4.26940  3.30382  3.69961  3.53022  3.55281  2.42358  2.73781  3.15172  5.66034  4.45949     59 a - - -
          2.68618  4.42225  2.77519  2.73123  3.46354  2.40513  3.72494  3.29354  2.67741  2.69355  4.24690  2.90347  2.73739  3.18146  2.89801  2.37887  2.77519  2.98518  4.58477  3.61503
          0.02801  3.98508  4.70743  0.61958  0.77255  0.48576  0.95510
     60   2.81009  4.57334  3.50684  3.42107  4.55937  0.57471  4.53355  4.18725  3.61759  3.82701  4.80437  3.67127  3.96805  3.93292  3.84039  2.98540  3.30010  3.69385  5.62385  4.66540     60 G - - -
          2.68618  4.42225  2.77519  2.73123  3.46354  2.40513  3.72494  3.29354  2.67741  2.69355  4.24690  2.90347  2.73739  3.18146  2.89801  2.37887  2.77519  2.98518  4.58477  3.61503
          0.02801  3.98508  4.70743  0.61958  0.77255  0.48576  0.95510
     61   3.11924  4.50820  4.49319  4.11415  3.45185  4.18608  4.82232  0.94850  3.94443  2.01613  3.37098  4.34383  4.60751  4.28183  4.12825  3.69322  3.41684  1.85489  5.36517  4.11242     61 i - - -
          2.68618  4.42225  2.77519  2.73123  3.46354  2.40513  3.72494  3.29354  2.67741  2.69355  4.24690  2.90347  2.73739  3.18146  2.89801  2.37887  2.77519  2.98518  4.58477  3.61503
          0.28549  3.98508  1.47071  0.61958  0.77255  0.48576  0.95510
     62   3.09115  4.53583  4.04763  3.74103  1.26661  3.80332  3.83039  2.63748  3.65250  2.04263  3.39220  3.86720  4.26923  3.86026  3.80606  3.36510  3.39441  2.61693  4.12977  2.51793     62 f - - -
          2.68618  4.42225  2.77519  2.73123  3.46354  2.40513  3.72494  3.29354  2.67741  2.69355  4.24690  2.90347  2.73739  3.18146  2.89801  2.37887  2.77519  2.98518  4.58477  3.61503
          0.03609  3.73568  4.45803  0.61958  0.77255  0.68918  0.69713
     63   2.25734  4.17274  3.09597  2.91090  3.94126  2.90552  4.02185  3.44777  2.97483  3.18098  4.12306  3.15449  3.63415  3.33660  3.26137  1.31865  2.72817  3.01365  5.32627  4.02524     63 s - - -
          2.68618  4.42225  2.77519  2.73123  3.46354  2.40513  3.72494  3.29354  2.67741  2.69355  4.24690  2.90347  2.73739  3.18146  2.89801  2.37887  2.77519  2.98518  4.58477  3.61503
          0.03609  3.73568  4.45803  0.61958  0.77255  0.68918  0.69713
     64   2.25734  4.17274  3.09597  2.91090  3.94126  2.90552  4.02185  3.44777  2.97483  3.18098  4.12306  3.15449  3.63415  3.33660  3.26137  1.31865  2.72817  3.01365  5.32627  4.02524     64 s - - -
          2.68618  4.42225  2.77519  2.73123  3.46354  2.40513  3.72494  3.29354  2.67741  2.69355  4.24690  2.90347  2.73739  3.18146  2.89801  2.37887  2.77519  2.98518  4.58477  3.61503
          0.03609  3.73568  4.45803  0.61958  0.77255  0.68918  0.69713
     65   2.92400  4.38859  4.12843  3.74395  3.28766  3.90744  4.50105  1.26682  3.56872  1.90944  3.25203  4.00849  4.35727  3.93484  3.78116  3.39441  3.22809  1.86082  5.14556  3.86772     65 i - - -
          2.68618  4.42225  2.77519  2.73123  3.46354  2.40513  3.72494  3.29354  2.67741  2.69355  4.24690  2.90347  2.73739  3.18146  2.89801  2.37887  2.77519  2.98518  4.58477  3.61503
          0.03609  3.73568  4.45803  0.61958  0.77255  0.68918  0.69713
     66   1.23158  4.13354  3.33013  3.12142  3.92145  2.96028  4.15871  3.02764  3.13411  2.91440  3.96684  3.30365  3.68707  3.48965  3.39070  2.48776  2.75585  2.70659  5.36286  4.14878     66 a - - -
          2.68618  4.42225  2.77519  2.73123  3.46354  2.40513  3.72494  3.29354  2.67741  2.69355  4.24690  2.90347  2.73739  3.18146  2.89801  2.37887  2.77519  2.98518  4.58477  3.61503
          0.03609  3.73568  4.45803  0.61958  0.77255  0.68918  0.69713
     67   2.34896  4.19166  3.31513  3.06761  3.85582  3.03361  4.09421  2.96680  3.00776  2.83469  3.89922  3.29548  3.72864  3.41116  3.26968  2.54932  1.42822  2.67677  5.30638  4.07415     67 t - - -
          2.68618  4.42225  2.77519  2.73123  3.46354  2.40513  3.72494  3.29354  2.67741  2.69355  4.24690  2.90347  2.73739  3.18146  2.89801  2.37887  2.77519  2.98518  4.58477  3.61503
          0.03609  3.73568  4.45803  0.61958  0.77255  0.68918  0.69713
     68   2.34896  4.19166  3.31513  3.06761  3.85582  3.03361  4.09421  2.96680  3.00776  2.83469  3.89922  3.29548  3.72864  3.41116  3.26968  2.54932  1.42822  2.67677  5.30638  4.07415     68 t - - -
          2.68618  4.42225  2.77519  2.73123  3.46354  2.40513  3.72494  3.29354  2.67741  2.69355  4.24690  2.90347  2.73739  3.18146  2.89801  2.37887  2.77519  2.98518  4.58477  3.61503
          0.03609  3.73568  4.45803  0.61958  0.77255  0.68918  0.69713
     69   2.92400  4.38859  4.12843  3.74395  3.28766  3.90744  4.50105  1.26682  3.56872  1.90944  3.25203  4.00849  4.35727  3.93484  3.78116  3.39441  3.22809  1.86082  5.14556  3.86772     69 i - - -
          2.68618  4.42225  2.77519  2.73123  3.46354  2.40513  3.72494  3.29354  2.67741  2.69355  4.24690  2.90347  2.73739  3.18146  2.89801  2.37887  2.77519  2.98518  4.58477  3.61503
          0.03609  3.73568  4.45803  0.61958  0.77255  0.68918  0.69713
     70   2.34896  4.19166  3.31513  3.06761  3.85582  3.03361  4.09421  2.96680  3.00776  2.83469  3.89922  3.29548  3.72864  3.41116  3.26968  2.54932  1.42822  2.67677  5.30638  4.07415     70 t - - -
          2.68618  4.42225  2.77519  2.73123  3.46354  2.40513  3.72494  3.29354  2.67741  2.69355  4.24690  2.90347  2.73739  3.18146  2.89801  2.37887  2.77519  2.98518  4.58477  3.61503
          0.03609  3.73568  4.45803  0.61958  0.77255  0.68918  0.69713
     71   2.58777  4.36159  3.18120  3.00518  4.00155  3.05712  4.08973  3.51638  3.05148  3.15654  4.20472  3.32289  1.12700  3.44488  3.30803  2.75235  3.01999  3.17713  5.22120  4.12233     71 p - - -
          2.68618  4.42225  2.77519  2.73123  3.46354  2.40513  3.72494  3.29354  2.67741  2.69355  4.24690  2.90347  2.73739  3.18146  2.89801  2.37887  2.77519  2.98518  4.58477  3.61503
          0.03609  3.73568  4.45803  0.61958  0.77255  0.68918  0.69713
     72   2.34896  4.19166  3.31513  3.06761  3.85582  3.03361  4.09421  2.96680  3.00776  2.83469  3.89922  3.29548  3.72864  3.41116  3.26968  2.54932  1.42822  2.67677  5.30638  4.07415     72 t - - -
          2.68618  4.42225  2.77519  2.73123  3.46354  2.40513  3.72494  3.29354  2.67741  2.69355  4.24690  2.90347  2.73739  3.18146  2.89801  2.37887  2.77519  2.98518  4.58477  3.61503
          0.03609  3.73568  4.45803  0.61958  0.77255  0.68918  0.69713
     73   3.00573  4.51187  3.96560  3.61098  3.09279  3.80142  4.30973  2.29730  3.37980  1.06538  3.16971  3.89878  4.26460  3.78141  3.57589  3.36478  3.30872  2.29783  4.91637  3.60633     73 l - - -
          2.68618  4.42225  2.77519  2.73123  3.46354  2.40513  3.72494  3.29354  2.67741  2.69355  4.24690  2.90347  2.73739  3.18146  2.89801  2.37887  2.77519  2.98518  4.58477  3.61503
          0.03609  3.73568  4.45803  0.61958  0.77255  0.68918  0.69713
     74   2.34896  4.19166  3.31513  3.06761  3.85582  3.03361  4.09421  2.96680  3.00776  2.83469  3.89922  3.29548  3.72864  3.41116  3.26968  2.54932  1.42822  2.67677  5.30638  4.07415     74 t - - -
          2.68618  4.42225  2.77519  2.73123  3.46354  2.40513  3.72494  3.29354  2.67741  2.69355  4.24690  2.90347  2.73739  3.18146  2.89801  2.37887  2.77519  2.98518  4.58477  3.61503
          0.03609  3.73568  4.45803  0.61958  0.77255  0.68918  0.69713
     75   2.25734  4.17274  3.09597  2.91090  3.94126  2.90552  4.02185  3.44777  2.97483  3.18098  4.12306  3.15449  3.63415  3.33660  3.26137  1.31865  2.72817  3.01365  5.32627  4.02524     75 s - - -
          2.68618  4.42225  2.77519  2.73123  3.46354  2.40513  3.72494  3.29354  2.67741  2.69355  4.24690  2.90347  2.73739  3.18146  2.89801  2.37887  2.77519  2.98518  4.58477  3.61503
          0.03609  3.73568  4.45803  0.61958  0.77255  0.68918  0.69713
     76   3.09115  4.53583  4.04763  3.74103  1.26661  3.80332  3.83039  2.63748  3.65250  2.04263  3.39220  3.86720  4.26923  3.86026  3.80606  3.36510  3.39441  2.61693  4.12977  2.51793     76 f - - -
          2.68618  4.42225  2.77519  2.73123  3.46354  2.40513  3.72494  3.29354  2.67741  2.69355  4.24690  2.90347  2.73739  3.18146  2.89801  2.37887  2.77519  2.98518  4.58477  3.61503
          0.03609  3.73568  4.45803  0.61958  0.77255  0.68918  0.69713
     77   3.00573  4.51187  3.96560  3.61098  3.09279  3.80142  4.30973  2.29730  3.37980  1.06538  3.16971  3.89878  4.26460  3.78141  3.57589  3.36478  3.30872  2.29783  4.91637  3.60633     77 l - - -
          2.68618  4.42225  2.77519  2.73123  3.46354  2.40513  3.72494  3.29354  2.67741  2.69355  4.24690  2.90347  2.73739  3.18146  2.89801  2.37887  2.77519  2.98518  4.58477  3.61503
          0.03609  3.73568  4.45803  0.61958  0.77255  0.68918  0.69713
     78   2.25734  4.17274  3.09597  2.91090  3.94126  2.90552  4.02185  3.44777  2.97483  3.18098  4.12306  3.15449  3.63415  3.33660  3.26137  1.31865  2.72817  3.01365  5.32627  4.02524     78 s - - -
          2.68618  4.42225  2.77519  2.73123  3.46354  2.40513  3.72494  3.29354  2.67741  2.69355  4.24690  2.90347  2.73739  3.18146  2.89801  2.37887  2.77519  2.98518  4.58477  3.61503
          0.03609  3.73568  4.45803  0.61958  0.77255  0.68918  0.69713
     79   2.34896  4.19166  3.31513  3.06761  3.85582  3.03361  4.09421  2.96680  3.00776  2.83469  3.89922  3.29548  3.72864  3.41116  3.26968  2.54932  1.42822  2.67677  5.30638  4.07415     79 t - - -
          2.68618  4.42225  2.77519  2.73123  3.46354  2.40513  3.72494  3.29354  2.67741  2.69355  4.24690  2.90347  2.73739  3.18146  2.89801  2.37887  2.77519  2.98518  4.58477  3.61503
          0.03609  3.73568  4.45803  0.61958  0.77255  0.68918  0.69713
     80   1.23158  4.13354  3.33013  3.12142  3.92145  2.96028  4.15871  3.02764  3.13411  2.91440  3.96684  3.30365  3.68707  3.48965  3.39070  2.48776  2.75585  2.70659  5.36286  4.14878     80 a - - -
          2.68618  4.42225  2.77519  2.73123  3.46354  2.40513  3.72494  3.29354  2.67741  2.69355  4.24690  2.90347  2.73739  3.18146  2.89801  2.37887  2.77519  2.98518  4.58477  3.61503
          0.03609  3.73568  4.45803  0.61958  0.77255  0.68918  0.69713
     81   3.12516  4.54590  3.89237  3.56842  2.55065  3.58513  3.75047  3.14746  3.29504  2.56379  3.78728  3.74626  4.09304  3.69060  3.44602  3.32978  3.41993  3.03413  1.21435  2.56091     81 w - - -
          2.68618  4.42225  2.77519  2.73123  3.46354  2.40513  3.72494  3.29354  2.67741  2.69355  4.24690  2.90347  2.73739  3.18146  2.89801  2.37887  2.77519  2.98518  4.58477  3.61503
          0.03609  3.73568  4.45803  0.61958  0.77255  0.68918  0.69713
     82   2.25734  4.17274  3.09597  2.91090  3.94126  2.90552  4.02185  3.44777  2.97483  3.18098  4.12306  3.15449  3.63415  3.33660  3.26137  1.31865  2.72817  3.01365  5.32627  4.02524     82 s - - -
          2.68618  4.42225  2.77519  2.73123  3.46354  2.40513  3.72494  3.29354  2.67741  2.69355  4.24690  2.90347  2.73739  3.18146  2.89801  2.37887  2.77519  2.98518  4.58477  3.61503
          0.03609  3.73568  4.45803  0.61958  0.77255  0.68918  0.69713
     83   2.51063  4.29299  3.15548  3.04085  4.17319  0.97580  4.16435  3.74402  3.20254  3.41470  4.39393  3.32128  3.67974  3.53876  3.44860  2.67967  2.98149  3.29964  5.29950  4.27236     83 g - - -
          2.68618  4.42225  2.77519  2.73123  3.46354  2.40513  3.72494  3.29354  2.67741  2.69355  4.24690  2.90347  2.73739  3.18146  2.89801  2.37887  2.77519  2.98518  4.58477  3.61503
          0.03609  3.73568  4.45803  0.61958  0.77255  0.68918  0.69713
     84   2.70062  4.28694  3.92990  3.59468  3.45567  3.57510  4.42166  2.07832  3.45993  2.17145  3.44821  3.80462  4.14737  3.83231  3.68435  3.07467  3.06822  1.21923  5.21470  3.93499     84 v - - -
          2.68618  4.42225  2.77519  2.73123  3.46354  2.40513  3.72494  3.29354  2.67741  2.69355  4.24690  2.90347  2.73739  3.18146  2.89801  2.37887  2.77519  2.98518  4.58477  3.61503
          0.03609  3.73568  4.45803  0.61958  0.77255  0.68918  0.69713
     85   2.51063  4.29299  3.15548  3.04085  4.17319  0.97580  4.16435  3.74402  3.20254  3.41470  4.39393  3.32128  3.67974  3.53876  3.44860  2.67967  2.98149  3.29964  5.29950  4.27236     85 g - - -
          2.68618  4.42225  2.77519  2.73123  3.46354  2.40513  3.72494  3.29354  2.67741  2.69355  4.24690  2.90347  2.73739  3.18146  2.89801  2.37887  2.77519  2.98518  4.58477  3.61503
          0.03609  3.73568  4.45803  0.61958  0.77255  0.68918  0.69713
     86   2.25734  4.17274  3.09597  2.91090  3.94126  2.90552  4.02185  3.44777  2.97483  3.18098  4.12306  3.15449  3.63415  3.33660  3.26137  1.31865  2.72817  3.01365  5.32627  4.02524     86 s - - -
          2.68618  4.42225  2.77519  2.73123  3.46354  2.40513  3.72494  3.29354  2.67741  2.69355  4.24690  2.90347  2.73739  3.18146  2.89801  2.37887  2.77519  2.98518  4.58477  3.61503
          0.03609  3.73568  4.45803  0.61958  0.77255  0.68918  0.69713
     87   3.00573  4.51187  3.96560  3.61098  3.09279  3.80142  4.30973  2.29730  3.37980  1.06538  3.16971  3.89878  4.26460  3.78141  3.57589  3.36478  3.30872  2.29783  4.91637  3.60633     87 l - - -
          2.68618  4.42225  2.77519  2.73123  3.46354  2.40513  3.72494  3.29354  2.67741  2.69355  4.24690  2.90347  2.73739  3.18146  2.89801  2.37887  2.77519  2.98518  4.58477  3.61503
          0.03609  3.73568  4.45803  0.61958  0.77255  0.68918  0.69713
     88   1.23158  4.13354  3.33013  3.12142  3.92145  2.96028  4.15871  3.02764  3.13411  2.91440  3.96684  3.30365  3.68707  3.48965  3.39070  2.48776  2.75585  2.70659  5.36286  4.14878     88 a - - -
          2.68618  4.42225  2.77519  2.73123  3.46354  2.40513  3.72494  3.29354  2.67741  2.69355  4.24690  2.90347  2.73739  3.18146  2.89801  2.37887  2.77519  2.98518  4.58477  3.61503
          0.03609  3.73568  4.45803  0.61958  0.77255  0.68918  0.69713
     89   2.25734  4.17274  3.09597  2.91090  3.94126  2.90552  4.02185  3.44777  2.97483  3.18098  4.12306  3.15449  3.63415  3.33660  3.26137  1.31865  2.72817  3.01365  5.32627  4.02524     89 s - - -
          2.68618  4.42225  2.77519  2.73123  3.46354  2.40513  3.72494  3.29354  2.67741  2.69355  4.24690  2.90347  2.73739  3.18146  2.89801  2.37887  2.77519  2.98518  4.58477  3.61503
          0.03609  3.73568  4.45803  0.61958  0.77255  0.68918  0.69713
     90   2.34896  4.19166  3.31513  3.06761  3.85582  3.03361  4.09421  2.96680  3.00776  2.83469  3.89922  3.29548  3.72864  3.41116  3.26968  2.54932  1.42822  2.67677  5.30638  4.07415     90 t - - -
          2.68618  4.42225  2.77519  2.73123  3.46354  2.40513  3.72494  3.29354  2.67741  2.69355  4.24690  2.90347  2.73739  3.18146  2.89801  2.37887  2.77519  2.98518  4.58477  3.61503
          0.03609  3.73568  4.45803  0.61958  0.77255  0.68918  0.69713
     91   1.23158  4.13354  3.33013  3.12142  3.92145  2.96028  4.15871  3.02764  3.13411  2.91440  3.96684  3.30365  3.68707  3.48965  3.39070  2.48776  2.75585  2.70659  5.36286  4.14878     91 a - - -
          2.68618  4.42225  2.77519  2.73123  3.46354  2.40513  3.72494  3.29354  2.67741  2.69355  4.24690  2.90347  2.73739  3.18146  2.89801  2.37887  2.77519  2.98518  4.58477  3.61503
          0.03609  3.73568  4.45803  0.61958  0.77255  0.68918  0.69713
     92   3.12516  4.54590  3.89237  3.56842  2.55065  3.58513  3.75047  3.14746  3.29504  2.56379  3.78728  3.74626  4.09304  3.69060  3.44602  3.32978  3.41993  3.03413  1.21435  2.56091     92 w - - -
          2.68618  4.42225  2.77519  2.73123  3.46354  2.40513  3.72494  3.29354  2.67741  2.69355  4.24690  2.90347  2.73739  3.18146  2.89801  2.37887  2.77519  2.98518  4.58477  3.61503
          0.03609  3.73568  4.45803  0.61958  0.77255  0.68918  0.69713
     93   2.25734  4.17274  3.09597  2.91090  3.94126  2.90552  4.02185  3.44777  2.97483  3.18098  4.12306  3.15449  3.63415  3.33660  3.26137  1.31865  2.72817  3.01365  5.32627  4.02524     93 s - - -
          2.68618  4.42225  2.77519  2.73123  3.46354  2.40513  3.72494  3.29354  2.67741  2.69355  4.24690  2.90347  2.73739  3.18146  2.89801  2.37887  2.77519  2.98518  4.58477  3.61503
          0.03609  3.73568  4.45803  0.61958  0.77255  0.37681  1.15852
     94   2.81009  4.57334  3.50684  3.42107  4.55937  0.57471  4.53355  4.18725  3.61759  3.82701  4.80437  3.67127  3.96805  3.93292  3.84039  2.98540  3.30010  3.69385  5.62385  4.66540     94 G - - -
          2.68618  4.42225  2.77519  2.73123  3.46354  2.40513  3.72494  3.29354  2.67741  2.69355  4.24690  2.90347  2.73739  3.18146  2.89801  2.37887  2.77519  2.98518  4.58477  3.61503
          0.02801  3.98508  4.70743  0.61958  0.77255  0.48576  0.95510
     95   3.28003  4.63686  4.63906  4.15261  1.72508  4.36333  4.27221  2.36816  4.00696  1.17571  3.02314  4.30025  4.62342  4.12340  4.12838  3.72788  3.51209  2.46310  4.53073  3.03957     95 l - - -
          2.68618  4.42225  2.77519  2.73123  3.46354  2.40513  3.72494  3.29354  2.67741  2.69355  4.24690  2.90347  2.73739  3.18146  2.89801  2.37887  2.77519  2.98518  4.58477  3.61503
          0.28549  3.98508  1.47071  0.61958  0.77255  0.48576  0.95510
     96   2.78221  4.75294  2.82387  2.58277  3.90116  3.28042  3.73763  3.51631  2.41507  3.03190  4.07001  3.03883  3.83597  1.50091  2.69945  2.83879  3.08236  3.25655  5.20119  3.88733     96 q - - -
          2.68618  4.42225  2.77519  2.73123  3.46354  2.40513  3.72494  3.29354  2.67741  2.69355  4.24690  2.90347  2.73739  3.18146  2.89801  2.37887  2.77519  2.98518  4.58477  3.61503
          0.03609  3.73568  4.45803  0.61958  0.77255  0.68918  0.69713
     97   2.25734  4.17274  3.09597  2.91090  3.94126  2.90552  4.02185  3.44777  2.97483  3.18098  4.12306  3.15449  3.63415  3.33660  3.26137  1.31865  2.72817  3.01365  5.32627  4.02524     97 s - - -
          2.68618  4.42225  2.77519  2.73123  3.46354  2.40513  3.72494  3.29354  2.67741  2.69355  4.24690  2.90347  2.73739  3.18146  2.89801  2.37887  2.77519  2.98518  4.58477  3.61503
          0.03609  3.73568  4.45803  0.61958  0.77255  0.37681  1.15852
     98   3.28310  4.71259  4.36993  4.01135  3.18139  4.12441  4.63181  2.39273  3.77798  0.74806  3.17109  4.27586  4.54109  4.11932  3.93520  3.70997  3.57262  2.45910  5.10044  3.84941     98 l - - -
          2.68618  4.42225  2.77519  2.73123  3.46354  2.40513  3.72494  3.29354  2.67741  2.69355  4.24690  2.90347  2.73739  3.18146  2.89801  2.37887  2.77519  2.98518  4.58477  3.61503
          0.02801  3.98508  4.70743  0.61958  0.77255  0.48576  0.95510
     99   2.81009  4.57334  3.50684  3.42107  4.55937  0.57471  4.53355  4.18725  3.61759  3.82701  4.80437  3.67127  3.96805  3.93292  3.84039  2.98540  3.30010  3.69385  5.62385  4.66540     99 G - - -
          2.68618  4.42225  2.77519  2.73123  3.46354  2.40513  3.72494  3.29354  2.67741  2.69355  4.24690  2.90347  2.73739  3.18146  2.89801  2.37887  2.77519  2.98518  4.58477  3.61503
          0.02801  3.98508  4.70743  0.61958  0.77255  0.48576  0.95510
    100   2.62708  4.39446  3.51250  3.05052  3.52924  3.47976  3.99701  2.80009  2.93210  2.38635  2.09595  3.40513  2.19616  3.30849  3.24143  2.84287  2.93496  2.63744  5.08679  3.84138    100 m - - -
          2.68618  4.42225  2.77519  2.73123  3.46354  2.40513  3.72494  3.29354  2.67741  2.69355  4.24690  2.90347  2.73739  3.18146  2.89801  2.37887  2.77519  2.98518  4.58477  3.61503
          0.02801  3.98508  4.70743  0.61958  0.77255  0.48576  0.95510
    101   2.81009  4.57334  3.50684  3.42107  4.55937  0.57471  4.53355  4.18725  3.61759  3.82701  4.80437  3.67127  3.96805  3.93292  3.84039  2.98540  3.30010  3.69385  5.62385  4.66540    101 G - - -
          2.68618  4.42225  2.77519  2.73123  3.46354  2.40513  3.72494  3.29354  2.67741  2.69355  4.24690  2.90347  2.73739  3.18146  2.89801  2.37887  2.77519  2.98518  4.58477  3.61503
          0.28549  3.98508  1.47071  0.61958  0.77255  0.48576  0.95510
    102   2.34896  4.19166  3.31513  3.06761  3.85582  3.03361  4.09421  2.96680  3.00776  2.83469  3.89922  3.29548  3.72864  3.41116  3.26968  2.54932  1.42822  2.67677  5.30638  4.07415    102 t - - -
          2.68618  4.42225  2.77519  2.73123  3.46354  2.40513  3.72494  3.29354  2.67741  2.69355  4.24690  2.90347  2.73739  3.18146  2.89801  2.37887  2.77519  2.98518  4.58477  3.61503
          0.03609  3.73568  4.45803  0.61958  0.77255  0.37681  1.15852
    103   2.97373  4.96064  2.98095  2.73847  4.14388  3.44258  3.89741  3.79288  2.55172  3.28395  4.30965  3.19881  3.99830  1.04643  2.83326  3.01720  3.27109  3.51585  5.39642  4.09801    103 q - - -
          2.68618  4.42225  2.77519  2.73123  3.46354  2.40513  3.72494  3.29354  2.67741  2.69355  4.24690  2.90347  2.73739  3.18146  2.89801  2.37887  2.77519  2.98518  4.58477  3.61503
          0.02801  3.98508  4.70743  0.61958  0.77255  0.48576  0.95510
    104   3.28310  4.71259  4.36993  4.01135  3.18139  4.12441  4.63181  2.39273  3.77798  0.74806  3.17109  4.27586  4.54109  4.11932  3.93520  3.70997  3.57262  2.45910  5.10044  3.84941    104 l - - -
          2.68618  4.42225  2.77519  2.73123  3.46354  2.40513  3.72494  3.29354  2.67741  2.69355  4.24690  2.90347  2.73739  3.18146  2.89801  2.37887  2.77519  2.98518  4.58477  3.61503
          0.02801  3.98508  4.70743  0.61958  0.77255  0.48576  0.95510
    105   1.78086  4.34219  3.77558  3.33934  3.49723  3.55272  4.21430  2.47870  3.21861  1.59376  3.44026  3.61816  4.08493  3.56891  3.49160  2.94336  2.99311  2.33583  5.16256  3.92435    105 l - - -
          2.68618  4.42225  2.77519  2.73123  3.46354  2.40513  3.72494  3.29354  2.67741  2.69355  4.24690  2.90347  2.73739  3.18146  2.89801  2.37887  2.77519  2.98518  4.58477  3.61503
          0.02801  3.98508  4.70743  0.61958  0.77255  0.48576  0.95510
    106   2.96376  4.40623  4.39814  3.87390  3.29635  4.10351  4.56275  2.05269  3.72284  1.83751  1.99774  4.12842  4.46089  3.98942  3.93046  3.45776  3.22915  1.46618  5.17195  3.99823    106 v - - -
          2.68618  4.42225  2.77519  2.73123  3.46354  2.40513  3.72494  3.29354  2.67741  2.69355  4.24690  2.90347  2.73739  3.18146  2.89801  2.37887  2.77519  2.98518  4.58477  3.61503
          0.02801  3.98508  4.70743  0.61958  0.77255  0.48576  0.95510
    107   3.07902  4.40459  4.75586  4.26149  3.54652  4.40667  4.98191  1.29720  4.14643  2.05153  3.35652  4.48496  4.72738  4.41488  4.34873  3.79450  3.34725  1.20972  5.50915  4.30290    107 v - - -
          2.68618  4.42225  2.77519  2.73123  3.46354  2.40513  3.72494  3.29354  2.67741  2.69355  4.24690  2.90347  2.73739  3.18146  2.89801  2.37887  2.77519  2.98518  4.58477  3.61503
          0.02801  3.98508  4.70743  0.61958  0.77255  0.48576  0.95510
    108   1.43621  4.15456  3.42827  3.14766  4.24824  2.94199  4.21246  3.59908  3.19417  3.34547  4.19650  3.29989  3.68989  3.49151  3.49885  1.51541  2.70594  3.09105  5.61159  4.39017    108 a - - -
          2.68618  4.42225  2.77519  2.73123  3.46354  2.40513  3.72494  3.29354  2.67741  2.69355  4.24690  2.90347  2.73739  3.18146  2.89801  2.37887  2.77519  2.98518  4.58477  3.61503
          0.02801  3.98508  4.70743  0.61958  0.77255  0.48576  0.95510
    109   2.81009  4.57334  3.50684  3.42107  4.55937  0.57471  4.53355  4.18725  3.61759  3.82701  4.80437  3.67127  3.96805  3.93292  3.84039  2.98540  3.30010  3.69385  5.62385  4.66540    109 G - - -
          2.68618  4.42225  2.77519  2.73123  3.46354  2.40513  3.72494  3.29354  2.67741  2.69355  4.24690  2.90347  2.73739  3.18146  2.89801  2.37887  2.77519  2.98518  4.58477  3.61503
          0.02801  3.98508  4.70743  0.61958  0.77255  0.48576  0.95510
    110   1.78086  4.34219  3.77558  3.33934  3.49723  3.55272  4.21430  2.47870  3.21861  1.59376  3.44026  3.61816  4.08493  3.56891  3.49160  2.94336  2.99311  2.33583  5.16256  3.92435    110 l - - -
          2.68618  4.42225  2.77519  2.73123  3.46354  2.40513  3.72494  3.29354  2.67741  2.69355  4.24690  2.90347  2.73739  3.18146  2.89801  2.37887  2.77519  2.98518  4.58477  3.61503
          0.02801  3.98508  4.70743  0.61958  0.77255  0.48576  0.95510
    111   1.81589  4.29270  3.97670  3.52563  3.57738  3.67039  4.37094  1.56797  3.42773  2.32196  3.47779  3.77391  4.18729  3.74825  3.69251  3.05655  3.02056  2.00792  5.26228  4.03834    111 i - - -
          2.68618  4.42225  2.77519  2.73123  3.46354  2.40513  3.72494  3.29354  2.67741  2.69355  4.24690  2.90347  2.73739  3.18146  2.89801  2.37887  2.77519  2.98518  4.58477  3.61503
          0.02801  3.98508  4.70743  0.61958  0.77255  0.48576  0.95510
    112   1.40373  4.17875  3.36960  3.14066  4.32009  1.64847  4.24704  3.67873  3.24887  3.41822  4.26940  3.30382  3.69961  3.53022  3.55281  2.42358  2.73781  3.15172  5.66034  4.45949    112 a - - -
          2.68618  4.42225  2.77519  2.73123  3.46354  2.40513  3.72494  3.29354  2.67741  2.69355  4.24690  2.90347  2.73739  3.18146  2.89801  2.37887  2.77519  2.98518  4.58477  3.61503
          0.02801  3.98508  4.70743  0.61958  0.77255  0.48576  0.95510
    113   3.06794  4.46735  4.53923  4.03604  3.30500  4.25039  4.71394  1.96995  3.87585  1.33957  3.16339  4.28714  4.58524  4.14367  4.07301  3.62611  3.33357  1.39619  5.25038  4.05225    113 l - - -
          2.68618  4.42225  2.77519  2.73123  3.46354  2.40513  3.72494  3.29354  2.67741  2.69355  4.24690  2.90347  2.73739  3.18146  2.89801  2.37887  2.77519  2.98518  4.58477  3.61503
          0.02801  3.98508  4.70743  0.61958  0.77255  0.48576  0.95510
    114   3.21750  4.54852  4.76294  4.23979  3.20994  4.48422  4.85155  1.42478  4.07115  1.21912  3.03867  4.49725  4.72392  4.28329  4.23174  3.85655  3.45857  1.94520  5.24684  4.08871    114 l - - -
          2.68618  4.42225  2.77519  2.73123  3.46354  2.40513  3.72494  3.29354  2.67741  2.69355  4.24690  2.90347  2.73739  3.18146  2.89801  2.37887  2.77519  2.98518  4.58477  3.61503
          0.02801  3.98508  4.70743  0.61958  0.77255  0.48576  0.95510
    115   0.86292  4.25111  3.57939  3.37712  4.16686  3.07238  4.38552  3.30941  3.39633  3.18571  4.20610  3.49748  3.82237  3.72739  3.63837  2.60090  2.88612  2.94430  5.58276  4.39586    115 a - - -
          2.68618  4.42225  2.77519  2.73123  3.46354  2.40513  3.72494  3.29354  2.67741  2.69355  4.24690  2.90347  2.73739  3.18146  2.89801  2.37887  2.77519  2.98518  4.58477  3.61503
          0.02801  3.98508  4.70743  0.61958  0.77255  0.48576  0.95510
    116   2.73315  4.42365  3.63968  3.22674  1.82888  3.55663  3.92327  2.89792  3.18560  2.46333  3.56957  3.52164  2.04405  3.48051  3.47312  2.95524  3.04413  2.73264  4.63357  3.14662    116 f - - -
          2.68618  4.42225  2.77519  2.73123  3.46354  2.40513  3.72494  3.29354  2.67741  2.69355  4.24690  2.90347  2.73739  3.18146  2.89801  2.37887  2.77519  2.98518  4.58477  3.61503
          0.02801  3.98508  4.70743  0.61958  0.77255  0.48576  0.95510
    117   2.76848  4.64414  3.06408  1.86533  2.08464  3.52484  3.77810  3.06135  2.79495  2.67663  3.70384  3.18011  3.98008  3.12442  3.17885  2.88716  3.02255  2.86461  4.86730  3.40906    117 e - - -
          2.68618  4.42225  2.77519  2.73123  3.46354  2.40513  3.72494  3.29354  2.67741  2.69355  4.24690  2.90347  2.73739  3.18146  2.89801  2.37887  2.77519  2.98518  4.58477  3.61503
          0.02801  3.98508  4.70743  0.61958  0.77255  0.48576  0.95510
    118   2.75006  4.59979  3.11797  1.93399  3.74435  3.56120  3.89590  1.91375  2.75443  2.61857  3.66455  3.21923  4.00725  3.13523  3.12577  2.91135  3.00344  2.51354  5.23724  3.95006    118 i - - -
          2.68618  4.42225  2.77519  2.73123  3.46354  2.40513  3.72494  3.29354  2.67741  2.69355  4.24690  2.90347  2.73739  3.18146  2.89801  2.37887  2.77519  2.98518  4.58477  3.61503
          0.02801  3.98508  4.70743  0.61958  0.77255  0.48576  0.95510
    119   2.67033  4.87260  1.73474  2.35368  4.35226  3.22612  3.79796  3.71352  2.72061  3.38577  4.24936  2.87556  3.81261  2.97716  3.21005  2.68982  1.91437  3.34335  5.62582  4.24899    119 d - - -
          2.68618  4.42225  2.77519  2.73123  3.46354  2.40513  3.72494  3.29354  2.67741  2.69355  4.24690  2.90347  2.73739  3.18146  2.89801  2.37887  2.77519  2.98518  4.58477  3.61503
          0.02801  3.98508  4.70743  0.61958  0.77255  0.48576  0.95510
    120   1.43621  4.15456  3.42827  3.14766  4.24824  2.94199  4.21246  3.59908  3.19417  3.34547  4.19650  3.29989  3.68989  3.49151  3.49885  1.51541  2.70594  3.09105  5.61159  4.39017    120 a - - -
          2.68618  4.42225  2.77519  2.73123  3.46354  2.40513  3.72494  3.29354  2.67741  2.69355  4.24690  2.90347  2.73739  3.18146  2.89801  2.37887  2.77519  2.98518  4.58477  3.61503
          0.02801  3.98508  4.70743  0.61958  0.77255  0.48576  0.95510
    121   2.84700  5.21295  2.49351  1.64667  4.50849  3.33556  3.68594  3.97515  2.42732  3.48979  4.33804  2.83037  3.85910  1.90203  2.83669  2.79493  3.09863  3.60691  5.64395  4.26474    121 e - - -
          2.68618  4.42225  2.77519  2.73123  3.46354  2.40513  3.72494  3.29354  2.67741  2.69355  4.24690  2.90347  2.73739  3.18146  2.89801  2.37887  2.77519  2.98518  4.58477  3.61503
          0.02801  3.98508  4.70743  0.61958  0.77255  0.48576  0.95510
    122   1.78086  4.34219  3.77558  3.33934  3.49723  3.55272  4.21430  2.47870  3.21861  1.59376  3.44026  3.61816  4.08493  3.56891  3.49160  2.94336  2.99311  2.33583  5.16256  3.92435    122 l - - -
          2.68618  4.42225  2.77519  2.73123  3.46354  2.40513  3.72494  3.29354  2.67741  2.69355  4.24690  2.90347  2.73739  3.18146  2.89801  2.37887  2.77519  2.98518  4.58477  3.61503
          0.02801  3.98508  4.70743  0.61958  0.77255  0.48576  0.95510
    123   1.67490  4.21945  3.89897  3.49387  3.75439  3.39433  4.37096  2.37070  3.41815  2.56797  3.66256  3.66201  4.02117  3.72940  3.68218  2.81488  2.90855  1.50719  5.37244  4.15230    123 v - - -
          2.68618  4.42225  2.77519  2.73123  3.46354  2.40513  3.72494  3.29354  2.67741  2.69355  4.24690  2.90347  2.73739  3.18146  2.89801  2.37887  2.77519  2.98518  4.58477  3.61503
          0.02801  3.98508  4.70743  0.61958  0.77255  0.48576  0.95510
    124   2.29120  4.22917  3.31757  3.05307  4.24747  1.70649  4.16446  3.59843  3.11770  3.33319  4.19397  3.27214  3.72290  3.43371  3.43469  2.46330  1.63609  3.11869  5.58775  4.36937    124 t - - -
          2.68618  4.42225  2.77519  2.73123  3.46354  2.40513  3.72494  3.29354  2.67741  2.69355  4.24690  2.90347  2.73739  3.18146  2.89801  2.37887  2.77519  2.98518  4.58477  3.61503
          0.02801  3.98508  4.70743  0.61958  0.77255  0.48576  0.95510
    125   3.05235  5.18319  2.53969  0.87531  4.54402  3.34895  3.94691  4.02042  2.84184  3.61994  4.59012  3.00135  3.95922  3.16093  3.26152  3.02397  3.35781  3.69307  5.69441  4.41801    125 e - - -
          2.68618  4.42225  2.77519  2.73123  3.46354  2.40513  3.72494  3.29354  2.67741  2.69355  4.24690  2.90347  2.73739  3.18146  2.89801  2.37887  2.77519  2.98518  4.58477  3.61503
          0.02801  3.98508  4.70743  0.61958  0.77255  0.48576  0.95510
    126   3.07902  4.40459  4.75586  4.26149  3.54652  4.40667  4.98191  1.29720  4.14643  2.05153  3.35652  4.48496  4.72738  4.41488  4.34873  3.79450  3.34725  1.20972  5.50915  4.30290    126 v - - -
          2.68618  4.42225  2.77519  2.73123  3.46354  2.40513  3.72494  3.29354  2.67741  2.69355  4.24690  2.90347  2.73739  3.18146  2.89801  2.37887  2.77519  2.98518  4.58477  3.61503
          0.02801  3.98508  4.70743  0.61958  0.77255  0.48576  0.95510
    127   2.60290  4.38845  3.44665  3.08122  3.64444  1.88690  4.05167  2.94732  3.01475  1.67389  3.70799  3.40587  3.94768  3.38864  3.31217  2.80924  2.95404  2.72769  5.14549  3.86948    127 l - - -
          2.68618  4.42225  2.77519  2.73123  3.46354  2.40513  3.72494  3.29354  2.67741  2.69355  4.24690  2.90347  2.73739  3.18146  2.89801  2.37887  2.77519  2.98518  4.58477  3.61503
          0.02801  3.98508  4.70743  0.61958  0.77255  0.48576  0.95510
    128   2.26823  4.20682  3.37195  3.05583  4.17561  2.99859  4.12882  3.52073  3.06500  3.26154  4.12199  3.26767  3.71469  3.39448  3.38298  1.57168  1.68208  3.05848  5.53717  4.30033    128 s - - -
          2.68618  4.42225  2.77519  2.73123  3.46354  2.40513  3.72494  3.29354  2.67741  2.69355  4.24690  2.90347  2.73739  3.18146  2.89801  2.37887  2.77519  2.98518  4.58477  3.61503
          0.02801  3.98508  4.70743  0.61958  0.77255  0.48576  0.95510
    129   1.48972  4.16386  3.54083  3.20740  4.10297  3.02508  4.21316  3.22995  3.18438  3.11130  4.02994  3.36212  3.74552  3.50408  3.47751  2.47057  1.67649  2.84447  5.52042  4.31039    129 a - - -
          2.68618  4.42225  2.77519  2.73123  3.46354  2.40513  3.72494  3.29354  2.67741  2.69355  4.24690  2.90347  2.73739  3.18146  2.89801  2.37887  2.77519  2.98518  4.58477  3.61503
          0.02801  3.98508  4.70743  0.61958  0.77255  0.48576  0.95510
    130   2.89747  4.41008  4.28016  3.94781  3.63423  3.83919  4.73064  2.05035  3.81729  2.30240  3.58330  4.11926  4.39417  4.16945  4.01877  3.35061  3.25675  0.89406  5.43735  4.17549    130 v - - -
          2.68618  4.42225  2.77519  2.73123  3.46354  2.40513  3.72494  3.29354  2.67741  2.69355  4.24690  2.90347  2.73739  3.18146  2.89801  2.37887  2.77519  2.98518  4.58477  3.61503
          0.02801  3.98508  4.70743  0.61958  0.77255  0.48576  0.95510
    131   2.26560  4.23491  3.20159  2.99408  4.36985  1.67255  4.17722  3.84160  3.15409  3.50706  4.33218  3.22303  3.69418  3.43769  3.48783  1.49816  2.75246  3.26710  5.68587  4.44660    131 s - - -
          2.68618  4.42225  2.77519  2.73123  3.46354  2.40513  3.72494  3.29354  2.67741  2.69355  4.24690  2.90347  2.73739  3.18146  2.89801  2.37887  2.77519  2.98518  4.58477  3.61503
          0.02801  3.98508  4.70743  0.61958  0.77255  0.48576  0.95510
    132   3.11344  5.25544  0.76905  2.41102  4.64826  3.29854  4.03434  4.26267  3.14041  3.85140  4.83301  2.97264  3.95941  3.27442  3.67110  3.06383  3.45478  3.89022  5.79473  4.50392    132 d - - -
          2.68618  4.42225  2.77519  2.73123  3.46354  2.40513  3.72494  3.29354  2.67741  2.69355  4.24690  2.90347  2.73739  3.18146  2.89801  2.37887  2.77519  2.98518  4.58477  3.61503
          0.02801  3.98508  4.70743  0.61958  0.77255  0.48576  0.95510
    133   3.11924  4.50820  4.49319  4.11415  3.45185  4.18608  4.82232  0.94850  3.94443  2.01613  3.37098  4.34383  4.60751  4.28183  4.12825  3.69322  3.41684  1.85489  5.36517  4.11242    133 i - - -
          2.68618  4.42225  2.77519  2.73123  3.46354  2.40513  3.72494  3.29354  2.67741  2.69355  4.24690  2.90347  2.73739  3.18146  2.89801  2.37887  2.77519  2.98518  4.58477  3.61503
          0.02801  3.98508  4.70743  0.61958  0.77255  0.48576  0.95510
    134   0.86292  4.25111  3.57939  3.37712  4.16686  3.07238  4.38552  3.30941  3.39633  3.18571  4.20610  3.49748  3.82237  3.72739  3.63837  2.60090  2.88612  2.94430  5.58276  4.39586    134 a - - -
          2.68618  4.42225  2.77519  2.73123  3.46354  2.40513  3.72494  3.29354  2.67741  2.69355  4.24690  2.90347  2.73739  3.18146  2.89801  2.37887  2.77519  2.98518  4.58477  3.61503
          0.02801  3.98508  4.70743  0.61958  0.77255  0.48576  0.95510
    135   2.72838  4.83894  2.89798  2.57477  4.37741  1.94084  3.77272  3.80543  1.62200  3.38005  4.23365  3.04033  3.87092  2.94561  2.73373  2.77059  3.02923  3.42785  5.51340  4.24381    135 k - - -
          2.68618  4.42225  2.77519  2.73123  3.46354  2.40513  3.72494  3.29354  2.67741  2.69355  4.24690  2.90347  2.73739  3.18146  2.89801  2.37887  2.77519  2.98518  4.58477  3.61503
          0.02801  3.98508  4.70743  0.61958  0.77255  0.48576  0.95510
    136   2.29120  4.22917  3.31757  3.05307  4.24747  1.70649  4.16446  3.59843  3.11770  3.33319  4.19397  3.27214  3.72290  3.43371  3.43469  2.46330  1.63609  3.11869  5.58775  4.36937    136 t - - -
          2.68618  4.42225  2.77519  2.73123  3.46354  2.40513  3.72494  3.29354  2.67741  2.69355  4.24690  2.90347  2.73739  3.18146  2.89801  2.37887  2.77519  2.98518  4.58477  3.61503
          0.02801  3.98508  4.70743  0.61958  0.77255  0.48576  0.95510
    137   3.11924  4.50820  4.49319  4.11415  3.45185  4.18608  4.82232  0.94850  3.94443  2.01613  3.37098  4.34383  4.60751  4.28183  4.12825  3.69322  3.41684  1.85489  5.36517  4.11242    137 i - - -
          2.68618  4.42225  2.77519  2.73123  3.46354  2.40513  3.72494  3.29354  2.67741  2.69355  4.24690  2.90347  2.73739  3.18146  2.89801  2.37887  2.77519  2.98518  4.58477  3.61503
          0.02801  3.98508  4.70743  0.61958  0.77255  0.48576  0.95510
    138   1.81589  4.29270  3.97670  3.52563  3.57738  3.67039  4.37094  1.56797  3.42773  2.32196  3.47779  3.77391  4.18729  3.74825  3.69251  3.05655  3.02056  2.00792  5.26228  4.03834    138 i - - -
          2.68618  4.42225  2.77519  2.73123  3.46354  2.40513  3.72494  3.29354  2.67741  2.69355  4.24690  2.90347  2.73739  3.18146  2.89801  2.37887  2.77519  2.98518  4.58477  3.61503
          0.02801  3.98508  4.70743  0.61958  0.77255  0.48576  0.95510
    139   2.29120  4.22917  3.31757  3.05307  4.24747  1.70649  4.16446  3.59843  3.11770  3.33319  4.19397  3.27214  3.72290  3.43371  3.43469  2.46330  1.63609  3.11869  5.58775  4.36937    139 t - - -
          2.68618  4.42225  2.77519  2.73123  3.46354  2.40513  3.72494  3.29354  2.67741  2.69355  4.24690  2.90347  2.73739  3.18146  2.89801  2.37887  2.77519  2.98518  4.58477  3.61503
          0.02801  3.98508  4.70743  0.61958  0.77255  0.48576  0.95510
    140   2.81009  4.57334  3.50684  3.42107  4.55937  0.57471  4.53355  4.18725  3.61759  3.82701  4.80437  3.67127  3.96805  3.93292  3.84039  2.98540  3.30010  3.69385  5.62385  4.66540    140 G - - -
          2.68618  4.42225  2.77519  2.73123  3.46354  2.40513  3.72494  3.29354  2.67741  2.69355  4.24690  2.90347  2.73739  3.18146  2.89801  2.37887  2.77519  2.98518  4.58477  3.61503
          0.02801  3.98508  4.70743  0.61958  0.77255  0.48576  0.95510
    141   2.89747  4.41008  4.28016  3.94781  3.63423  3.83919  4.73064  2.05035  3.81729  2.30240  3.58330  4.11926  4.39417  4.16945  4.01877  3.35061  3.25675  0.89406  5.43735  4.17549    141 v - - -
          2.68618  4.42225  2.77519  2.73123  3.46354  2.40513  3.72494  3.29354  2.67741  2.69355  4.24690  2.90347  2.73739  3.18146  2.89801  2.37887  2.77519  2.98518  4.58477  3.61503
          0.02801  3.98508  4.70743  0.61958  0.77255  0.48576  0.95510
    142   1.48972  4.16386  3.54083  3.20740  4.10297  3.02508  4.21316  3.22995  3.18438  3.11130  4.02994  3.36212  3.74552  3.50408  3.47751  2.47057  1.67649  2.84447  5.52042  4.31039    142 a - - -
          2.68618  4.42225  2.77519  2.73123  3.46354  2.40513  3.72494  3.29354  2.67741  2.69355  4.24690  2.90347  2.73739  3.18146  2.89801  2.37887  2.77519  2.98518  4.58477  3.61503
          0.02801  3.98508  4.70743  0.61958  0.77255  0.48576  0.95510
    143   2.86652  5.19390  2.65423  1.69848  4.54307  3.39757  3.65913  3.96144  1.64913  3.47199  4.31215  2.89565  3.88443  2.80236  2.62171  2.82368  3.09992  3.59819  5.59750  4.26955    143 k - - -
          2.68618  4.42225  2.77519  2.73123  3.46354  2.40513  3.72494  3.29354  2.67741  2.69355  4.24690  2.90347  2.73739  3.18146  2.89801  2.37887  2.77519  2.98518  4.58477  3.61503
          0.02801  3.98508  4.70743  0.61958  0.77255  0.48576  0.95510
    144   1.67490  4.21945  3.89897  3.49387  3.75439  3.39433  4.37096  2.37070  3.41815  2.56797  3.66256  3.66201  4.02117  3.72940  3.68218  2.81488  2.90855  1.50719  5.37244  4.15230    144 v - - -
          2.68618  4.42225  2.77519  2.73123  3.46354  2.40513  3.72494  3.29354  2.67741  2.69355  4.24690  2.90347  2.73739  3.18146  2.89801  2.37887  2.77519  2.98518  4.58477  3.61503
          0.02801  3.98508  4.70743  0.61958  0.77255  0.48576  0.95510
    145   3.06794  4.46735  4.53923  4.03604  3.30500  4.25039  4.71394  1.96995  3.87585  1.33957  3.16339  4.28714  4.58524  4.14367  4.07301  3.62611  3.33357  1.39619  5.25038  4.05225    145 l - - -
          2.68618  4.42225  2.77519  2.73123  3.46354  2.40513  3.72494  3.29354  2.67741  2.69355  4.24690  2.90347  2.73739  3.18146  2.89801  2.37887  2.77519  2.98518  4.58477  3.61503
          0.02801  3.98508  4.70743  0.61958  0.77255  0.48576  0.95510
    146   2.33346  4.31261  3.16413  2.89134  4.24249  3.02666  4.06017  3.69701  2.97416  3.36023  4.20659  3.18519  1.92187  3.30301  3.32323  1.58024  2.78149  3.20660  5.56565  4.29954    146 s - - -
          2.68618  4.42225  2.77519  2.73123  3.46354  2.40513  3.72494  3.29354  2.67741  2.69355  4.24690  2.90347  2.73739  3.18146  2.89801  2.37887  2.77519  2.98518  4.58477  3.61503
          0.02801  3.98508  4.70743  0.61958  0.77255  0.48576  0.95510
    147   2.81009  4.57334  3.50684  3.42107  4.55937  0.57471  4.53355  4.18725  3.61759  3.82701  4.80437  3.67127  3.96805  3.93292  3.84039  2.98540  3.30010  3.69385  5.62385  4.66540    147 G - - -
          2.68618  4.42225  2.77519  2.73123  3.46354  2.40513  3.72494  3.29354  2.67741  2.69355  4.24690  2.90347  2.73739  3.18146  2.89801  2.37887  2.77519  2.98518  4.58477  3.61503
          0.02801  3.98508  4.70743  0.61958  0.77255  0.48576  0.95510
    148   1.74510  4.31419  3.66009  3.19413  3.19933  3.45798  3.91720  2.90242  3.03733  2.57320  3.57684  3.46636  3.97755  3.39916  3.30513  2.83764  2.92501  2.68381  2.21165  3.32794    148 a - - -
          2.68618  4.42225  2.77519  2.73123  3.46354  2.40513  3.72494  3.29354  2.67741  2.69355  4.24690  2.90347  2.73739  3.18146  2.89801  2.37887  2.77519  2.98518  4.58477  3.61503
          0.28549  3.98508  1.47071  0.61958  0.77255  0.48576  0.95510
    149   1.23158  4.13354  3.33013  3.12142  3.92145  2.96028  4.15871  3.02764  3.13411  2.91440  3.96684  3.30365  3.68707  3.48965  3.39070  2.48776  2.75585  2.70659  5.36286  4.14878    149 a - - -
          2.68618  4.42225  2.77519  2.73123  3.46354  2.40513  3.72494  3.29354  2.67741  2.69355  4.24690  2.90347  2.73739  3.18146  2.89801  2.37887  2.77519  2.98518  4.58477  3.61503
          0.03609  3.73568  4.45803  0.61958  0.77255  0.68918  0.69713
    150   2.85331  4.80021  3.01991  2.67467  4.15499  3.35162  3.69740  3.57693  1.24451  3.17522  4.14970  3.10320  3.86638  2.90097  2.42669  2.90766  3.11995  3.29436  5.27081  4.06563    150 k - - -
          2.68618  4.42225  2.77519  2.73123  3.46354  2.40513  3.72494  3.29354  2.67741  2.69355  4.24690  2.90347  2.73739  3.18146  2.89801  2.37887  2.77519  2.98518  4.58477  3.61503
          0.03609  3.73568  4.45803  0.61958  0.77255  0.68918  0.69713
    151   2.25734  4.17274  3.09597  2.91090  3.94126  2.90552  4.02185  3.44777  2.97483  3.18098  4.12306  3.15449  3.63415  3.33660  3.26137  1.31865  2.72817  3.01365  5.32627  4.02524    151 s - - -
          2.68618  4.42225  2.77519  2.73123  3.46354  2.40513  3.72494  3.29354  2.67741  2.69355  4.24690  2.90347  2.73739  3.18146  2.89801  2.37887  2.77519  2.98518  4.58477  3.61503
          0.03609  3.73568  4.45803  0.61958  0.77255  0.68918  0.69713
    152   3.00573  4.51187  3.96560  3.61098  3.09279  3.80142  4.30973  2.29730  3.37980  1.06538  3.16971  3.89878  4.26460  3.78141  3.57589  3.36478  3.30872  2.29783  4.91637  3.60633    152 l - - -
          2.68618  4.42225  2.77519  2.73123  3.46354  2.40513  3.72494  3.29354  2.67741  2.69355  4.24690  2.90347  2.73739  3.18146  2.89801  2.37887  2.77519  2.98518  4.58477  3.61503
          0.03609  3.73568  4.45803  0.61958  0.77255  0.68918  0.69713
    153   3.00573  4.51187  3.96560  3.61098  3.09279  3.80142  4.30973  2.29730  3.37980  1.06538  3.16971  3.89878  4.26460  3.78141  3.57589  3.36478  3.30872  2.29783  4.91637  3.60633    153 l - - -
          2.68618  4.42225  2.77519  2.73123  3.46354  2.40513  3.72494  3.29354  2.67741  2.69355  4.24690  2.90347  2.73739  3.18146  2.89801  2.37887  2.77519  2.98518  4.58477  3.61503
          0.03609  3.73568  4.45803  0.61958  0.77255  0.68918  0.69713
    154   2.25734  4.17274  3.09597  2.91090  3.94126  2.90552  4.02185  3.44777  2.97483  3.18098  4.12306  3.15449  3.63415  3.33660  3.26137  1.31865  2.72817  3.01365  5.32627  4.02524    154 s - - -
          2.68618  4.42225  2.77519  2.73123  3.46354  2.40513  3.72494  3.29354  2.67741  2.69355  4.24690  2.90347  2.73739  3.18146  2.89801  2.37887  2.77519  2.98518  4.58477  3.61503
          0.03609  3.73568  4.45803  0.61958  0.77255  0.68918  0.69713
    155   2.25734  4.17274  3.09597  2.91090  3.94126  2.90552  4.02185  3.44777  2.97483  3.18098  4.12306  3.15449  3.63415  3.33660  3.26137  1.31865  2.72817  3.01365  5.32627  4.02524    155 s - - -
          2.68618  4.42225  2.77519  2.73123  3.46354  2.40513  3.72494  3.29354  2.67741  2.69355  4.24690  2.90347  2.73739  3.18146  2.89801  2.37887  2.77519  2.98518  4.58477  3.61503
          0.03609  3.73568  4.45803  0.61958  0.77255  0.68918  0.69713
    156   2.58777  4.36159  3.18120  3.00518  4.00155  3.05712  4.08973  3.51638  3.05148  3.15654  4.20472  3.32289  1.12700  3.44488  3.30803  2.75235  3.01999  3.17713  5.22120  4.12233    156 p - - -
          2.68618  4.42225  2.77519  2.73123  3.46354  2.40513  3.72494  3.29354  2.67741  2.69355  4.24690  2.90347  2.73739  3.18146  2.89801  2.37887  2.77519  2.98518  4.58477  3.61503
          0.03609  3.73568  4.45803  0.61958  0.77255  0.37681  1.15852
    157   3.21750  4.54852  4.76294  4.23979  3.20994  4.48422  4.85155  1.42478  4.07115  1.21912  3.03867  4.49725  4.72392  4.28329  4.23174  3.85655  3.45857  1.94520  5.24684  4.08871    157 l - - -
          2.68618  4.42225  2.77519  2.73123  3.46354  2.40513  3.72494  3.29354  2.67741  2.69355  4.24690  2.90347  2.73739  3.18146  2.89801  2.37887  2.77519  2.98518  4.58477  3.61503
          0.02801  3.98508  4.70743  0.61958  0.77255  0.48576  0.95510
    158   2.75024  4.47484  3.57369  3.17790  3.29354  1.71125  3.94856  3.27083  3.06297  2.90347  3.86851  3.48744  4.00283  3.44070  3.33798  2.93908  3.07676  3.01004  1.84808  3.34573    158 g - - -
          2.68618  4.42225  2.77519  2.73123  3.46354  2.40513  3.72494  3.29354  2.67741  2.69355  4.24690  2.90347  2.73739  3.18146  2.89801  2.37887  2.77519  2.98518  4.58477  3.61503
          0.02801  3.98508  4.70743  0.61958  0.77255  0.48576  0.95510
    159   3.21750  4.54852  4.76294  4.23979  3.20994  4.48422  4.85155  1.42478  4.07115  1.21912  3.03867  4.49725  4.72392  4.28329  4.23174  3.85655  3.45857  1.94520  5.24684  4.08871    159 l - - -
          2.68618  4.42225  2.77519  2.73123  3.46354  2.40513  3.72494  3.29354  2.67741  2.69355  4.24690  2.90347  2.73739  3.18146  2.89801  2.37887  2.77519  2.98518  4.58477  3.61503
          0.02801  3.98508  4.70743  0.61958  0.77255  0.48576  0.95510
    160   1.78086  4.34219  3.77558  3.33934  3.49723  3.55272  4.21430  2.47870  3.21861  1.59376  3.44026  3.61816  4.08493  3.56891  3.49160  2.94336  2.99311  2.33583  5.16256  3.92435    160 l - - -
          2.68618  4.42225  2.77519  2.73123  3.46354  2.40513  3.72494  3.29354  2.67741  2.69355  4.24690  2.90347  2.73739  3.18146  2.89801  2.37887  2.77519  2.98518  4.58477  3.61503
          0.02801  3.98508  4.70743  0.61958  0.77255  0.48576  0.95510
    161   1.78086  4.34219  3.77558  3.33934  3.49723  3.55272  4.21430  2.47870  3.21861  1.59376  3.44026  3.61816  4.08493  3.56891  3.49160  2.94336  2.99311  2.33583  5.16256  3.92435    161 l - - -
          2.68618  4.42225  2.77519  2.73123  3.46354  2.40513  3.72494  3.29354  2.67741  2.69355  4.24690  2.90347  2.73739  3.18146  2.89801  2.37887  2.77519  2.98518  4.58477  3.61503
          0.02801  3.98508  4.70743  0.61958  0.77255  0.48576  0.95510
    162   2.81009  4.57334  3.50684  3.42107  4.55937  0.57471  4.53355  4.18725  3.61759  3.82701  4.80437  3.67127  3.96805  3.93292  3.84039  2.98540  3.30010  3.69385  5.62385  4.66540    162 G - - -
          2.68618  4.42225  2.77519  2.73123  3.46354  2.40513  3.72494  3.29354  2.67741  2.69355  4.24690  2.90347  2.73739  3.18146  2.89801  2.37887  2.77519  2.98518  4.58477  3.61503
          0.02801  3.98508  4.70743  0.61958  0.77255  0.48576  0.95510
    163   2.81009  4.57334  3.50684  3.42107  4.55937  0.57471  4.53355  4.18725  3.61759  3.82701  4.80437  3.67127  3.96805  3.93292  3.84039  2.98540  3.30010  3.69385  5.62385  4.66540    163 G - - -
          2.68618  4.42225  2.77519  2.73123  3.46354  2.40513  3.72494  3.29354  2.67741  2.69355  4.24690  2.90347  2.73739  3.18146  2.89801  2.37887  2.77519  2.98518  4.58477  3.61503
          0.02801  3.98508  4.70743  0.61958  0.77255  0.48576  0.95510
    164   3.06794  4.46735  4.53923  4.03604  3.30500  4.25039  4.71394  1.96995  3.87585  1.33957  3.16339  4.28714  4.58524  4.14367  4.07301  3.62611  3.33357  1.39619  5.25038  4.05225    164 l - - -
          2.68618  4.42225  2.77519  2.73123  3.46354  2.40513  3.72494  3.29354  2.67741  2.69355  4.24690  2.90347  2.73739  3.18146  2.89801  2.37887  2.77519  2.98518  4.58477  3.61503
          0.02801  3.98508  4.70743  0.61958  0.77255  0.48576  0.95510
    165   0.86292  4.25111  3.57939  3.37712  4.16686  3.07238  4.38552  3.30941  3.39633  3.18571  4.20610  3.49748  3.82237  3.72739  3.63837  2.60090  2.88612  2.94430  5.58276  4.39586    165 a - - -
          2.68618  4.42225  2.77519  2.73123  3.46354  2.40513  3.72494  3.29354  2.67741  2.69355  4.24690  2.90347  2.73739  3.18146  2.89801  2.37887  2.77519  2.98518  4.58477  3.61503
          0.02801  3.98508  4.70743  0.61958  0.77255  0.48576  0.95510
    166   1.67490  4.21945  3.89897  3.49387  3.75439  3.39433  4.37096  2.37070  3.41815  2.56797  3.66256  3.66201  4.02117  3.72940  3.68218  2.81488  2.90855  1.50719  5.37244  4.15230    166 v - - -
          2.68618  4.42225  2.77519  2.73123  3.46354  2.40513  3.72494  3.29354  2.67741  2.69355  4.24690  2.90347  2.73739  3.18146  2.89801  2.37887  2.77519  2.98518  4.58477  3.61503
          0.02801  3.98508  4.70743  0.61958  0.77255  0.48576  0.95510
    167   3.47289  4.74987  4.59625  4.23173  1.31571  4.28663  3.53588  3.13554  4.04822  2.46460  3.72347  4.05121  4.60688  4.07081  4.09546  3.66472  3.70006  3.07777  1.83185  1.98921    167 f - - -
          2.68618  4.42225  2.77519  2.73123  3.46354  2.40513  3.72494  3.29354  2.67741  2.69355  4.24690  2.90347  2.73739  3.18146  2.89801  2.37887  2.77519  2.98518  4.58477  3.61503
          0.02801  3.98508  4.70743  0.61958  0.77255  0.48576  0.95510
    168   0.86292  4.25111  3.57939  3.37712  4.16686  3.07238  4.38552  3.30941  3.39633  3.18571  4.20610  3.49748  3.82237  3.72739  3.63837  2.60090  2.88612  2.94430  5.58276  4.39586    168 a - - -
          2.68618  4.42225  2.77519  2.73123  3.46354  2.40513  3.72494  3.29354  2.67741  2.69355  4.24690  2.90347  2.73739  3.18146  2.89801  2.37887  2.77519  2.98518  4.58477  3.61503
          0.02801  3.98508  4.70743  0.61958  0.77255  0.48576  0.95510
    169   3.06794  4.46735  4.53923  4.03604  3.30500  4.25039  4.71394  1.96995  3.87585  1.33957  3.16339  4.28714  4.58524  4.14367  4.07301  3.62611  3.33357  1.39619  5.25038  4.05225    169 l - - -
          2.68618  4.42225  2.77519  2.73123  3.46354  2.40513  3.72494  3.29354  2.67741  2.69355  4.24690  2.90347  2.73739  3.18146  2.89801  2.37887  2.77519  2.98518  4.58477  3.61503
          0.02801  3.98508  4.70743  0.61958  0.77255  0.48576  0.95510
    170   3.52405  4.82307  4.45829  4.09351  1.95350  4.26741  3.44527  3.37541  3.87280  2.74971  3.95278  3.95727  4.59493  3.97364  3.96389  3.63727  3.74611  3.25678  1.80314  1.24433    170 y - - -
          2.68618  4.42225  2.77519  2.73123  3.46354  2.40513  3.72494  3.29354  2.67741  2.69355  4.24690  2.90347  2.73739  3.18146  2.89801  2.37887  2.77519  2.98518  4.58477  3.61503
          0.02801  3.98508  4.70743  0.61958  0.77255  0.48576  0.95510
    171   2.73461  4.77209  3.19715  2.72442  4.23365  3.40579  3.76001  3.67166  2.31988  3.23830  4.11657  3.15019  2.06122  2.93902  1.70778  2.80312  3.01833  3.33174  5.38869  4.14708    171 r - - -
          2.68618  4.42225  2.77519  2.73123  3.46354  2.40513  3.72494  3.29354  2.67741  2.69355  4.24690  2.90347  2.73739  3.18146  2.89801  2.37887  2.77519  2.98518  4.58477  3.61503
          0.02801  3.98508  4.70743  0.61958  0.77255  0.48576  0.95510
    172   2.60194  4.33232  3.60452  3.19358  1.90503  3.43891  3.87944  2.94589  3.15899  2.60475  3.62841  3.45303  3.98303  3.44483  3.44813  1.83448  2.93983  2.72272  4.60554  3.09740    172 s - - -
          2.68618  4.42225  2.77519  2.73123  3.46354  2.40513  3.72494  3.29354  2.67741  2.69355  4.24690  2.90347  2.73739  3.18146  2.89801  2.37887  2.77519  2.98518  4.58477  3.61503
          0.02801  3.98508  4.70743  0.61958  0.77255  0.48576  0.95510
    173   2.39909  4.20955  3.59880  3.20985  3.78527  3.21204  4.14942  2.82683  3.15405  2.79618  3.77538  3.42532  3.85846  3.48238  3.44627  1.72394  2.80682  1.69222  5.28085  4.02682    173 v - - -
          2.68618  4.42225  2.77519  2.73123  3.46354  2.40513  3.72494  3.29354  2.67741  2.69355  4.24690  2.90347  2.73739  3.18146  2.89801  2.37887  2.77519  2.98518  4.58477  3.61503
          0.02801  3.98508  4.70743  0.61958  0.77255  0.48576  0.95510
    174   2.70245  4.97633  1.64654  2.27938  4.49131  3.18615  3.80016  3.98516  2.76091  3.56856  4.40923  2.81483  3.80197  2.97788  3.28098  1.77138  3.03698  3.55580  5.73738  4.31891    174 d - - -
          2.68618  4.42225  2.77519  2.73123  3.46354  2.40513  3.72494  3.29354  2.67741  2.69355  4.24690  2.90347  2.73739  3.18146  2.89801  2.37887  2.77519  2.98518  4.58477  3.61503
          0.02801  3.98508  4.70743  0.61958  0.77255  0.48576  0.95510
    175   2.66880  4.79165  2.94755  2.56548  4.29033  3.33123  3.72540  3.71063  1.68702  3.29589  4.14245  3.02393  3.84976  2.89223  2.67358  1.85901  2.96320  3.34078  5.46043  4.16580    175 k - - -
          2.68618  4.42225  2.77519  2.73123  3.46354  2.40513  3.72494  3.29354  2.67741  2.69355  4.24690  2.90347  2.73739  3.18146  2.89801  2.37887  2.77519  2.98518  4.58477  3.61503
          0.02801  3.98508  4.70743  0.61958  0.77255  0.48576  0.95510
    176   2.57578  4.80832  2.23117  2.33046  4.14212  3.34729  3.54366  3.60647  2.02901  3.17230  3.93579  2.85725  3.73540  2.68672  2.78005  2.57405  2.80454  3.25150  5.21950  3.97671    176 k - - -
          2.68618  4.42225  2.77519  2.73123  3.46354  2.40513  3.72494  3.29354  2.67741  2.69355  4.24690  2.90347  2.73739  3.18146  2.89801  2.37887  2.77519  2.98518  4.58477  3.61503
          0.02801  3.98508  4.70743  0.61958  0.77255  0.48576  0.95510
    177   3.05235  5.18319  2.53969  0.87531  4.54402  3.34895  3.94691  4.02042  2.84184  3.61994  4.59012  3.00135  3.95922  3.16093  3.26152  3.02397  3.35781  3.69307  5.69441  4.41801    177 e - - -
          2.68618  4.42225  2.77519  2.73123  3.46354  2.40513  3.72494  3.29354  2.67741  2.69355  4.24690  2.90347  2.73739  3.18146  2.89801  2.37887  2.77519  2.98518  4.58477  3.61503
          0.28549  3.98508  1.47071  0.61958  0.77255  0.48576  0.95510
    178   2.61785  4.60043  2.65005  2.52451  3.94301  3.09795  3.82554  3.62902  2.72065  3.29364  4.25417  1.42685  3.74582  3.10288  3.06641  2.69343  2.99814  3.26531  5.26585  3.90483    178 n - - -
          2.68618  4.42225  2.77519  2.73123  3.46354  2.40513  3.72494  3.29354  2.67741  2.69355  4.24690  2.90347  2.73739  3.18146  2.89801  2.37887  2.77519  2.98518  4.58477  3.61503
          0.03609  3.73568  4.45803  0.61958  0.77255  0.68918  0.69713
    179   2.34896  4.19166  3.31513  3.06761  3.85582  3.03361  4.09421  2.96680  3.00776  2.83469  3.89922  3.29548  3.72864  3.41116  3.26968  2.54932  1.42822  2.67677  5.30638  4.07415    179 t - - -
          2.68618  4.42225  2.77519  2.73123  3.46354  2.40513  3.72494  3.29354  2.67741  2.69355  4.24690  2.90347  2.73739  3.18146  2.89801  2.37887  2.77519  2.98518  4.58477  3.61503
          0.03609  3.73568  4.45803  0.61958  0.77255  0.68918  0.69713
    180   2.92400  4.38859  4.12843  3.74395  3.28766  3.90744  4.50105  1.26682  3.56872  1.90944  3.25203  4.00849  4.35727  3.93484  3.78116  3.39441  3.22809  1.86082  5.14556  3.86772    180 i - - -
          2.68618  4.42225  2.77519  2.73123  3.46354  2.40513  3.72494  3.29354  2.67741  2.69355  4.24690  2.90347  2.73739  3.18146  2.89801  2.37887  2.77519  2.98518  4.58477  3.61503
          0.03609  3.73568  4.45803  0.61958  0.77255  0.68918  0.69713
    181   2.34896  4.19166  3.31513  3.06761  3.85582  3.03361  4.09421  2.96680  3.00776  2.83469  3.89922  3.29548  3.72864  3.41116  3.26968  2.54932  1.42822  2.67677  5.30638  4.07415    181 t - - -
          2.68618  4.42225  2.77519  2.73123  3.46354  2.40513  3.72494  3.29354  2.67741  2.69355  4.24690  2.90347  2.73739  3.18146  2.89801  2.37887  2.77519  2.98518  4.58477  3.61503
          0.03609  3.73568  4.45803  0.61958  0.77255  0.68918  0.69713
    182   2.70062  4.28694  3.92990  3.59468  3.45567  3.57510  4.42166  2.07832  3.45993  2.17145  3.44821  3.80462  4.14737  3.83231  3.68435  3.07467  3.06822  1.21923  5.21470  3.93499    182 v - - -
          2.68618  4.42225  2.77519  2.73123  3.46354  2.40513  3.72494  3.29354  2.67741  2.69355  4.24690  2.90347  2.73739  3.18146  2.89801  2.37887  2.77519  2.98518  4.58477  3.61503
          0.03609  3.73568  4.45803  0.61958  0.77255  0.68918  0.69713
    183   2.85331  4.80021  3.01991  2.67467  4.15499  3.35162  3.69740  3.57693  1.24451  3.17522  4.14970  3.10320  3.86638  2.90097  2.42669  2.90766  3.11995  3.29436  5.27081  4.06563    183 k - - -
          2.68618  4.42225  2.77519  2.73123  3.46354  2.40513  3.72494  3.29354  2.67741  2.69355  4.24690  2.90347  2.73739  3.18146  2.89801  2.37887  2.77519  2.98518  4.58477  3.61503
          0.03609  3.73568  4.45803  0.61958  0.77255  0.68918  0.69713
    184   2.51063  4.29299  3.15548  3.04085  4.17319  0.97580  4.16435  3.74402  3.20254  3.41470  4.39393  3.32128  3.67974  3.53876  3.44860  2.67967  2.98149  3.29964  5.29950  4.27236    184 g - - -
          2.68618  4.42225  2.77519  2.73123  3.46354  2.40513  3.72494  3.29354  2.67741  2.69355  4.24690  2.90347  2.73739  3.18146  2.89801  2.37887  2.77519  2.98518  4.58477  3.61503
          0.03609  3.73568  4.45803  0.61958  0.77255  0.68918  0.69713
    185   1.23158  4.13354  3.33013  3.12142  3.92145  2.96028  4.15871  3.02764  3.13411  2.91440  3.96684  3.30365  3.68707  3.48965  3.39070  2.48776  2.75585  2.70659  5.36286  4.14878    185 a - - -
          2.68618  4.42225  2.77519  2.73123  3.46354  2.40513  3.72494  3.29354  2.67741  2.69355  4.24690  2.90347  2.73739  3.18146  2.89801  2.37887  2.77519  2.98518  4.58477  3.61503
          0.03609  3.73568  4.45803  0.61958  0.77255  0.68918  0.69713
    186   2.25734  4.17274  3.09597  2.91090  3.94126  2.90552  4.02185  3.44777  2.97483  3.18098  4.12306  3.15449  3.63415  3.33660  3.26137  1.31865  2.72817  3.01365  5.32627  4.02524    186 s - - -
          2.68618  4.42225  2.77519  2.73123  3.46354  2.40513  3.72494  3.29354  2.67741  2.69355  4.24690  2.90347  2.73739  3.18146  2.89801  2.37887  2.77519  2.98518  4.58477  3.61503
          0.03609  3.73568  4.45803  0.61958  0.77255  0.68918  0.69713
    187   2.61785  4.60043  2.65005  2.52451  3.94301  3.09795  3.82554  3.62902  2.72065  3.29364  4.25417  1.42685  3.74582  3.10288  3.06641  2.69343  2.99814  3.26531  5.26585  3.90483    187 n - - -
          2.68618  4.42225  2.77519  2.73123  3.46354  2.40513  3.72494  3.29354  2.67741  2.69355  4.24690  2.90347  2.73739  3.18146  2.89801  2.37887  2.77519  2.98518  4.58477  3.61503
          0.03609  3.73568  4.45803  0.61958  0.77255  0.68918  0.69713
    188   1.23158  4.13354  3.33013  3.12142  3.92145  2.96028  4.15871  3.02764  3.13411  2.91440  3.96684  3.30365  3.68707  3.48965  3.39070  2.48776  2.75585  2.70659  5.36286  4.14878    188 a - - -
          2.68618  4.42225  2.77519  2.73123  3.46354  2.40513  3.72494  3.29354  2.67741  2.69355  4.24690  2.90347  2.73739  3.18146  2.89801  2.37887  2.77519  2.98518  4.58477  3.61503
          0.03609  3.73568  4.45803  0.61958  0.77255  0.68918  0.69713
    189   2.85046  4.94078  1.13697  2.27007  4.30177  3.11393  3.82464  3.86062  2.88529  3.49652  4.47732  2.81688  3.75792  3.06798  3.37773  2.83275  3.18832  3.51658  5.49685  4.20480    189 d - - -
          2.68618  4.42225  2.77519  2.73123  3.46354  2.40513  3.72494  3.29354  2.67741  2.69355  4.24690  2.90347  2.73739  3.18146  2.89801  2.37887  2.77519  2.98518  4.58477  3.61503
          0.02443  3.72403        *  0.61958  0.77255  0.00000        *
//
