HMMER3/f [3.3.1 | Jul 2020]
NAME  vHMM_18081
LENG  122
ALPH  amino
RF    no
MM    no
CONS  yes
CS    no
MAP   yes
DATE  Thu Feb 11 23:25:48 2021
NSEQ  21
EFFN  0.848511
CKSUM 1018748493
STATS LOCAL MSV       -9.9897  0.71315
STATS LOCAL VITERBI  -10.6070  0.71315
STATS LOCAL FORWARD   -4.3094  0.71315
CUTOFF SCORE	118.88
TAXON	Nanoviridae
TXID	251095
PROTEIN	U2
TYPE	Full-length
RANGE	Wide
HMM          A        C        D        E        F        G        H        I        K        L        M        N        P        Q        R        S        T        V        W        Y   
            m->m     m->i     m->d     i->m     i->i     d->m     d->d
  COMPO   2.67623  3.76400  2.90593  2.56177  3.39978  3.09392  3.57603  2.99574  2.58777  2.57075  3.61520  3.05779  3.38405  3.01305  2.68047  2.70007  2.96082  2.72801  4.40371  3.08522
          2.68618  4.42225  2.77519  2.73123  3.46354  2.40513  3.72494  3.29354  2.67741  2.69355  4.24690  2.90347  2.73739  3.18146  2.89801  2.37887  2.77519  2.98518  4.58477  3.61503
          0.11487  4.10372  2.38586  0.61958  0.77255  0.00000        *
      1   3.08720  4.61452  4.20598  3.81234  3.27787  3.94241  4.51435  2.46812  3.57192  1.85277  1.12750  4.07149  4.40564  3.94543  3.75997  3.45033  3.39629  2.49043  5.13661  3.90999      1 m - - -
          2.68618  4.42225  2.77519  2.73123  3.46354  2.40513  3.72494  3.29354  2.67741  2.69355  4.24690  2.90347  2.73739  3.18146  2.89801  2.37887  2.77519  2.98518  4.58477  3.61503
          0.02714  4.01599  4.73834  0.61958  0.77255  0.43211  1.04736
      2   2.23362  4.60266  2.89592  2.43016  3.80830  3.45195  3.68603  3.19371  2.54664  2.85208  3.08420  3.04808  3.44633  2.88436  2.98270  2.53255  2.65601  2.58628  5.15143  3.85683      2 a - - -
          2.68618  4.42225  2.77519  2.73123  3.46354  2.40513  3.72494  3.29354  2.67741  2.69355  4.24690  2.90347  2.73739  3.18146  2.89801  2.37887  2.77519  2.98518  4.58477  3.61503
          0.02484  4.10372  4.82607  0.61958  0.77255  0.48576  0.95510
      3   2.57683  4.57800  2.71776  2.58830  3.39747  3.44309  3.71129  3.03897  2.58087  2.84668  3.70292  3.07003  3.85296  2.91587  3.01286  1.99866  2.57466  2.70321  5.15688  3.86326      3 s - - -
          2.68618  4.42225  2.77519  2.73123  3.46354  2.40513  3.72494  3.29354  2.67741  2.69355  4.24690  2.90347  2.73739  3.18146  2.89801  2.37887  2.77519  2.98518  4.58477  3.61503
          0.02484  4.10372  4.82607  0.61958  0.77255  0.48576  0.95510
      4   2.45590  4.52669  3.06256  2.21381  3.33136  3.48408  3.34992  2.87643  2.60352  2.60134  3.61668  3.10060  3.87003  2.93593  3.02310  2.70742  2.81832  2.82231  5.05982  2.90777      4 e - - -
          2.68618  4.42225  2.77519  2.73123  3.46354  2.40513  3.72494  3.29354  2.67741  2.69355  4.24690  2.90347  2.73739  3.18146  2.89801  2.37887  2.77519  2.98518  4.58477  3.61503
          0.02484  4.10372  4.82607  0.61958  0.77255  0.48576  0.95510
      5   2.49428  4.79039  3.06868  2.49804  4.02938  3.46142  3.28668  3.14257  2.15310  3.04072  3.86573  3.00137  3.84679  2.79314  2.13775  2.53139  2.86278  3.12610  5.27789  3.50830      5 r - - -
          2.68618  4.42225  2.77519  2.73123  3.46354  2.40513  3.72494  3.29354  2.67741  2.69355  4.24690  2.90347  2.73739  3.18146  2.89801  2.37887  2.77519  2.98518  4.58477  3.61503
          0.02484  4.10372  4.82607  0.61958  0.77255  0.48576  0.95510
      6   2.62479  5.01128  2.91062  2.15999  4.32032  3.40417  3.02721  3.56789  2.19930  3.29312  4.06522  2.72066  3.79659  2.42974  2.46889  2.47799  2.85269  3.24168  5.45816  4.08846      6 e - - -
          2.68618  4.42225  2.77519  2.73123  3.46354  2.40513  3.72494  3.29354  2.67741  2.69355  4.24690  2.90347  2.73739  3.18146  2.89801  2.37887  2.77519  2.98518  4.58477  3.61503
          0.02484  4.10372  4.82607  0.61958  0.77255  0.48576  0.95510
      7   2.59382  4.82367  2.97342  2.26227  4.07105  3.41629  3.30145  3.41418  2.29731  2.84488  3.67393  2.76708  3.43692  2.54819  2.86349  2.49161  2.82464  3.16100  5.31809  3.25399      7 e - - -
          2.68618  4.42225  2.77519  2.73123  3.46354  2.40513  3.72494  3.29354  2.67741  2.69355  4.24690  2.90347  2.73739  3.18146  2.89801  2.37887  2.77519  2.98518  4.58477  3.61503
          0.02484  4.10372  4.82607  0.61958  0.77255  0.48576  0.95510
      8   2.64688  4.91856  3.00509  2.43512  3.64787  3.44291  3.26726  3.62232  1.95622  3.18215  3.72534  2.60210  3.82920  2.69695  2.25656  2.65638  2.87100  3.27583  5.37426  4.03850      8 k - - -
          2.68618  4.42225  2.77519  2.73123  3.46354  2.40513  3.72494  3.29354  2.67741  2.69355  4.24690  2.90347  2.73739  3.18146  2.89801  2.37887  2.77519  2.98518  4.58477  3.61503
          0.02484  4.10372  4.82607  0.61958  0.77255  0.48576  0.95510
      9   2.70162  4.26576  3.92250  3.38634  2.91074  3.72642  4.08508  2.49619  3.27667  1.37855  3.26144  3.66809  4.13285  3.55394  3.52536  2.76124  2.70277  2.35959  4.85107  3.59916      9 l - - -
          2.68618  4.42225  2.77519  2.73123  3.46354  2.40513  3.72494  3.29354  2.67741  2.69355  4.24690  2.90347  2.73739  3.18146  2.89801  2.37887  2.77519  2.98518  4.58477  3.61503
          0.02484  4.10372  4.82607  0.61958  0.77255  0.48576  0.95510
     10   1.88719  4.22227  3.52880  3.18102  4.30611  3.01754  4.23253  3.66385  3.19559  3.38598  4.21810  3.34997  3.74857  3.49438  3.51918  1.26730  2.18309  3.15459  5.65324  4.43869     10 s - - -
          2.68625  4.42173  2.77515  2.73098  3.46361  2.40520  3.72501  3.29342  2.67748  2.69351  4.24697  2.90354  2.73746  3.18153  2.89795  2.37878  2.77526  2.98525  4.58484  3.61510
          0.11487  2.29756  4.82607  1.21093  0.35371  0.48576  0.95510
     11   2.62584  4.17219  3.84563  3.26553  3.13621  3.67714  3.90635  2.60760  3.13151  2.06578  2.28395  3.55215  4.04433  3.41473  2.82376  2.95191  2.85601  2.42331  3.81591  2.83022     16 l - - -
          2.68618  4.42225  2.77519  2.73123  3.46354  2.40513  3.72494  3.29354  2.67741  2.69355  4.24690  2.90347  2.73739  3.18146  2.89801  2.37887  2.77519  2.98518  4.58477  3.61503
          0.06884  4.10372  2.99545  0.61958  0.77255  0.48576  0.95510
     12   2.59860  4.73838  3.02697  2.49149  3.51081  3.24496  3.65151  3.43109  2.41674  3.04133  3.86676  2.77913  3.39183  2.81475  1.99891  2.49500  2.84219  3.11108  5.28082  3.96395     17 r - - -
          2.68618  4.42225  2.77519  2.73123  3.46354  2.40513  3.72494  3.29354  2.67741  2.69355  4.24690  2.90347  2.73739  3.18146  2.89801  2.37887  2.77519  2.98518  4.58477  3.61503
          0.02594  4.06082  4.78316  0.61958  0.77255  0.53296  0.88398
     13   2.78799  5.25639  2.31176  1.45074  4.56143  3.33069  3.66900  4.03701  2.47551  3.53851  4.33662  2.79873  3.83376  2.56960  2.69013  2.72672  3.03634  3.63256  5.69237  4.27475     18 e - - -
          2.68618  4.42225  2.77519  2.73123  3.46354  2.40513  3.72494  3.29354  2.67741  2.69355  4.24690  2.90347  2.73739  3.18146  2.89801  2.37887  2.77519  2.98518  4.58477  3.61503
          0.02594  4.06082  4.78316  0.61958  0.77255  0.45734  1.00230
     14   3.19221  4.47335  4.96444  4.45131  3.56440  4.60060  5.12693  1.11514  4.34053  1.92491  3.35622  4.66833  4.86202  4.57399  4.51885  3.98231  3.44593  1.35556  5.56897  4.38695     19 i - - -
          2.68618  4.42225  2.77519  2.73123  3.46354  2.40513  3.72494  3.29354  2.67741  2.69355  4.24690  2.90347  2.73739  3.18146  2.89801  2.37887  2.77519  2.98518  4.58477  3.61503
          0.02484  4.10372  4.82607  0.61958  0.77255  0.48576  0.95510
     15   2.51060  4.37820  3.34280  2.61763  3.52857  3.52670  3.76737  2.71616  2.58058  2.59522  2.94789  3.21351  3.90831  3.05470  2.89669  2.60501  2.64593  2.33244  4.94902  3.33835     20 v - - -
          2.68618  4.42225  2.77519  2.73123  3.46354  2.40513  3.72494  3.29354  2.67741  2.69355  4.24690  2.90347  2.73739  3.18146  2.89801  2.37887  2.77519  2.98518  4.58477  3.61503
          0.02484  4.10372  4.82607  0.61958  0.77255  0.48576  0.95510
     16   2.47398  4.78658  3.01543  2.48057  4.06306  3.42635  3.65167  3.46390  2.18078  3.07336  3.89560  2.98622  3.83462  2.14084  2.82898  2.50985  2.67637  2.71714  5.31463  3.99589     21 q - - -
          2.68618  4.42225  2.77519  2.73123  3.46354  2.40513  3.72494  3.29354  2.67741  2.69355  4.24690  2.90347  2.73739  3.18146  2.89801  2.37887  2.77519  2.98518  4.58477  3.61503
          0.02484  4.10372  4.82607  0.61958  0.77255  0.48576  0.95510
     17   3.34620  4.65975  4.96425  4.39294  3.11286  4.62027  4.92109  1.86554  4.25279  0.98310  2.15507  4.64477  4.78616  4.34001  4.35696  3.96659  3.56415  2.27187  5.20572  4.16065     22 l - - -
          2.68618  4.42225  2.77519  2.73123  3.46354  2.40513  3.72494  3.29354  2.67741  2.69355  4.24690  2.90347  2.73739  3.18146  2.89801  2.37887  2.77519  2.98518  4.58477  3.61503
          0.02484  4.10372  4.82607  0.61958  0.77255  0.48576  0.95510
     18   3.05373  5.24972  3.40887  2.75467  4.70567  3.68633  3.62948  4.05589  1.24245  3.47746  4.32495  3.18220  4.04680  2.30720  1.88478  3.03172  3.21871  3.71834  5.51638  4.32776     23 k - - -
          2.68618  4.42225  2.77519  2.73123  3.46354  2.40513  3.72494  3.29354  2.67741  2.69355  4.24690  2.90347  2.73739  3.18146  2.89801  2.37887  2.77519  2.98518  4.58477  3.61503
          0.02484  4.10372  4.82607  0.61958  0.77255  0.48576  0.95510
     19   2.36980  5.07240  2.47890  1.61497  4.34697  3.36151  3.65335  3.80238  2.47109  3.35079  4.14814  2.84944  3.82160  2.68763  2.96442  2.67425  2.94267  3.42945  5.54206  3.54393     24 e - - -
          2.68618  4.42225  2.77519  2.73123  3.46354  2.40513  3.72494  3.29354  2.67741  2.69355  4.24690  2.90347  2.73739  3.18146  2.89801  2.37887  2.77519  2.98518  4.58477  3.61503
          0.02484  4.10372  4.82607  0.61958  0.77255  0.48576  0.95510
     20   2.85002  5.20095  2.73075  1.42244  4.53222  3.43680  3.67374  3.97328  2.30631  3.47176  4.29316  2.92567  3.90242  2.62580  2.28682  2.81145  3.08039  3.60170  5.60530  4.26352     25 e - - -
          2.68618  4.42225  2.77519  2.73123  3.46354  2.40513  3.72494  3.29354  2.67741  2.69355  4.24690  2.90347  2.73739  3.18146  2.89801  2.37887  2.77519  2.98518  4.58477  3.61503
          0.02484  4.10372  4.82607  0.61958  0.77255  0.48576  0.95510
     21   2.97683  5.05852  3.01092  2.70312  4.29419  3.51097  3.83123  3.88512  2.38950  3.37417  4.32535  3.16656  4.02585  1.10988  2.58181  2.99896  3.24384  3.57800  5.48254  4.17481     26 q - - -
          2.68618  4.42225  2.77519  2.73123  3.46354  2.40513  3.72494  3.29354  2.67741  2.69355  4.24690  2.90347  2.73739  3.18146  2.89801  2.37887  2.77519  2.98518  4.58477  3.61503
          0.02484  4.10372  4.82607  0.61958  0.77255  0.48576  0.95510
     22   3.08464  5.62207  0.95642  1.97400  4.91986  3.27643  3.88938  4.45179  2.96988  3.97354  4.86727  2.75867  3.93230  3.07354  3.58619  2.95851  3.39207  4.03069  6.10684  4.60299     27 d - - -
          2.68618  4.42225  2.77519  2.73123  3.46354  2.40513  3.72494  3.29354  2.67741  2.69355  4.24690  2.90347  2.73739  3.18146  2.89801  2.37887  2.77519  2.98518  4.58477  3.61503
          0.02484  4.10372  4.82607  0.61958  0.77255  0.48576  0.95510
     23   2.18532  4.59159  3.14203  2.45378  3.79321  3.46942  3.69401  3.17184  2.40667  2.66535  3.68844  3.07190  3.86203  2.89877  2.76051  2.48113  2.83123  2.43393  5.13740  3.85195     28 a - - -
          2.68618  4.42225  2.77519  2.73123  3.46354  2.40513  3.72494  3.29354  2.67741  2.69355  4.24690  2.90347  2.73739  3.18146  2.89801  2.37887  2.77519  2.98518  4.58477  3.61503
          0.02484  4.10372  4.82607  0.61958  0.77255  0.48576  0.95510
     24   3.56791  4.90360  4.55706  4.32096  0.69759  4.19193  4.00165  3.06959  4.22378  2.38868  3.76878  4.28773  4.64944  4.32915  4.28600  3.82202  3.87126  3.07636  4.19239  2.53463     29 f - - -
          2.68618  4.42225  2.77519  2.73123  3.46354  2.40513  3.72494  3.29354  2.67741  2.69355  4.24690  2.90347  2.73739  3.18146  2.89801  2.37887  2.77519  2.98518  4.58477  3.61503
          0.02484  4.10372  4.82607  0.61958  0.77255  0.48576  0.95510
     25   3.74893  5.03587  4.46335  4.23102  2.94225  4.00517  4.21520  3.78937  3.95202  3.14151  4.41131  4.33517  4.54336  4.32742  4.03749  3.95020  4.06243  3.68584  0.52486  2.93327     30 W - - -
          2.68618  4.42225  2.77519  2.73123  3.46354  2.40513  3.72494  3.29354  2.67741  2.69355  4.24690  2.90347  2.73739  3.18146  2.89801  2.37887  2.77519  2.98518  4.58477  3.61503
          0.02484  4.10372  4.82607  0.61958  0.77255  0.48576  0.95510
     26   2.63594  4.88573  2.48239  2.38443  4.16472  3.38244  3.65496  3.58768  2.33455  3.17961  3.99000  2.43976  3.81853  2.80257  2.93834  2.32731  2.88031  2.44337  5.40729  4.05385     31 s - - -
          2.68618  4.42225  2.77519  2.73123  3.46354  2.40513  3.72494  3.29354  2.67741  2.69355  4.24690  2.90347  2.73739  3.18146  2.89801  2.37887  2.77519  2.98518  4.58477  3.61503
          0.02484  4.10372  4.82607  0.61958  0.77255  0.48576  0.95510
     27   2.31242  4.04201  3.21148  2.50455  3.81420  3.21096  3.76760  3.19198  2.65144  2.66455  3.71920  3.11967  3.84079  2.98644  3.06556  1.96217  2.45419  2.89658  5.17351  3.89723     32 s - - -
          2.68618  4.42225  2.77519  2.73123  3.46354  2.40513  3.72494  3.29354  2.67741  2.69355  4.24690  2.90347  2.73739  3.18146  2.89801  2.37887  2.77519  2.98518  4.58477  3.61503
          0.02484  4.10372  4.82607  0.61958  0.77255  0.48576  0.95510
     28   3.52097  4.97187  4.03986  3.75055  2.14917  4.15940  3.15637  3.60272  3.56837  2.97311  4.16176  3.83624  4.55720  3.83992  3.74433  3.58270  3.76508  3.45499  3.80621  0.81319     33 y - - -
          2.68618  4.42225  2.77519  2.73123  3.46354  2.40513  3.72494  3.29354  2.67741  2.69355  4.24690  2.90347  2.73739  3.18146  2.89801  2.37887  2.77519  2.98518  4.58477  3.61503
          0.02484  4.10372  4.82607  0.61958  0.77255  0.48576  0.95510
     29   2.82734  5.20816  2.60372  1.63986  4.45261  3.39119  2.25018  3.96374  2.42567  3.47703  4.29575  2.87223  3.87937  2.58994  2.84829  2.78223  3.06812  3.58871  5.60592  4.21339     34 e - - -
          2.68618  4.42225  2.77519  2.73123  3.46354  2.40513  3.72494  3.29354  2.67741  2.69355  4.24690  2.90347  2.73739  3.18146  2.89801  2.37887  2.77519  2.98518  4.58477  3.61503
          0.02484  4.10372  4.82607  0.61958  0.77255  0.48576  0.95510
     30   2.64550  5.07385  2.20844  2.11712  4.38338  3.28573  3.60722  3.84788  2.38402  3.21414  4.13656  2.66735  3.79277  2.72426  2.69251  2.28807  2.69816  3.44772  5.53301  4.13587     35 e - - -
          2.68618  4.42225  2.77519  2.73123  3.46354  2.40513  3.72494  3.29354  2.67741  2.69355  4.24690  2.90347  2.73739  3.18146  2.89801  2.37887  2.77519  2.98518  4.58477  3.61503
          0.02484  4.10372  4.82607  0.61958  0.77255  0.48576  0.95510
     31   3.44250  4.74220  4.62571  4.21947  1.52084  4.33562  3.62965  3.07220  4.06516  1.99326  3.68453  4.09080  4.63871  4.09035  4.13144  3.67342  3.66258  3.00852  3.80649  1.30945     36 y - - -
          2.68618  4.42225  2.77519  2.73123  3.46354  2.40513  3.72494  3.29354  2.67741  2.69355  4.24690  2.90347  2.73739  3.18146  2.89801  2.37887  2.77519  2.98518  4.58477  3.61503
          0.02484  4.10372  4.82607  0.61958  0.77255  0.48576  0.95510
     32   3.37363  4.69794  4.90684  4.38293  3.16159  4.61738  4.94861  1.81906  4.19597  0.85238  2.98017  4.64303  4.82185  4.36699  4.32766  3.99957  3.60858  2.18273  5.25735  4.13108     37 l - - -
          2.68618  4.42225  2.77519  2.73123  3.46354  2.40513  3.72494  3.29354  2.67741  2.69355  4.24690  2.90347  2.73739  3.18146  2.89801  2.37887  2.77519  2.98518  4.58477  3.61503
          0.02484  4.10372  4.82607  0.61958  0.77255  0.48576  0.95510
     33   3.01094  5.09658  3.38391  2.79666  4.22023  3.65617  2.27514  3.87552  2.07197  3.35591  4.23569  3.21832  4.05040  2.85004  1.36666  3.02497  3.20535  3.56516  5.32660  4.02414     38 r - - -
          2.68618  4.42225  2.77519  2.73123  3.46354  2.40513  3.72494  3.29354  2.67741  2.69355  4.24690  2.90347  2.73739  3.18146  2.89801  2.37887  2.77519  2.98518  4.58477  3.61503
          0.02484  4.10372  4.82607  0.61958  0.77255  0.48576  0.95510
     34   2.14107  4.63217  3.06940  2.40092  3.25052  3.43808  3.66508  3.25759  2.50790  2.90150  3.73747  2.82473  3.83180  2.85487  2.76192  2.28863  2.82135  2.96898  5.15736  3.87653     39 a - - -
          2.68618  4.42225  2.77519  2.73123  3.46354  2.40513  3.72494  3.29354  2.67741  2.69355  4.24690  2.90347  2.73739  3.18146  2.89801  2.37887  2.77519  2.98518  4.58477  3.61503
          0.02484  4.10372  4.82607  0.61958  0.77255  0.48576  0.95510
     35   2.79859  4.98384  2.83315  2.48492  3.69314  3.45876  2.61115  3.70015  2.50772  3.24733  4.11455  1.68146  3.92098  2.91135  2.91120  2.80315  3.04375  3.37668  5.09899  3.33472     40 n - - -
          2.68618  4.42225  2.77519  2.73123  3.46354  2.40513  3.72494  3.29354  2.67741  2.69355  4.24690  2.90347  2.73739  3.18146  2.89801  2.37887  2.77519  2.98518  4.58477  3.61503
          0.02484  4.10372  4.82607  0.61958  0.77255  0.48576  0.95510
     36   3.17161  5.31123  2.61146  0.73598  4.68960  3.43803  4.05338  4.19081  2.96479  3.77338  4.74401  3.09054  4.05566  3.26850  3.39282  3.13425  3.47981  3.85322  5.81719  4.54789     41 e - - -
          2.68618  4.42225  2.77519  2.73123  3.46354  2.40513  3.72494  3.29354  2.67741  2.69355  4.24690  2.90347  2.73739  3.18146  2.89801  2.37887  2.77519  2.98518  4.58477  3.61503
          0.02484  4.10372  4.82607  0.61958  0.77255  0.48576  0.95510
     37   3.06898  5.65111  1.04775  1.80855  4.93714  3.27082  3.86471  4.47031  2.93462  3.97380  4.85332  2.73847  3.92006  3.04217  3.55557  2.93723  3.37009  4.04039  6.11660  4.59719     42 d - - -
          2.68618  4.42225  2.77519  2.73123  3.46354  2.40513  3.72494  3.29354  2.67741  2.69355  4.24690  2.90347  2.73739  3.18146  2.89801  2.37887  2.77519  2.98518  4.58477  3.61503
          0.02484  4.10372  4.82607  0.61958  0.77255  0.48576  0.95510
     38   2.65134  4.31833  4.48125  3.92157  3.36443  4.13887  4.53201  1.79260  3.80779  2.02211  2.09153  4.14792  4.46501  4.03042  3.99557  3.46122  3.16719  1.52674  5.13180  3.96406     43 v - - -
          2.68618  4.42225  2.77519  2.73123  3.46354  2.40513  3.72494  3.29354  2.67741  2.69355  4.24690  2.90347  2.73739  3.18146  2.89801  2.37887  2.77519  2.98518  4.58477  3.61503
          0.02484  4.10372  4.82607  0.61958  0.77255  0.48576  0.95510
     39   3.25923  4.58519  4.86940  4.32480  3.25659  4.54608  4.92866  1.88172  4.18751  1.01011  3.05465  4.57432  4.77287  4.35263  4.33703  3.90431  3.49684  1.71435  5.30495  4.19569     44 l - - -
          2.68618  4.42225  2.77519  2.73123  3.46354  2.40513  3.72494  3.29354  2.67741  2.69355  4.24690  2.90347  2.73739  3.18146  2.89801  2.37887  2.77519  2.98518  4.58477  3.61503
          0.02484  4.10372  4.82607  0.61958  0.77255  0.48576  0.95510
     40   2.97862  4.72474  3.69925  3.63111  4.75709  0.44738  4.73127  4.41887  3.84349  4.04188  5.02388  3.86441  4.12284  4.14975  4.04840  3.15814  3.47782  3.90246  5.78505  4.86890     45 G - - -
          2.68618  4.42225  2.77519  2.73123  3.46354  2.40513  3.72494  3.29354  2.67741  2.69355  4.24690  2.90347  2.73739  3.18146  2.89801  2.37887  2.77519  2.98518  4.58477  3.61503
          0.02484  4.10372  4.82607  0.61958  0.77255  0.48576  0.95510
     41   2.51591  4.99424  2.85307  1.73411  4.28399  3.41366  3.62508  3.30964  2.12298  3.26392  4.06407  2.91322  3.83072  2.58281  2.77970  2.67067  2.90823  3.35161  5.45505  4.10195     46 e - - -
          2.68618  4.42225  2.77519  2.73123  3.46354  2.40513  3.72494  3.29354  2.67741  2.69355  4.24690  2.90347  2.73739  3.18146  2.89801  2.37887  2.77519  2.98518  4.58477  3.61503
          0.02484  4.10372  4.82607  0.61958  0.77255  0.48576  0.95510
     42   2.71474  4.19436  4.08943  3.51293  1.86605  3.80333  4.01721  2.27262  3.38408  2.08318  2.75216  3.74034  4.15448  3.61203  3.16879  3.09154  2.94470  2.37637  4.63261  3.15419     47 f - - -
          2.68618  4.42225  2.77519  2.73123  3.46354  2.40513  3.72494  3.29354  2.67741  2.69355  4.24690  2.90347  2.73739  3.18146  2.89801  2.37887  2.77519  2.98518  4.58477  3.61503
          0.02484  4.10372  4.82607  0.61958  0.77255  0.48576  0.95510
     43   2.64462  0.82793  4.19224  3.87711  3.95992  3.33586  4.53767  3.22309  3.60990  3.06534  4.11614  3.87196  4.04251  4.01277  3.43270  2.90017  3.10467  2.93582  5.39846  4.21343     48 c - - -
          2.68618  4.42225  2.77519  2.73123  3.46354  2.40513  3.72494  3.29354  2.67741  2.69355  4.24690  2.90347  2.73739  3.18146  2.89801  2.37887  2.77519  2.98518  4.58477  3.61503
          0.02484  4.10372  4.82607  0.61958  0.77255  0.48576  0.95510
     44   3.16563  5.24284  3.62186  2.91573  4.72524  3.75579  3.66582  4.05970  1.55303  3.48362  4.36540  3.29421  4.11775  2.80147  1.17593  3.16098  3.32023  3.74817  5.50380  4.36297     49 r - - -
          2.68618  4.42225  2.77519  2.73123  3.46354  2.40513  3.72494  3.29354  2.67741  2.69355  4.24690  2.90347  2.73739  3.18146  2.89801  2.37887  2.77519  2.98518  4.58477  3.61503
          0.02484  4.10372  4.82607  0.61958  0.77255  0.48576  0.95510
     45   2.70733  4.64737  3.29192  2.71351  3.19116  3.56238  3.68478  3.22027  2.31874  2.85067  3.73585  3.16452  3.94163  2.94120  1.88202  2.81093  2.92913  2.96284  4.97131  2.70786     50 r - - -
          2.68618  4.42225  2.77519  2.73123  3.46354  2.40513  3.72494  3.29354  2.67741  2.69355  4.24690  2.90347  2.73739  3.18146  2.89801  2.37887  2.77519  2.98518  4.58477  3.61503
          0.02484  4.10372  4.82607  0.61958  0.77255  0.48576  0.95510
     46   3.28170  5.04697  3.38331  3.17248  3.47242  3.66505  0.73585  4.02083  3.01040  3.48271  4.54865  3.56998  4.23326  3.54348  3.25907  3.35211  3.59549  3.75179  4.93286  3.41801     51 h - - -
          2.68618  4.42225  2.77519  2.73123  3.46354  2.40513  3.72494  3.29354  2.67741  2.69355  4.24690  2.90347  2.73739  3.18146  2.89801  2.37887  2.77519  2.98518  4.58477  3.61503
          0.02484  4.10372  4.82607  0.61958  0.77255  0.48576  0.95510
     47   2.97862  4.72474  3.69925  3.63111  4.75709  0.44738  4.73127  4.41887  3.84349  4.04188  5.02388  3.86441  4.12284  4.14975  4.04840  3.15814  3.47782  3.90246  5.78505  4.86890     52 G - - -
          2.68618  4.42225  2.77519  2.73123  3.46354  2.40513  3.72494  3.29354  2.67741  2.69355  4.24690  2.90347  2.73739  3.18146  2.89801  2.37887  2.77519  2.98518  4.58477  3.61503
          0.02484  4.10372  4.82607  0.61958  0.77255  0.48576  0.95510
     48   3.28479  5.09541  3.80080  3.27108  4.50966  3.72017  4.01836  4.07286  2.36638  3.54689  4.54632  3.61030  4.21630  3.23183  0.67631  3.36112  3.53804  3.78809  5.50169  4.39258     53 R - - -
          2.68618  4.42225  2.77519  2.73123  3.46354  2.40513  3.72494  3.29354  2.67741  2.69355  4.24690  2.90347  2.73739  3.18146  2.89801  2.37887  2.77519  2.98518  4.58477  3.61503
          0.02484  4.10372  4.82607  0.61958  0.77255  0.48576  0.95510
     49   2.83990  4.96765  3.27825  2.68342  4.34433  3.56108  3.66337  3.57251  1.99643  3.26558  4.11020  3.13061  3.96115  2.80996  1.46504  2.42302  3.05567  3.40100  5.41053  4.16657     54 r - - -
          2.68618  4.42225  2.77519  2.73123  3.46354  2.40513  3.72494  3.29354  2.67741  2.69355  4.24690  2.90347  2.73739  3.18146  2.89801  2.37887  2.77519  2.98518  4.58477  3.61503
          0.02484  4.10372  4.82607  0.61958  0.77255  0.48576  0.95510
     50   3.13255  4.46903  4.74936  4.21431  3.45711  4.43994  4.88645  1.84390  4.08181  1.71959  3.12323  4.45928  4.72437  4.32733  4.27622  3.79638  3.38280  1.05189  5.40185  4.22239     55 v - - -
          2.68618  4.42225  2.77519  2.73123  3.46354  2.40513  3.72494  3.29354  2.67741  2.69355  4.24690  2.90347  2.73739  3.18146  2.89801  2.37887  2.77519  2.98518  4.58477  3.61503
          0.02484  4.10372  4.82607  0.61958  0.77255  0.48576  0.95510
     51   2.69754  4.72238  3.17350  2.63979  3.96972  3.49968  3.70613  3.33580  1.74803  2.18467  3.84400  3.10644  3.39165  2.89258  2.71932  2.67318  2.93249  3.05610  5.24860  3.97234     56 k - - -
          2.68618  4.42225  2.77519  2.73123  3.46354  2.40513  3.72494  3.29354  2.67741  2.69355  4.24690  2.90347  2.73739  3.18146  2.89801  2.37887  2.77519  2.98518  4.58477  3.61503
          0.02484  4.10372  4.82607  0.61958  0.77255  0.48576  0.95510
     52   1.27284  4.57426  3.15575  2.80462  4.17879  3.29901  3.93464  3.47012  2.20838  3.19200  4.08270  3.19694  3.88709  3.14723  2.99822  2.71404  2.94885  3.12562  5.47600  4.21458     57 a - - -
          2.68618  4.42225  2.77519  2.73123  3.46354  2.40513  3.72494  3.29354  2.67741  2.69355  4.24690  2.90347  2.73739  3.18146  2.89801  2.37887  2.77519  2.98518  4.58477  3.61503
          0.02484  4.10372  4.82607  0.61958  0.77255  0.48576  0.95510
     53   3.59805  4.99259  4.18798  3.96620  2.34098  4.10607  3.75185  3.57710  3.81754  2.96972  4.22894  4.02001  4.57703  4.06672  3.95124  3.70929  3.88727  3.45929  3.99168  0.65356     58 Y - - -
          2.68618  4.42225  2.77519  2.73123  3.46354  2.40513  3.72494  3.29354  2.67741  2.69355  4.24690  2.90347  2.73739  3.18146  2.89801  2.37887  2.77519  2.98518  4.58477  3.61503
          0.02484  4.10372  4.82607  0.61958  0.77255  0.48576  0.95510
     54   3.08838  4.80043  3.72153  3.59842  4.56362  3.47517  4.65158  4.17533  3.67688  3.77418  4.83792  3.87896  0.49154  4.05839  3.89086  3.26444  3.54924  3.79307  5.68025  4.68936     59 P - - -
          2.68618  4.42225  2.77519  2.73123  3.46354  2.40513  3.72494  3.29354  2.67741  2.69355  4.24690  2.90347  2.73739  3.18146  2.89801  2.37887  2.77519  2.98518  4.58477  3.61503
          0.02484  4.10372  4.82607  0.61958  0.77255  0.48576  0.95510
     55   2.86852  5.04528  3.28165  2.65244  4.38756  3.59464  3.63009  3.76977  1.67751  2.69100  4.12268  2.81771  3.96413  2.76661  1.76019  2.87805  3.06292  3.44555  5.41560  4.16918     60 k - - -
          2.68618  4.42225  2.77519  2.73123  3.46354  2.40513  3.72494  3.29354  2.67741  2.69355  4.24690  2.90347  2.73739  3.18146  2.89801  2.37887  2.77519  2.98518  4.58477  3.61503
          0.02484  4.10372  4.82607  0.61958  0.77255  0.48576  0.95510
     56   3.29731  4.61290  4.96603  4.38600  2.70924  4.55550  4.83416  1.91027  4.26017  1.03484  2.15113  4.60231  4.73130  4.30841  4.33690  3.89341  3.51235  2.34594  5.11120  4.04774     61 l - - -
          2.68618  4.42225  2.77519  2.73123  3.46354  2.40513  3.72494  3.29354  2.67741  2.69355  4.24690  2.90347  2.73739  3.18146  2.89801  2.37887  2.77519  2.98518  4.58477  3.61503
          0.02484  4.10372  4.82607  0.61958  0.77255  0.48576  0.95510
     57   2.44986  4.39906  3.24566  3.05663  4.33258  3.10386  4.22688  3.81841  3.15534  3.49940  4.38392  3.32159  1.10686  3.50303  3.46415  2.28399  2.91987  3.32623  5.66727  4.40382     62 p - - -
          2.68618  4.42225  2.77519  2.73123  3.46354  2.40513  3.72494  3.29354  2.67741  2.69355  4.24690  2.90347  2.73739  3.18146  2.89801  2.37887  2.77519  2.98518  4.58477  3.61503
          0.02484  4.10372  4.82607  0.61958  0.77255  0.48576  0.95510
     58   2.41673  4.63234  3.11554  2.58079  3.96698  3.39104  3.71499  3.35766  2.36971  2.99746  3.83387  3.05413  3.83538  2.89662  2.71532  1.88292  2.55668  2.80848  5.26696  3.97123     63 s - - -
          2.68618  4.42225  2.77519  2.73123  3.46354  2.40513  3.72494  3.29354  2.67741  2.69355  4.24690  2.90347  2.73739  3.18146  2.89801  2.37887  2.77519  2.98518  4.58477  3.61503
          0.02484  4.10372  4.82607  0.61958  0.77255  0.48576  0.95510
     59   2.65996  4.79476  2.63811  2.18311  3.99201  3.40943  3.69051  3.42756  2.54801  3.05396  3.89340  2.95752  3.85029  2.87156  3.00605  2.52983  2.69513  3.12308  5.30288  2.23181     64 e - - -
          2.68618  4.42225  2.77519  2.73123  3.46354  2.40513  3.72494  3.29354  2.67741  2.69355  4.24690  2.90347  2.73739  3.18146  2.89801  2.37887  2.77519  2.98518  4.58477  3.61503
          0.02484  4.10372  4.82607  0.61958  0.77255  0.48576  0.95510
     60   1.03718  4.22311  3.52456  3.29240  4.40558  2.00727  4.36469  3.76595  3.38487  3.50835  4.35541  3.41205  3.76730  3.65846  3.67401  2.48172  2.79825  3.22408  5.74959  4.56165     65 a - - -
          2.68618  4.42225  2.77519  2.73123  3.46354  2.40513  3.72494  3.29354  2.67741  2.69355  4.24690  2.90347  2.73739  3.18146  2.89801  2.37887  2.77519  2.98518  4.58477  3.61503
          0.02484  4.10372  4.82607  0.61958  0.77255  0.48576  0.95510
     61   3.08838  4.80043  3.72153  3.59842  4.56362  3.47517  4.65158  4.17533  3.67688  3.77418  4.83792  3.87896  0.49154  4.05839  3.89086  3.26444  3.54924  3.79307  5.68025  4.68936     66 P - - -
          2.68618  4.42225  2.77519  2.73123  3.46354  2.40513  3.72494  3.29354  2.67741  2.69355  4.24690  2.90347  2.73739  3.18146  2.89801  2.37887  2.77519  2.98518  4.58477  3.61503
          0.02484  4.10372  4.82607  0.61958  0.77255  0.48576  0.95510
     62   2.27223  3.24291  3.55117  2.99043  3.44441  3.51605  3.87331  2.57992  2.72107  2.51373  3.41357  3.35466  3.93808  3.22848  3.26091  2.60723  2.20706  2.38506  4.90068  3.67528     67 t - - -
          2.68618  4.42225  2.77519  2.73123  3.46354  2.40513  3.72494  3.29354  2.67741  2.69355  4.24690  2.90347  2.73739  3.18146  2.89801  2.37887  2.77519  2.98518  4.58477  3.61503
          0.02484  4.10372  4.82607  0.61958  0.77255  0.48576  0.95510
     63   3.28479  5.09541  3.80080  3.27108  4.50966  3.72017  4.01836  4.07286  2.36638  3.54689  4.54632  3.61030  4.21630  3.23183  0.67631  3.36112  3.53804  3.78809  5.50169  4.39258     68 R - - -
          2.68618  4.42225  2.77519  2.73123  3.46354  2.40513  3.72494  3.29354  2.67741  2.69355  4.24690  2.90347  2.73739  3.18146  2.89801  2.37887  2.77519  2.98518  4.58477  3.61503
          0.02484  4.10372  4.82607  0.61958  0.77255  0.48576  0.95510
     64   3.16342  4.58470  4.41396  3.90926  2.66460  4.13781  4.02911  2.67568  3.64108  1.30662  3.28804  4.05100  4.47298  3.90858  3.79038  3.50775  3.39836  2.67963  1.91689  2.84197     69 l - - -
          2.68618  4.42225  2.77519  2.73123  3.46354  2.40513  3.72494  3.29354  2.67741  2.69355  4.24690  2.90347  2.73739  3.18146  2.89801  2.37887  2.77519  2.98518  4.58477  3.61503
          0.02484  4.10372  4.82607  0.61958  0.77255  0.48576  0.95510
     65   2.70647  4.30503  3.85418  3.30535  3.48867  3.72162  4.10825  2.38235  3.10792  2.23349  3.42566  3.62298  4.13851  3.48575  3.00600  3.03470  2.70837  1.39310  5.04699  3.82907     70 v - - -
          2.68618  4.42225  2.77519  2.73123  3.46354  2.40513  3.72494  3.29354  2.67741  2.69355  4.24690  2.90347  2.73739  3.18146  2.89801  2.37887  2.77519  2.98518  4.58477  3.61503
          0.02484  4.10372  4.82607  0.61958  0.77255  0.48576  0.95510
     66   2.63012  4.50512  3.26307  2.72690  3.66788  3.16461  3.03010  3.07104  2.58339  1.89319  3.62314  3.17245  3.91227  2.99654  2.72772  2.59289  2.86634  2.81854  5.04812  3.77726     71 l - - -
          2.68618  4.42225  2.77519  2.73123  3.46354  2.40513  3.72494  3.29354  2.67741  2.69355  4.24690  2.90347  2.73739  3.18146  2.89801  2.37887  2.77519  2.98518  4.58477  3.61503
          0.02484  4.10372  4.82607  0.61958  0.77255  0.48576  0.95510
     67   3.01798  5.14607  3.48710  2.79357  4.53639  3.69086  3.64070  3.88850  1.29735  2.95164  4.22781  3.21044  4.04651  2.77581  1.74552  3.02172  3.18913  3.57779  5.45026  4.25540     72 k - - -
          2.68618  4.42225  2.77519  2.73123  3.46354  2.40513  3.72494  3.29354  2.67741  2.69355  4.24690  2.90347  2.73739  3.18146  2.89801  2.37887  2.77519  2.98518  4.58477  3.61503
          0.02484  4.10372  4.82607  0.61958  0.77255  0.48576  0.95510
     68   2.59822  4.25928  3.57325  3.00331  3.35306  3.60077  3.85659  2.54357  2.92710  2.28678  3.05710  3.37910  3.97668  2.97275  3.24847  2.85636  2.14461  2.50040  4.83365  2.77775     73 t - - -
          2.68618  4.42225  2.77519  2.73123  3.46354  2.40513  3.72494  3.29354  2.67741  2.69355  4.24690  2.90347  2.73739  3.18146  2.89801  2.37887  2.77519  2.98518  4.58477  3.61503
          0.02484  4.10372  4.82607  0.61958  0.77255  0.48576  0.95510
     69   3.16152  5.25607  3.61817  2.90280  4.74466  3.75606  3.65750  4.07529  1.41795  3.49172  4.36856  3.28488  4.11311  2.79027  1.28679  3.15224  3.31360  3.75983  5.50845  4.36659     74 r - - -
          2.68618  4.42225  2.77519  2.73123  3.46354  2.40513  3.72494  3.29354  2.67741  2.69355  4.24690  2.90347  2.73739  3.18146  2.89801  2.37887  2.77519  2.98518  4.58477  3.61503
          0.02484  4.10372  4.82607  0.61958  0.77255  0.48576  0.95510
     70   2.27062  4.30589  3.53602  2.99072  3.53781  3.52141  3.91981  2.36937  2.92938  2.39007  3.48387  3.36466  3.42616  3.24429  3.27223  2.80813  1.97268  2.48765  5.00714  3.77566     75 t - - -
          2.68618  4.42225  2.77519  2.73123  3.46354  2.40513  3.72494  3.29354  2.67741  2.69355  4.24690  2.90347  2.73739  3.18146  2.89801  2.37887  2.77519  2.98518  4.58477  3.61503
          0.02484  4.10372  4.82607  0.61958  0.77255  0.48576  0.95510
     71   3.15983  4.45860  4.88377  4.36806  3.57364  4.53977  5.05796  1.56560  4.25510  1.92674  3.37748  4.59369  4.81888  4.50418  4.44711  3.91514  3.41538  1.00192  5.54560  4.35039     76 v - - -
          2.68618  4.42225  2.77519  2.73123  3.46354  2.40513  3.72494  3.29354  2.67741  2.69355  4.24690  2.90347  2.73739  3.18146  2.89801  2.37887  2.77519  2.98518  4.58477  3.61503
          0.02484  4.10372  4.82607  0.61958  0.77255  0.48576  0.95510
     72   3.59805  4.99259  4.18798  3.96620  2.34098  4.10607  3.75185  3.57710  3.81754  2.96972  4.22894  4.02001  4.57703  4.06672  3.95124  3.70929  3.88727  3.45929  3.99168  0.65356     77 Y - - -
          2.68618  4.42225  2.77519  2.73123  3.46354  2.40513  3.72494  3.29354  2.67741  2.69355  4.24690  2.90347  2.73739  3.18146  2.89801  2.37887  2.77519  2.98518  4.58477  3.61503
          0.02484  4.10372  4.82607  0.61958  0.77255  0.48576  0.95510
     73   3.02931  5.48481  0.94780  2.20363  4.81126  3.26240  3.90356  4.41279  2.98612  3.94795  4.83915  2.52132  3.92507  3.09622  3.58779  2.93010  3.35519  3.97803  6.03998  4.53562     78 d - - -
          2.68618  4.42225  2.77519  2.73123  3.46354  2.40513  3.72494  3.29354  2.67741  2.69355  4.24690  2.90347  2.73739  3.18146  2.89801  2.37887  2.77519  2.98518  4.58477  3.61503
          0.02484  4.10372  4.82607  0.61958  0.77255  0.48576  0.95510
     74   3.16993  4.46698  4.93042  4.44303  3.61965  4.54494  5.14777  1.07232  4.33011  2.09886  3.41585  4.64857  4.84793  4.58811  4.51684  3.94403  3.43722  1.31770  5.61936  4.41781     79 i - - -
          2.68618  4.42225  2.77519  2.73123  3.46354  2.40513  3.72494  3.29354  2.67741  2.69355  4.24690  2.90347  2.73739  3.18146  2.89801  2.37887  2.77519  2.98518  4.58477  3.61503
          0.02484  4.10372  4.82607  0.61958  0.77255  0.48576  0.95510
     75   3.00082  5.13220  3.45883  2.77346  4.51780  3.68228  3.63571  3.87424  1.77169  2.95185  4.20734  3.19627  4.03631  2.52859  1.37356  3.00534  3.17210  3.56150  5.44211  4.24505     80 r - - -
          2.68618  4.42225  2.77519  2.73123  3.46354  2.40513  3.72494  3.29354  2.67741  2.69355  4.24690  2.90347  2.73739  3.18146  2.89801  2.37887  2.77519  2.98518  4.58477  3.61503
          0.02484  4.10372  4.82607  0.61958  0.77255  0.48576  0.95510
     76   2.83741  4.37186  3.93203  3.02522  3.50743  3.90452  4.27670  2.17720  3.31143  2.01309  3.42045  3.77481  4.29169  3.65833  3.58678  3.22957  3.09096  1.27278  5.15965  3.93116     81 v - - -
          2.68618  4.42225  2.77519  2.73123  3.46354  2.40513  3.72494  3.29354  2.67741  2.69355  4.24690  2.90347  2.73739  3.18146  2.89801  2.37887  2.77519  2.98518  4.58477  3.61503
          0.02484  4.10372  4.82607  0.61958  0.77255  0.48576  0.95510
     77   2.74206  5.25294  2.10439  1.72724  4.56595  3.33416  3.65283  4.05346  2.31972  3.54344  4.31784  2.58902  3.81723  2.57152  2.98970  2.53795  2.98858  3.50456  5.69165  4.25857     82 e - - -
          2.68618  4.42225  2.77519  2.73123  3.46354  2.40513  3.72494  3.29354  2.67741  2.69355  4.24690  2.90347  2.73739  3.18146  2.89801  2.37887  2.77519  2.98518  4.58477  3.61503
          0.02484  4.10372  4.82607  0.61958  0.77255  0.48576  0.95510
     78   3.02939  5.63192  1.39963  1.38417  4.91645  3.27263  3.83218  4.44754  2.86904  3.93694  4.79491  2.73194  3.90422  3.00004  3.47973  2.90159  3.32117  4.01096  6.08248  4.56364     83 e - - -
          2.68618  4.42225  2.77519  2.73123  3.46354  2.40513  3.72494  3.29354  2.67741  2.69355  4.24690  2.90347  2.73739  3.18146  2.89801  2.37887  2.77519  2.98518  4.58477  3.61503
          0.02484  4.10372  4.82607  0.61958  0.77255  0.48576  0.95510
     79   2.87865  0.57163  4.44232  4.23918  4.18499  3.44723  4.83615  3.37375  4.06994  3.27559  4.40653  4.16547  4.17160  4.40678  4.15104  3.14984  3.36531  3.10099  5.54470  4.46930     84 C - - -
          2.68618  4.42225  2.77519  2.73123  3.46354  2.40513  3.72494  3.29354  2.67741  2.69355  4.24690  2.90347  2.73739  3.18146  2.89801  2.37887  2.77519  2.98518  4.58477  3.61503
          0.02484  4.10372  4.82607  0.61958  0.77255  0.48576  0.95510
     80   2.61500  4.87416  2.76556  2.40693  4.12976  3.41663  3.61415  3.24708  1.86084  3.13860  3.94152  2.93141  3.42517  2.60113  2.82798  2.63055  2.84524  3.21899  5.35432  3.24296     85 k - - -
          2.68618  4.42225  2.77519  2.73123  3.46354  2.40513  3.72494  3.29354  2.67741  2.69355  4.24690  2.90347  2.73739  3.18146  2.89801  2.37887  2.77519  2.98518  4.58477  3.61503
          0.02484  4.10372  4.82607  0.61958  0.77255  0.48576  0.95510
     81   2.64705  4.81081  3.04491  2.36313  4.06263  3.45693  3.63925  3.46664  2.05150  3.06648  2.90906  2.99638  3.84892  2.79428  2.59570  2.17472  2.87393  3.15191  5.30127  3.98999     86 k - - -
          2.68618  4.42225  2.77519  2.73123  3.46354  2.40513  3.72494  3.29354  2.67741  2.69355  4.24690  2.90347  2.73739  3.18146  2.89801  2.37887  2.77519  2.98518  4.58477  3.61503
          0.02484  4.10372  4.82607  0.61958  0.77255  0.48576  0.95510
     82   2.87865  0.57163  4.44232  4.23918  4.18499  3.44723  4.83615  3.37375  4.06994  3.27559  4.40653  4.16547  4.17160  4.40678  4.15104  3.14984  3.36531  3.10099  5.54470  4.46930     87 C - - -
          2.68618  4.42225  2.77519  2.73123  3.46354  2.40513  3.72494  3.29354  2.67741  2.69355  4.24690  2.90347  2.73739  3.18146  2.89801  2.37887  2.77519  2.98518  4.58477  3.61503
          0.02484  4.10372  4.82607  0.61958  0.77255  0.48576  0.95510
     83   2.59568  3.38171  3.31680  2.74663  3.59234  3.52362  3.74998  2.46477  2.38195  2.50566  3.52911  3.19025  3.90580  2.64366  2.82212  2.59958  2.82589  2.71599  4.99265  3.74009     88 k - - -
          2.68618  4.42225  2.77519  2.73123  3.46354  2.40513  3.72494  3.29354  2.67741  2.69355  4.24690  2.90347  2.73739  3.18146  2.89801  2.37887  2.77519  2.98518  4.58477  3.61503
          0.02484  4.10372  4.82607  0.61958  0.77255  0.48576  0.95510
     84   2.42388  4.92692  2.91958  2.17853  4.20428  3.40779  3.27950  3.63903  2.24814  2.78678  3.99007  2.58738  3.80422  2.73176  2.64875  2.42614  2.84784  3.28155  5.39866  4.04275     89 e - - -
          2.68618  4.42225  2.77519  2.73123  3.46354  2.40513  3.72494  3.29354  2.67741  2.69355  4.24690  2.90347  2.73739  3.18146  2.89801  2.37887  2.77519  2.98518  4.58477  3.61503
          0.02484  4.10372  4.82607  0.61958  0.77255  0.48576  0.95510
     85   2.91776  5.42763  2.06361  1.19102  4.74222  3.28529  3.78340  4.24032  2.74295  3.75435  4.58688  2.76054  3.87763  2.94176  3.30346  2.54118  3.19964  3.82131  5.92018  4.44414     90 e - - -
          2.68618  4.42225  2.77519  2.73123  3.46354  2.40513  3.72494  3.29354  2.67741  2.69355  4.24690  2.90347  2.73739  3.18146  2.89801  2.37887  2.77519  2.98518  4.58477  3.61503
          0.02484  4.10372  4.82607  0.61958  0.77255  0.48576  0.95510
     86   2.61747  4.97990  2.53977  1.83906  3.70490  3.38695  3.59864  3.71360  2.36792  3.25798  4.03884  2.87912  3.79286  2.57433  2.68190  2.60706  2.85038  3.33897  5.44170  3.58887     91 e - - -
          2.68618  4.42225  2.77519  2.73123  3.46354  2.40513  3.72494  3.29354  2.67741  2.69355  4.24690  2.90347  2.73739  3.18146  2.89801  2.37887  2.77519  2.98518  4.58477  3.61503
          0.02484  4.10372  4.82607  0.61958  0.77255  0.48576  0.95510
     87   2.61309  5.00944  2.35215  2.21064  4.31222  3.38722  3.58546  3.40184  2.14237  3.29410  4.06415  2.70793  3.78677  2.70026  2.51698  2.59617  2.84440  3.11645  5.46563  4.08519     92 k - - -
          2.68618  4.42225  2.77519  2.73123  3.46354  2.40513  3.72494  3.29354  2.67741  2.69355  4.24690  2.90347  2.73739  3.18146  2.89801  2.37887  2.77519  2.98518  4.58477  3.61503
          0.02484  4.10372  4.82607  0.61958  0.77255  0.48576  0.95510
     88   2.42699  3.33894  3.36779  2.80533  3.54030  3.18360  3.78698  2.55648  2.75672  2.60772  3.48992  2.97671  3.90458  3.07817  2.55401  2.58855  2.80796  2.51125  4.96170  3.71575     93 a - - -
          2.68618  4.42225  2.77519  2.73123  3.46354  2.40513  3.72494  3.29354  2.67741  2.69355  4.24690  2.90347  2.73739  3.18146  2.89801  2.37887  2.77519  2.98518  4.58477  3.61503
          0.02484  4.10372  4.82607  0.61958  0.77255  0.48576  0.95510
     89   2.62921  4.76867  3.06217  2.50102  4.00629  3.15457  3.29115  3.12512  2.38911  2.81982  3.85216  2.80239  3.84498  2.80518  2.06195  2.52807  2.85782  3.10600  5.26797  3.95652     94 r - - -
          2.68618  4.42225  2.77519  2.73123  3.46354  2.40513  3.72494  3.29354  2.67741  2.69355  4.24690  2.90347  2.73739  3.18146  2.89801  2.37887  2.77519  2.98518  4.58477  3.61503
          0.02484  4.10372  4.82607  0.61958  0.77255  0.48576  0.95510
     90   2.54672  4.78576  3.03428  2.47115  4.01883  3.44384  3.29608  3.43442  2.39279  2.83964  3.85988  2.98117  3.83171  2.37249  2.36547  2.42298  2.84469  3.00651  5.27825  3.51647     95 r - - -
          2.68618  4.42225  2.77519  2.73123  3.46354  2.40513  3.72494  3.29354  2.67741  2.69355  4.24690  2.90347  2.73739  3.18146  2.89801  2.37887  2.77519  2.98518  4.58477  3.61503
          0.02484  4.10372  4.82607  0.61958  0.77255  0.48576  0.95510
     91   2.57656  3.36977  3.09131  2.79790  3.50545  3.53045  3.38940  2.69795  2.75856  2.57578  3.45971  3.22817  3.91232  3.07258  2.91297  2.60944  2.64372  2.49790  4.93211  2.85609     96 v - - -
          2.68618  4.42225  2.77519  2.73123  3.46354  2.40513  3.72494  3.29354  2.67741  2.69355  4.24690  2.90347  2.73739  3.18146  2.89801  2.37887  2.77519  2.98518  4.58477  3.61503
          0.02484  4.10372  4.82607  0.61958  0.77255  0.48576  0.95510
     92   2.58314  4.52356  3.18491  2.62480  3.42337  3.48136  3.70804  2.97374  2.46701  2.75461  3.35929  2.64180  3.86775  2.93373  3.01723  2.37405  2.39335  2.82025  5.07257  3.41175     97 s - - -
          2.68618  4.42225  2.77519  2.73123  3.46354  2.40513  3.72494  3.29354  2.67741  2.69355  4.24690  2.90347  2.73739  3.18146  2.89801  2.37887  2.77519  2.98518  4.58477  3.61503
          0.02484  4.10372  4.82607  0.61958  0.77255  0.48576  0.95510
     93   2.67224  5.04181  2.36548  2.30723  4.33990  3.04313  3.64793  3.80051  2.46307  3.34544  4.13617  2.00905  3.11346  2.78077  2.95909  2.60759  2.91891  3.41941  5.53261  3.55233     98 n - - -
          2.68618  4.42225  2.77519  2.73123  3.46354  2.40513  3.72494  3.29354  2.67741  2.69355  4.24690  2.90347  2.73739  3.18146  2.89801  2.37887  2.77519  2.98518  4.58477  3.61503
          0.02484  4.10372  4.82607  0.61958  0.77255  0.48576  0.95510
     94   2.58359  4.35927  3.37026  2.64310  3.41154  3.36114  3.78548  2.85925  2.77012  2.43647  3.46222  3.23965  2.74559  3.08716  3.14160  2.77871  2.81714  2.17293  4.93181  3.17429     99 v - - -
          2.68618  4.42225  2.77519  2.73123  3.46354  2.40513  3.72494  3.29354  2.67741  2.69355  4.24690  2.90347  2.73739  3.18146  2.89801  2.37887  2.77519  2.98518  4.58477  3.61503
          0.02484  4.10372  4.82607  0.61958  0.77255  0.48576  0.95510
     95   2.57786  4.45867  3.24957  2.68814  3.29144  3.49396  3.73569  2.80828  2.65597  2.69065  3.56079  2.92424  3.46376  2.98506  2.68317  2.44180  2.50722  2.46261  5.02518  3.76029    100 s - - -
          2.68618  4.42225  2.77519  2.73123  3.46354  2.40513  3.72494  3.29354  2.67741  2.69355  4.24690  2.90347  2.73739  3.18146  2.89801  2.37887  2.77519  2.98518  4.58477  3.61503
          0.02484  4.10372  4.82607  0.61958  0.77255  0.48576  0.95510
     96   2.63864  4.97707  2.80651  2.37786  4.27851  3.40735  3.60357  3.71789  2.03481  3.26018  4.04624  2.31661  3.81025  2.72738  2.46824  2.48989  2.86941  2.96272  5.44116  4.08243    101 k - - -
          2.68621  4.42169  2.77522  2.73126  3.46357  2.40515  3.72497  3.29357  2.67733  2.69358  4.24692  2.90336  2.73742  3.18149  2.89803  2.37882  2.77522  2.98521  4.58480  3.61506
          0.16313  1.94842  4.82607  0.44147  1.03027  0.48576  0.95510
     97   2.61904  5.03794  2.41902  2.04936  4.34843  3.38374  3.58352  3.80825  2.22640  3.32531  4.09057  2.86537  3.78592  2.62197  2.41915  2.59648  2.80689  3.13894  5.48768  3.83067    104 e - - -
          2.68618  4.42225  2.77519  2.73123  3.46354  2.40513  3.72494  3.29354  2.67741  2.69355  4.24690  2.90347  2.73739  3.18146  2.89801  2.37887  2.77519  2.98518  4.58477  3.61503
          0.02484  4.10372  4.82607  0.61958  0.77255  0.48576  0.95510
     98   2.74235  5.11964  2.38745  1.51538  4.40864  3.34449  3.68845  3.84772  2.53510  3.41240  4.22058  2.61300  3.83683  2.83107  3.03749  2.70951  2.99484  2.80716  5.60929  4.20741    105 e - - -
          2.68618  4.42225  2.77519  2.73123  3.46354  2.40513  3.72494  3.29354  2.67741  2.69355  4.24690  2.90347  2.73739  3.18146  2.89801  2.37887  2.77519  2.98518  4.58477  3.61503
          0.02484  4.10372  4.82607  0.61958  0.77255  0.48576  0.95510
     99   2.87382  5.37414  1.99645  2.03571  4.69802  1.90695  3.76100  4.19550  2.70518  3.70325  4.52152  2.13212  3.86244  2.91319  3.26514  2.79259  3.15073  3.77438  5.87300  4.40711    106 g - - -
          2.68618  4.42225  2.77519  2.73123  3.46354  2.40513  3.72494  3.29354  2.67741  2.69355  4.24690  2.90347  2.73739  3.18146  2.89801  2.37887  2.77519  2.98518  4.58477  3.61503
          0.02484  4.10372  4.82607  0.61958  0.77255  0.48576  0.95510
    100   2.83524  4.32927  4.14766  3.58911  3.02593  3.88927  4.10034  2.51405  3.38444  1.25142  3.16933  3.82514  4.24706  3.67326  3.58023  3.20115  2.76840  2.44261  3.16624  3.37463    107 l - - -
          2.68618  4.42225  2.77519  2.73123  3.46354  2.40513  3.72494  3.29354  2.67741  2.69355  4.24690  2.90347  2.73739  3.18146  2.89801  2.37887  2.77519  2.98518  4.58477  3.61503
          0.02484  4.10372  4.82607  0.61958  0.77255  0.48576  0.95510
    101   2.47467  4.84800  2.97309  2.41489  4.10409  3.41851  3.22850  3.23174  2.27586  2.90731  3.91545  2.76294  3.43328  2.63994  2.53807  2.37761  2.83244  3.19036  5.33580  3.99415    108 k - - -
          2.68618  4.42225  2.77519  2.73123  3.46354  2.40513  3.72494  3.29354  2.67741  2.69355  4.24690  2.90347  2.73739  3.18146  2.89801  2.37887  2.77519  2.98518  4.58477  3.61503
          0.02484  4.10372  4.82607  0.61958  0.77255  0.48576  0.95510
    102   2.64720  4.86232  1.79086  2.40883  4.05176  3.40264  3.66167  3.51516  2.48889  3.11546  3.46289  2.93532  3.38978  2.82286  2.95689  2.66964  2.88877  3.19379  5.34069  3.47709    109 d - - -
          2.68618  4.42225  2.77519  2.73123  3.46354  2.40513  3.72494  3.29354  2.67741  2.69355  4.24690  2.90347  2.73739  3.18146  2.89801  2.37887  2.77519  2.98518  4.58477  3.61503
          0.02484  4.10372  4.82607  0.61958  0.77255  0.48576  0.95510
    103   3.27648  4.67792  4.69839  4.21788  3.18420  4.39802  4.82715  2.19753  4.00988  0.82254  3.04003  4.46493  4.70626  4.24888  4.16651  3.80332  3.54237  2.06507  5.23075  4.05786    110 l - - -
          2.68618  4.42225  2.77519  2.73123  3.46354  2.40513  3.72494  3.29354  2.67741  2.69355  4.24690  2.90347  2.73739  3.18146  2.89801  2.37887  2.77519  2.98518  4.58477  3.61503
          0.02484  4.10372  4.82607  0.61958  0.77255  0.48576  0.95510
    104   3.55050  4.83905  4.60856  4.23145  1.72013  4.37847  3.57566  3.21013  4.07615  2.28166  3.82546  4.08403  4.68388  4.10044  4.15007  3.72347  3.77088  3.13942  3.74135  1.00670    111 y - - -
          2.68618  4.42225  2.77519  2.73123  3.46354  2.40513  3.72494  3.29354  2.67741  2.69355  4.24690  2.90347  2.73739  3.18146  2.89801  2.37887  2.77519  2.98518  4.58477  3.61503
          0.02484  4.10372  4.82607  0.61958  0.77255  0.48576  0.95510
    105   2.84516  5.33091  1.40878  2.22254  4.63070  3.32130  3.72042  4.12592  2.58301  3.62777  4.43650  2.54474  3.85921  2.60085  2.77219  2.77276  3.10540  3.71505  5.78146  4.34059    112 d - - -
          2.68618  4.42225  2.77519  2.73123  3.46354  2.40513  3.72494  3.29354  2.67741  2.69355  4.24690  2.90347  2.73739  3.18146  2.89801  2.37887  2.77519  2.98518  4.58477  3.61503
          0.02484  4.10372  4.82607  0.61958  0.77255  0.48576  0.95510
    106   2.53686  3.57337  3.53187  3.00110  3.41801  3.45623  3.87479  2.89753  2.93542  2.61018  3.50909  3.34686  3.38210  3.24550  3.26432  2.24449  2.82209  2.65039  4.88707  2.06301    113 y - - -
          2.68618  4.42225  2.77519  2.73123  3.46354  2.40513  3.72494  3.29354  2.67741  2.69355  4.24690  2.90347  2.73739  3.18146  2.89801  2.37887  2.77519  2.98518  4.58477  3.61503
          0.02484  4.10372  4.82607  0.61958  0.77255  0.48576  0.95510
    107   2.32885  4.29153  3.29331  3.12259  4.49706  1.19175  4.31074  3.98257  3.31243  3.64960  4.47331  3.32293  3.76633  3.58330  3.63127  1.78884  2.83081  3.37496  5.81131  4.58326    114 g - - -
          2.68618  4.42225  2.77519  2.73123  3.46354  2.40513  3.72494  3.29354  2.67741  2.69355  4.24690  2.90347  2.73739  3.18146  2.89801  2.37887  2.77519  2.98518  4.58477  3.61503
          0.02484  4.10372  4.82607  0.61958  0.77255  0.48576  0.95510
    108   2.48280  5.03094  2.29818  2.32090  4.51697  3.26320  3.79678  3.98382  2.70720  3.54849  4.36901  1.50100  3.84237  2.95959  3.21531  2.47403  3.04268  3.56473  5.73825  4.33357    115 n - - -
          2.68618  4.42225  2.77519  2.73123  3.46354  2.40513  3.72494  3.29354  2.67741  2.69355  4.24690  2.90347  2.73739  3.18146  2.89801  2.37887  2.77519  2.98518  4.58477  3.61503
          0.02484  4.10372  4.82607  0.61958  0.77255  0.48576  0.95510
    109   2.65199  4.36895  3.46767  2.71943  3.06032  3.59611  3.78837  2.85717  2.88758  2.56164  3.48226  3.33214  3.98919  3.20065  3.22764  2.65619  2.88967  2.46879  4.71878  1.91265    116 y - - -
          2.68618  4.42225  2.77519  2.73123  3.46354  2.40513  3.72494  3.29354  2.67741  2.69355  4.24690  2.90347  2.73739  3.18146  2.89801  2.37887  2.77519  2.98518  4.58477  3.61503
          0.02484  4.10372  4.82607  0.61958  0.77255  0.48576  0.95510
    110   2.75508  4.81951  3.29622  2.75870  4.32322  3.46605  3.74973  3.69703  2.24680  3.26763  4.12908  3.17440  3.28412  2.91199  1.34217  2.82030  2.71121  3.35344  5.44432  4.20570    117 r - - -
          2.68618  4.42225  2.77519  2.73123  3.46354  2.40513  3.72494  3.29354  2.67741  2.69355  4.24690  2.90347  2.73739  3.18146  2.89801  2.37887  2.77519  2.98518  4.58477  3.61503
          0.02484  4.10372  4.82607  0.61958  0.77255  0.48576  0.95510
    111   2.69326  4.52166  3.32385  2.80363  3.19201  3.57687  3.27539  3.07040  2.51456  2.73011  3.63135  3.23162  3.96942  3.07496  3.05054  2.69723  2.84454  2.83003  4.76218  1.87079    118 y - - -
          2.68618  4.42225  2.77519  2.73123  3.46354  2.40513  3.72494  3.29354  2.67741  2.69355  4.24690  2.90347  2.73739  3.18146  2.89801  2.37887  2.77519  2.98518  4.58477  3.61503
          0.02484  4.10372  4.82607  0.61958  0.77255  0.48576  0.95510
    112   2.75824  5.03995  3.02884  2.49268  4.38457  3.48541  3.62292  3.79784  1.97720  3.31635  4.12404  2.99405  3.88504  1.83938  2.38054  2.55954  2.74010  3.43993  5.46303  4.15732    119 q - - -
          2.68618  4.42225  2.77519  2.73123  3.46354  2.40513  3.72494  3.29354  2.67741  2.69355  4.24690  2.90347  2.73739  3.18146  2.89801  2.37887  2.77519  2.98518  4.58477  3.61503
          0.11487  4.10372  2.38586  0.61958  0.77255  0.48576  0.95510
    113   2.56891  4.24786  3.89225  3.52924  3.69138  3.45121  4.37076  2.36498  3.43062  2.58436  3.67529  3.69856  4.06958  3.76918  3.67157  2.54355  2.95731  1.14066  5.30854  4.04476    120 v - - -
          2.68618  4.42225  2.77519  2.73123  3.46354  2.40513  3.72494  3.29354  2.67741  2.69355  4.24690  2.90347  2.73739  3.18146  2.89801  2.37887  2.77519  2.98518  4.58477  3.61503
          0.02714  4.01599  4.73834  0.61958  0.77255  0.57802  0.82327
    114   3.07187  4.59446  3.98110  3.54395  2.07212  3.93136  3.58436  3.10554  3.44924  2.65371  3.73589  3.69482  4.31952  3.65629  3.67330  2.78508  3.32066  2.93475  3.92118  1.23204    121 y - - -
          2.68618  4.42225  2.77519  2.73123  3.46354  2.40513  3.72494  3.29354  2.67741  2.69355  4.24690  2.90347  2.73739  3.18146  2.89801  2.37887  2.77519  2.98518  4.58477  3.61503
          0.02714  4.01599  4.73834  0.61958  0.77255  0.57802  0.82327
    115   3.13340  4.62715  4.07260  3.64579  2.39194  4.00354  3.71449  2.51177  3.46037  2.42383  3.62290  3.79936  4.38758  3.73451  3.66215  3.36193  3.38456  2.75613  4.05914  1.17806    122 y - - -
          2.68618  4.42225  2.77519  2.73123  3.46354  2.40513  3.72494  3.29354  2.67741  2.69355  4.24690  2.90347  2.73739  3.18146  2.89801  2.37887  2.77519  2.98518  4.58477  3.61503
          0.12610  4.01599  2.29813  0.61958  0.77255  0.57802  0.82327
    116   2.40416  4.08990  3.16521  2.68573  3.91094  2.92360  3.22078  3.32174  2.65545  2.97858  3.82112  3.08564  3.74833  3.00762  3.04753  1.79401  2.50339  2.96827  5.24875  3.97162    123 s - - -
          2.68618  4.42225  2.77519  2.73123  3.46354  2.40513  3.72494  3.29354  2.67741  2.69355  4.24690  2.90347  2.73739  3.18146  2.89801  2.37887  2.77519  2.98518  4.58477  3.61503
          0.08333  3.91982  2.81155  0.61958  0.77255  0.66249  0.72478
    117   2.41244  4.79605  2.68469  1.94235  4.12236  3.29077  3.65108  3.49351  2.47101  3.13725  3.97621  2.42245  3.77773  2.81712  2.91654  2.63516  2.87398  2.84263  5.38530  4.04151    124 e - - -
          2.68618  4.42225  2.77519  2.73123  3.46354  2.40513  3.72494  3.29354  2.67741  2.69355  4.24690  2.90347  2.73739  3.18146  2.89801  2.37887  2.77519  2.98518  4.58477  3.61503
          0.03154  3.86802  4.59037  0.61958  0.77255  0.62657  0.76448
    118   2.53903  4.59217  2.96704  2.51498  3.89814  3.32345  3.54873  3.32762  2.51157  2.66339  3.81020  2.73706  2.71553  2.87899  2.92439  2.21550  2.81243  3.01276  5.21783  3.90647    125 s - - -
          2.68618  4.42225  2.77519  2.73123  3.46354  2.40513  3.72494  3.29354  2.67741  2.69355  4.24690  2.90347  2.73739  3.18146  2.89801  2.37887  2.77519  2.98518  4.58477  3.61503
          0.02992  3.91982  4.64216  0.61958  0.77255  0.51657  0.90773
    119   2.60947  4.78839  2.85685  2.28310  4.08415  3.36137  3.65871  3.49961  2.45894  3.10951  3.41971  2.24576  3.80908  2.82002  2.90134  2.08993  2.86270  3.16824  5.34697  4.01227    126 s - - -
          2.68618  4.42225  2.77519  2.73123  3.46354  2.40513  3.72494  3.29354  2.67741  2.69355  4.24690  2.90347  2.73739  3.18146  2.89801  2.37887  2.77519  2.98518  4.58477  3.61503
          0.07540  4.01599  2.90772  0.61958  0.77255  0.57802  0.82327
    120   2.46399  1.87326  2.76610  2.79998  3.80189  3.23413  3.90545  3.16423  2.86881  2.91098  3.79599  2.78313  3.81393  3.18402  3.23501  2.62628  2.81475  2.85254  5.20488  3.92832    127 c - - -
          2.68618  4.42225  2.77519  2.73123  3.46354  2.40513  3.72494  3.29354  2.67741  2.69355  4.24690  2.90347  2.73739  3.18146  2.89801  2.37887  2.77519  2.98518  4.58477  3.61503
          0.02847  3.96906  4.69140  0.61958  0.77255  0.62115  0.77074
    121   2.57173  4.66406  2.64364  2.46474  3.91103  3.38030  3.65951  2.77642  2.50375  2.94650  3.78947  2.36195  3.80709  2.84008  2.95171  2.47965  2.81895  2.76274  5.22848  3.91091    128 n - - -
          2.68618  4.42225  2.77519  2.73123  3.46354  2.40513  3.72494  3.29354  2.67741  2.69355  4.24690  2.90347  2.73739  3.18146  2.89801  2.37887  2.77519  2.98518  4.58477  3.61503
          0.14639  3.96906  2.14314  0.61958  0.77255  0.62115  0.77074
    122   2.47655  4.83055  3.01077  2.31370  4.11841  3.42609  3.57536  3.50261  1.86444  2.94009  3.91790  2.96077  3.82230  2.72489  2.36573  2.69043  2.88242  3.10319  5.29038  4.00004    129 k - - -
          2.68636  4.42110  2.77503  2.73119  3.46349  2.40531  3.72454  3.29372  2.67748  2.69373  4.24609  2.90339  2.73736  3.18113  2.89809  2.37886  2.77515  2.98536  4.58495  3.61521
          0.40706  1.09542        *  1.31461  0.31277  0.00000        *
//
