HMMER3/f [3.3.2 | Nov 2020]
NAME  vHMM_18624
LENG  170
ALPH  amino
RF    no
MM    no
CONS  yes
CS    no
MAP   yes
DATE  Mon Feb 22 12:23:48 2021
NSEQ  20
EFFN  2.456055
CKSUM 1998730861
STATS LOCAL MSV      -10.0293  0.70749
STATS LOCAL VITERBI  -10.9911  0.70749
STATS LOCAL FORWARD   -4.3814  0.70749
CUTOFF SCORE	100.32
TAXON	Tobaniviridae
TXID	2508209
PROTEIN	Nucleoprotein
TYPE	Full-length
RANGE	Wide
HMM          A        C        D        E        F        G        H        I        K        L        M        N        P        Q        R        S        T        V        W        Y   
            m->m     m->i     m->d     i->m     i->i     d->m     d->d
  COMPO   2.51737  4.60262  3.09329  2.71829  3.55423  3.07487  3.78365  3.04427  2.52339  2.55848  3.46136  2.90294  2.89118  2.72492  2.69456  2.64918  2.78515  2.81635  5.38366  3.75258
          2.68624  4.42231  2.77526  2.73129  3.46360  2.40519  3.72500  3.29360  2.67747  2.69361  4.24267  2.90353  2.73746  3.18152  2.89807  2.37893  2.77526  2.98524  4.58483  3.61509
          0.78872  1.63473  1.04820  0.15961  1.91375  0.00000        *
      1   2.79951  4.67060  3.33153  2.94571  3.79384  3.58331  4.01017  3.18908  2.88760  2.84184  1.72406  1.76097  4.08234  3.28783  3.22834  2.94991  3.09189  2.96772  5.26246  3.94134      2 m - - -
          2.68618  4.42225  2.77519  2.73123  3.46354  2.40513  3.72494  3.29354  2.67741  2.69355  4.24690  2.90347  2.73739  3.18146  2.89801  2.37887  2.77519  2.98518  4.58477  3.61503
          0.01939  4.34863  5.07097  0.61958  0.77255  1.06200  0.42429
      2   1.13452  4.32819  3.80809  3.53463  4.59398  3.11490  4.55300  3.98666  3.57529  3.70865  4.53250  3.58846  3.89474  3.84411  3.85602  1.28377  2.90577  3.39558  5.94539  4.75333      3 a - - -
          2.68618  4.42225  2.77519  2.73123  3.46354  2.40513  3.72494  3.29354  2.67741  2.69355  4.24690  2.90347  2.73739  3.18146  2.89801  2.37887  2.77519  2.98518  4.58477  3.61503
          0.01939  4.34863  5.07097  0.61958  0.77255  1.01443  0.45037
      3   2.78032  4.44767  3.99996  3.51628  3.61456  3.70118  4.32697  2.71980  3.36461  2.40369  1.70985  3.77410  4.21668  3.70483  3.62197  3.07099  1.57511  2.57279  5.24071  4.03645      4 t - - -
          2.68618  4.42225  2.77519  2.73123  3.46354  2.40513  3.72494  3.29354  2.67741  2.69355  4.24690  2.90347  2.73739  3.18146  2.89801  2.37887  2.77519  2.98518  4.58477  3.61503
          0.01900  4.36881  5.09116  0.61958  0.77255  1.04501  0.43338
      4   3.44525  4.82037  4.62842  4.18841  2.57022  4.39347  4.02168  2.93447  3.97237  1.24547  3.57289  4.23718  4.71597  4.15573  4.09442  3.75446  3.67701  2.92521  4.27802  1.31506      5 l - - -
          2.68618  4.42225  2.77519  2.73123  3.46354  2.40513  3.72494  3.29354  2.67741  2.69355  4.24690  2.90347  2.73739  3.18146  2.89801  2.37887  2.77519  2.98518  4.58477  3.61503
          0.01900  4.36881  5.09116  0.61958  0.77255  1.04501  0.43338
      5   3.15835  5.02443  3.33108  3.05418  2.92256  3.80449  3.82610  3.72141  3.11690  3.24218  4.25567  1.56115  4.29243  3.45299  3.46245  3.21444  3.43235  3.47208  4.52110  1.39672      6 y - - -
          2.68618  4.42225  2.77519  2.73123  3.46354  2.40513  3.72494  3.29354  2.67741  2.69355  4.24690  2.90347  2.73739  3.18146  2.89801  2.37887  2.77519  2.98518  4.58477  3.61503
          0.01900  4.36881  5.09116  0.61958  0.77255  1.04501  0.43338
      6   3.54763  5.18997  4.21050  4.13894  5.04742  3.85111  5.14774  4.75748  4.24610  4.31243  5.40100  4.38402  0.26994  4.61666  4.40884  3.73639  4.03113  4.33851  6.06373  5.18304      7 P - - -
          2.68618  4.42225  2.77519  2.73123  3.46354  2.40513  3.72494  3.29354  2.67741  2.69355  4.24690  2.90347  2.73739  3.18146  2.89801  2.37887  2.77519  2.98518  4.58477  3.61503
          0.01900  4.36881  5.09116  0.61958  0.77255  1.04501  0.43338
      7   2.82610  4.44787  3.83000  3.31855  3.65243  3.84171  4.22346  1.85513  3.25434  2.56230  3.59125  1.88762  4.25424  3.57513  3.57520  3.14527  3.08673  1.74466  5.21606  3.96973      8 v - - -
          2.68618  4.42225  2.77519  2.73123  3.46354  2.40513  3.72494  3.29354  2.67741  2.69355  4.24690  2.90347  2.73739  3.18146  2.89801  2.37887  2.77519  2.98518  4.58477  3.61503
          0.01900  4.36881  5.09116  0.61958  0.77255  0.71588  0.67092
      8   1.86375  4.65444  3.31950  2.77274  3.89138  3.37161  3.86300  3.26780  2.73928  2.93925  2.62345  3.23754  3.99074  2.34363  3.15206  2.81801  2.27760  2.99320  5.25546  3.97820      9 a - - -
          2.68618  4.42225  2.77519  2.73123  3.46354  2.40513  3.72494  3.29354  2.67741  2.69355  4.24690  2.90347  2.73739  3.18146  2.89801  2.37887  2.77519  2.98518  4.58477  3.61503
          0.01636  4.51711  5.23946  0.61958  0.77255  0.32123  1.29190
      9   2.92126  4.48462  4.42186  3.90520  3.66890  3.92330  4.52475  2.76387  3.76573  2.57524  1.13204  4.07002  4.41357  4.02634  3.96051  2.31937  3.22772  1.99881  5.26163  4.06686     10 m - - -
          2.68618  4.42225  2.77519  2.73123  3.46354  2.40513  3.72494  3.29354  2.67741  2.69355  4.24690  2.90347  2.73739  3.18146  2.89801  2.37887  2.77519  2.98518  4.58477  3.61503
          0.01280  4.76057  5.48292  0.61958  0.77255  0.51530  0.90962
     10   1.88481  4.64664  4.02621  3.70646  4.99311  2.15116  4.78165  4.45497  3.77184  4.09941  4.87975  3.81767  1.08888  4.03091  4.10055  1.96027  3.18139  3.78939  6.29568  5.09632     11 p - - -
          2.68618  4.42225  2.77519  2.73123  3.46354  2.40513  3.72494  3.29354  2.67741  2.69355  4.24690  2.90347  2.73739  3.18146  2.89801  2.37887  2.77519  2.98518  4.58477  3.61503
          0.01280  4.76057  5.48292  0.61958  0.77255  0.51530  0.90962
     11   3.63055  4.91190  5.50052  4.93008  1.20222  4.90431  5.11451  1.53901  4.76831  1.87342  2.24050  5.02032  5.09724  4.76939  4.76750  4.25678  3.85024  2.63610  5.32842  4.12582     12 f - - -
          2.68618  4.42225  2.77519  2.73123  3.46354  2.40513  3.72494  3.29354  2.67741  2.69355  4.24690  2.90347  2.73739  3.18146  2.89801  2.37887  2.77519  2.98518  4.58477  3.61503
          0.01280  4.76057  5.48292  0.61958  0.77255  0.51530  0.90962
     12   2.84828  4.77284  3.43632  2.89681  3.85087  3.72840  3.94977  3.33170  2.83773  2.99661  3.87497  3.36123  2.77518  1.75099  3.23345  2.97140  3.08426  2.38201  5.25329  2.18907     13 q - - -
          2.68618  4.42225  2.77519  2.73123  3.46354  2.40513  3.72494  3.29354  2.67741  2.69355  4.24690  2.90347  2.73739  3.18146  2.89801  2.37887  2.77519  2.98518  4.58477  3.61503
          0.01280  4.76057  5.48292  0.61958  0.77255  0.51530  0.90962
     13   2.83645  4.98473  3.23778  2.72976  4.29002  2.60662  3.91484  3.70316  2.70082  3.30951  2.75956  3.22964  1.87544  1.96043  3.13272  2.88663  3.08988  3.37644  5.56001  4.23975     14 p - - -
          2.68618  4.42225  2.77519  2.73123  3.46354  2.40513  3.72494  3.29354  2.67741  2.69355  4.24690  2.90347  2.73739  3.18146  2.89801  2.37887  2.77519  2.98518  4.58477  3.61503
          0.01280  4.76057  5.48292  0.61958  0.77255  0.46773  0.98464
     14   3.01709  5.22288  3.15751  2.85444  4.82826  3.64086  4.14577  4.30680  2.87373  3.84642  4.66370  3.33812  1.90525  1.09481  3.26164  2.67192  3.33867  3.86946  5.99241  4.65186     15 q - - -
          2.68618  4.42225  2.77519  2.73123  3.46354  2.40513  3.72494  3.29354  2.67741  2.69355  4.24690  2.90347  2.73739  3.18146  2.89801  2.37887  2.77519  2.98518  4.58477  3.61503
          0.01263  4.77399  5.49633  0.61958  0.77255  0.48576  0.95510
     15   2.95715  5.10220  3.26942  2.91148  4.69895  3.63317  4.14605  4.13042  2.87842  3.70584  4.53638  3.37483  1.24101  1.81458  3.25914  3.01209  2.52940  3.72344  5.90391  4.59008     16 p - - -
          2.68618  4.42225  2.77519  2.73123  3.46354  2.40513  3.72494  3.29354  2.67741  2.69355  4.24690  2.90347  2.73739  3.18146  2.89801  2.37887  2.77519  2.98518  4.58477  3.61503
          0.25587  4.77399  1.52642  0.61958  0.77255  0.48576  0.95510
     16   2.06244  4.96919  3.10138  2.69270  4.49656  3.48948  3.93421  3.92753  2.69267  3.50302  4.31761  3.17634  2.48508  1.42310  3.10951  2.82247  3.08324  3.52915  5.70584  4.37439     17 q - - -
          2.68618  4.42225  2.77519  2.73123  3.46354  2.40513  3.72494  3.29354  2.67741  2.69355  4.24690  2.90347  2.73739  3.18146  2.89801  2.37887  2.77519  2.98518  4.58477  3.61503
          0.01608  4.53419  5.25654  0.61958  0.77255  0.54839  0.86246
     17   2.85150  4.30002  4.38981  3.80901  3.36687  3.97577  4.29248  2.56105  3.67185  1.93626  3.38530  3.98928  4.34273  3.88819  3.83196  3.27463  1.88411  1.61876  4.92497  2.55697     18 v - - -
          2.68618  4.42225  2.77519  2.73123  3.46354  2.40513  3.72494  3.29354  2.67741  2.69355  4.24690  2.90347  2.73739  3.18146  2.89801  2.37887  2.77519  2.98518  4.58477  3.61503
          0.01415  4.66126  5.38361  0.61958  0.77255  0.70071  0.68564
     18   3.32858  4.65696  5.14790  4.57799  1.42352  4.55813  4.82541  2.45214  4.41629  1.98590  2.25026  4.66454  4.83267  4.50444  4.46330  3.89589  3.55976  1.49406  5.16846  3.93787     19 f - - -
          2.68618  4.42225  2.77519  2.73123  3.46354  2.40513  3.72494  3.29354  2.67741  2.69355  4.24690  2.90347  2.73739  3.18146  2.89801  2.37887  2.77519  2.98518  4.58477  3.61503
          0.01415  4.66126  5.38361  0.61958  0.77255  0.37158  1.17005
     19   1.84609  4.42424  4.22344  3.65599  3.49319  3.94884  4.30536  2.78230  3.54805  1.65807  2.01115  3.91205  2.74566  3.79609  3.77310  3.24515  3.13922  2.62671  5.05620  3.86919     20 l - - -
          2.68618  4.42225  2.77519  2.73123  3.46354  2.40513  3.72494  3.29354  2.67741  2.69355  4.24690  2.90347  2.73739  3.18146  2.89801  2.37887  2.77519  2.98518  4.58477  3.61503
          0.01263  4.77399  5.49633  0.61958  0.77255  0.48576  0.95510
     20   3.23888  4.63960  4.83256  4.24818  3.42446  4.40475  4.72011  2.18687  4.10262  1.55493  1.53345  4.43690  2.05353  4.26375  4.22883  3.71663  3.46727  2.61599  5.22187  4.09710     21 m - - -
          2.68618  4.42225  2.77519  2.73123  3.46354  2.40513  3.72494  3.29354  2.67741  2.69355  4.24690  2.90347  2.73739  3.18146  2.89801  2.37887  2.77519  2.98518  4.58477  3.61503
          0.01263  4.77399  5.49633  0.61958  0.77255  0.48576  0.95510
     21   3.37755  5.40493  3.43477  3.27592  5.02431  3.86067  4.55427  4.62837  3.27758  4.14366  5.07028  3.71812  0.61491  2.19655  3.58285  3.44006  3.75054  4.21000  6.19910  4.93690     22 P - - -
          2.68618  4.42225  2.77519  2.73123  3.46354  2.40513  3.72494  3.29354  2.67741  2.69355  4.24690  2.90347  2.73739  3.18146  2.89801  2.37887  2.77519  2.98518  4.58477  3.61503
          0.01263  4.77399  5.49633  0.61958  0.77255  0.48576  0.95510
     22   2.90532  4.77280  3.59065  3.00201  3.91244  3.80766  3.99252  2.53323  2.78275  2.78736  2.15353  3.44733  4.18175  2.01254  1.97914  3.05114  3.12876  3.04190  5.30597  4.05988     23 r - - -
          2.68618  4.42225  2.77519  2.73123  3.46354  2.40513  3.72494  3.29354  2.67741  2.69355  4.24690  2.90347  2.73739  3.18146  2.89801  2.37887  2.77519  2.98518  4.58477  3.61503
          0.01263  4.77399  5.49633  0.61958  0.77255  0.48576  0.95510
     23   3.01548  5.34527  3.27238  2.74537  4.75079  3.72882  3.89698  4.18274  2.47083  3.67271  4.46558  3.24914  3.05319  1.17079  2.19231  2.65037  3.24442  3.79223  5.79263  4.47313     24 q - - -
          2.68618  4.42225  2.77519  2.73123  3.46354  2.40513  3.72494  3.29354  2.67741  2.69355  4.24690  2.90347  2.73739  3.18146  2.89801  2.37887  2.77519  2.98518  4.58477  3.61503
          0.40401  4.77399  1.12727  0.61958  0.77255  0.48576  0.95510
     24   2.83867  4.55475  3.64101  3.09834  3.24511  3.76992  3.88971  3.00870  2.94158  2.60768  2.39413  3.48193  4.14819  2.30141  3.25516  3.04016  3.06850  2.82063  4.78355  1.81660     25 y - - -
          2.68618  4.42225  2.77519  2.73123  3.46354  2.40513  3.72494  3.29354  2.67741  2.69355  4.24690  2.90347  2.73739  3.18146  2.89801  2.37887  2.77519  2.98518  4.58477  3.61503
          0.01862  4.38860  5.11094  0.61958  0.77255  1.02773  0.44289
     25   3.02967  5.02177  3.53080  3.09340  4.59553  3.64607  4.09584  4.06755  2.62273  3.61273  4.50265  3.48737  1.08278  3.28583  1.80726  3.11037  3.34183  3.70122  5.70196  4.50116     26 p - - -
          2.68598  4.42256  2.77551  2.73155  3.46050  2.40466  3.72526  3.29385  2.67772  2.69386  4.24476  2.90378  2.73771  3.18178  2.89832  2.37842  2.77551  2.98550  4.58508  3.61534
          0.67068  0.72855  5.11094  1.04850  0.43150  0.45138  1.01266
     26   2.94707  5.28564  3.22799  2.67889  4.67491  3.67430  3.82446  4.10569  2.39925  3.59619  4.38625  3.18461  2.24416  1.83492  1.76904  2.64323  3.17131  3.71771  5.71808  4.39696     30 r - - -
          2.68618  4.42225  2.77519  2.73123  3.46354  2.40513  3.72494  3.29354  2.67741  2.69355  4.24690  2.90347  2.73739  3.18146  2.89801  2.37887  2.77519  2.98518  4.58477  3.61503
          0.01415  4.66126  5.38361  0.61958  0.77255  0.37158  1.17005
     27   3.07318  5.15521  3.65455  3.16434  4.86526  3.75126  4.17433  4.28839  2.66344  3.81767  4.65298  3.55514  1.33289  3.33254  1.35452  2.71983  3.39202  3.86718  5.92971  4.69483     31 p - - -
          2.68618  4.42225  2.77519  2.73123  3.46354  2.40513  3.72494  3.29354  2.67741  2.69355  4.24690  2.90347  2.73739  3.18146  2.89801  2.37887  2.77519  2.98518  4.58477  3.61503
          0.01263  4.77399  5.49633  0.61958  0.77255  0.48576  0.95510
     28   3.41468  5.49006  3.81011  3.27329  5.12029  2.39950  4.13953  4.50776  2.44019  3.94793  4.81660  3.65736  4.45646  3.06900  0.70097  3.43884  3.65147  4.13758  5.96981  4.80492     32 r - - -
          2.68618  4.42225  2.77519  2.73123  3.46354  2.40513  3.72494  3.29354  2.67741  2.69355  4.24690  2.90347  2.73739  3.18146  2.89801  2.37887  2.77519  2.98518  4.58477  3.61503
          0.01263  4.77399  5.49633  0.61958  0.77255  0.48576  0.95510
     29   2.26462  4.67020  3.53059  2.96771  2.33357  3.74428  3.97283  3.21000  2.90098  2.89391  3.77406  3.41249  2.80477  3.24672  1.76647  2.98239  3.05746  2.96520  5.19510  3.35537     33 r - - -
          2.68618  4.42225  2.77519  2.73123  3.46354  2.40513  3.72494  3.29354  2.67741  2.69355  4.24690  2.90347  2.73739  3.18146  2.89801  2.37887  2.77519  2.98518  4.58477  3.61503
          0.01263  4.77399  5.49633  0.61958  0.77255  0.48576  0.95510
     30   3.21010  5.18905  3.84204  3.20930  4.58314  3.59862  4.06241  3.91872  2.46827  3.50934  4.39298  3.59721  4.35526  3.05215  0.84511  3.28806  3.43839  2.41289  5.69443  4.49206     34 r - - -
          2.68618  4.42225  2.77519  2.73123  3.46354  2.40513  3.72494  3.29354  2.67741  2.69355  4.24690  2.90347  2.73739  3.18146  2.89801  2.37887  2.77519  2.98518  4.58477  3.61503
          0.01263  4.77399  5.49633  0.61958  0.77255  0.48576  0.95510
     31   1.89113  5.11268  3.42826  2.83299  4.42162  3.75638  3.90558  3.79679  2.03357  3.38924  4.22031  3.31358  4.14722  3.05529  1.57569  3.00377  3.18903  2.51954  5.59821  4.31487     35 r - - -
          2.68618  4.42225  2.77519  2.73123  3.46354  2.40513  3.72494  3.29354  2.67741  2.69355  4.24690  2.90347  2.73739  3.18146  2.89801  2.37887  2.77519  2.98518  4.58477  3.61503
          0.01263  4.77399  5.49633  0.61958  0.77255  0.48576  0.95510
     32   2.83252  5.12513  3.17447  2.62422  4.42931  2.66617  3.82929  3.86129  2.56270  3.42120  4.21364  3.14656  2.26750  1.98336  2.38206  2.84073  3.06740  2.61687  5.61857  4.26964     36 q - - -
          2.68618  4.42225  2.77519  2.73123  3.46354  2.40513  3.72494  3.29354  2.67741  2.69355  4.24690  2.90347  2.73739  3.18146  2.89801  2.37887  2.77519  2.98518  4.58477  3.61503
          0.01263  4.77399  5.49633  0.61958  0.77255  0.48576  0.95510
     33   2.33316  5.54092  3.63845  2.97206  4.99411  3.93992  3.91886  4.36616  1.82688  3.78763  4.60623  3.42672  4.29892  2.23760  1.15927  3.23266  3.43961  4.00039  5.83472  4.60697     37 r - - -
          2.68618  4.42225  2.77519  2.73123  3.46354  2.40513  3.72494  3.29354  2.67741  2.69355  4.24690  2.90347  2.73739  3.18146  2.89801  2.37887  2.77519  2.98518  4.58477  3.61503
          0.40401  4.77399  1.12727  0.61958  0.77255  0.48576  0.95510
     34   2.94863  5.20819  3.30583  2.69844  4.60210  3.66391  3.72845  3.99458  1.80315  3.48009  4.29530  2.89942  4.04454  2.85251  1.53429  2.94024  2.21878  3.63752  5.58693  4.32196     38 r - - -
          2.68618  4.42225  2.77519  2.73123  3.46354  2.40513  3.72494  3.29354  2.67741  2.69355  4.24690  2.90347  2.73739  3.18146  2.89801  2.37887  2.77519  2.98518  4.58477  3.61503
          0.01862  4.38860  5.11094  0.61958  0.77255  1.02773  0.44289
     35   3.08724  5.36709  3.37775  2.76979  4.81813  3.73967  3.74143  4.19689  1.31738  3.61843  4.44161  2.18174  4.11403  2.86000  1.78801  3.05662  3.26999  3.83093  5.66269  4.43139     39 k - - -
          2.68618  4.42225  2.77519  2.73123  3.46354  2.40513  3.72494  3.29354  2.67741  2.69355  4.24690  2.90347  2.73739  3.18146  2.89801  2.37887  2.77519  2.98518  4.58477  3.61503
          0.01862  4.38860  5.11094  0.61958  0.77255  1.02773  0.44289
     36   2.48879  4.48980  3.45038  3.17040  4.65559  1.93760  4.35643  4.11742  3.30251  3.74972  4.54785  3.42543  1.48917  3.58319  3.67157  1.74699  2.96252  3.52453  5.94550  4.70118     40 p - - -
          2.68618  4.42225  2.77519  2.73123  3.46354  2.40513  3.72494  3.29354  2.67741  2.69355  4.24690  2.90347  2.73739  3.18146  2.89801  2.37887  2.77519  2.98518  4.58477  3.61503
          0.01862  4.38860  5.11094  0.61958  0.77255  1.02773  0.44289
     37   1.66356  4.95773  2.93834  2.52202  4.37790  3.43147  3.79734  3.81693  2.59185  3.38853  4.18961  2.21122  2.86650  2.55924  3.05000  2.73219  2.98663  3.43302  5.59274  4.23958     41 a - - -
          2.68618  4.42225  2.77519  2.73123  3.46354  2.40513  3.72494  3.29354  2.67741  2.69355  4.24690  2.90347  2.73739  3.18146  2.89801  2.37887  2.77519  2.98518  4.58477  3.61503
          0.01862  4.38860  5.11094  0.61958  0.77255  1.02773  0.44289
     38   2.77231  5.14583  2.80036  2.43136  4.53801  2.36564  3.76825  4.00326  2.55307  3.52777  4.31114  2.17969  2.50453  2.14600  3.02864  2.75308  3.03345  3.59295  5.69381  4.30478     42 q - - -
          2.68618  4.42225  2.77519  2.73123  3.46354  2.40513  3.72494  3.29354  2.67741  2.69355  4.24690  2.90347  2.73739  3.18146  2.89801  2.37887  2.77519  2.98518  4.58477  3.61503
          0.01862  4.38860  5.11094  0.61958  0.77255  1.02773  0.44289
     39   2.82826  5.13165  3.01237  2.55304  4.52847  3.52460  3.75759  3.95502  1.52182  3.48038  4.28158  2.20527  3.96612  2.88712  2.76903  2.82178  2.20856  3.57273  5.62879  4.29689     43 k - - -
          2.68618  4.42256  2.77551  2.73155  3.46161  2.40505  3.72526  3.29385  2.67721  2.69386  4.24721  2.90314  2.73749  3.18009  2.89832  2.37880  2.77551  2.98550  4.58508  3.61534
          0.67068  0.72855  5.11094  1.04850  0.43150  0.25333  1.49706
     40   2.82949  5.32212  2.60098  2.49627  4.66263  2.66386  3.78795  4.14449  1.81861  3.62894  4.37475  2.23941  2.80978  2.89080  3.03213  2.79182  2.42698  3.71260  5.76552  4.35553     47 k - - -
          2.68618  4.42225  2.77519  2.73123  3.46354  2.40513  3.72494  3.29354  2.67741  2.69355  4.24690  2.90347  2.73739  3.18146  2.89801  2.37887  2.77519  2.98518  4.58477  3.61503
          0.01263  4.77399  5.49633  0.61958  0.77255  0.48576  0.95510
     41   3.44419  5.50166  3.62824  3.28771  5.14869  3.96317  4.36035  4.60131  1.49230  4.09587  4.97941  3.71558  0.85466  3.53138  3.07426  3.48038  3.73892  4.20945  6.11819  4.93389     48 p - - -
          2.68618  4.42225  2.77519  2.73123  3.46354  2.40513  3.72494  3.29354  2.67741  2.69355  4.24690  2.90347  2.73739  3.18146  2.89801  2.37887  2.77519  2.98518  4.58477  3.61503
          0.01263  4.77399  5.49633  0.61958  0.77255  0.48576  0.95510
     42   2.62868  5.26089  3.10987  2.57912  4.61783  2.30205  3.81695  4.07507  1.78420  3.58140  4.34686  3.11178  4.02093  1.95782  2.97025  2.83497  2.41562  3.66809  5.73004  4.35523     49 k - - -
          2.68618  4.42225  2.77519  2.73123  3.46354  2.40513  3.72494  3.29354  2.67741  2.69355  4.24690  2.90347  2.73739  3.18146  2.89801  2.37887  2.77519  2.98518  4.58477  3.61503
          0.01263  4.77399  5.49633  0.61958  0.77255  0.48576  0.95510
     43   2.89018  4.34178  4.47098  3.89642  1.67767  4.00241  4.35039  1.75486  3.75917  2.43526  3.42825  4.05199  2.75387  3.96251  3.90441  3.30994  2.35646  2.48141  4.96576  3.75819     50 f - - -
          2.68618  4.42225  2.77519  2.73123  3.46354  2.40513  3.72494  3.29354  2.67741  2.69355  4.24690  2.90347  2.73739  3.18146  2.89801  2.37887  2.77519  2.98518  4.58477  3.61503
          0.01263  4.77399  5.49633  0.61958  0.77255  0.48576  0.95510
     44   2.91991  5.38282  2.39844  2.58450  4.74542  3.64694  3.81945  4.20932  1.50662  3.67753  4.43670  3.11974  4.05126  2.92456  1.91841  2.28366  3.14565  3.78696  5.79217  4.41683     51 k - - -
          2.68618  4.42225  2.77519  2.73123  3.46354  2.40513  3.72494  3.29354  2.67741  2.69355  4.24690  2.90347  2.73739  3.18146  2.89801  2.37887  2.77519  2.98518  4.58477  3.61503
          0.01263  4.77399  5.49633  0.61958  0.77255  0.48576  0.95510
     45   2.99263  5.47456  1.81071  2.53146  4.83184  3.60483  3.93279  4.31811  2.14432  3.81017  4.58181  3.08939  1.74182  3.05457  3.25072  2.24858  3.24607  3.88680  5.95635  4.53111     52 p - - -
          2.68618  4.42225  2.77519  2.73123  3.46354  2.40513  3.72494  3.29354  2.67741  2.69355  4.24690  2.90347  2.73739  3.18146  2.89801  2.37887  2.77519  2.98518  4.58477  3.61503
          0.01263  4.77399  5.49633  0.61958  0.77255  0.48576  0.95510
     46   2.32508  4.79324  5.05812  4.49170  3.45564  4.57287  4.95071  2.63331  4.32697  1.08472  1.46463  4.66429  4.86580  4.46343  4.42744  3.91302  3.64645  2.68794  5.36973  4.27869     53 l - - -
          2.68618  4.42225  2.77519  2.73123  3.46354  2.40513  3.72494  3.29354  2.67741  2.69355  4.24690  2.90347  2.73739  3.18146  2.89801  2.37887  2.77519  2.98518  4.58477  3.61503
          0.01263  4.77399  5.49633  0.61958  0.77255  0.48576  0.95510
     47   2.78957  4.74339  3.43148  2.89996  2.18460  3.65429  3.99454  3.40231  2.89173  3.07122  3.92787  2.50048  2.75133  3.21994  3.30920  2.28803  1.95561  3.11861  5.37651  4.09507     54 t - - -
          2.68618  4.42225  2.77519  2.73123  3.46354  2.40513  3.72494  3.29354  2.67741  2.69355  4.24690  2.90347  2.73739  3.18146  2.89801  2.37887  2.77519  2.98518  4.58477  3.61503
          0.16805  4.77399  1.92249  0.61958  0.77255  0.48576  0.95510
     48   2.93623  5.48787  1.72722  1.93061  4.81487  3.52995  3.84431  4.31507  2.07167  3.78507  4.54736  2.43191  2.59958  2.96086  3.18435  2.86938  3.18253  3.87145  5.91780  4.47295     55 d - - -
          2.68618  4.42225  2.77519  2.73123  3.46354  2.40513  3.72494  3.29354  2.67741  2.69355  4.24690  2.90347  2.73739  3.18146  2.89801  2.37887  2.77519  2.98518  4.58477  3.61503
          0.01474  4.62067  5.34302  0.61958  0.77255  0.76319  0.62769
     49   3.05802  5.40739  3.37099  2.75691  4.82689  3.76184  3.80630  4.23295  1.27303  3.67033  4.46708  3.24290  4.13492  2.18480  2.14900  2.23574  3.25490  3.84658  5.73951  4.46117     56 k - - -
          2.68618  4.42225  2.77519  2.73123  3.46354  2.40513  3.72494  3.29354  2.67741  2.69355  4.24690  2.90347  2.73739  3.18146  2.89801  2.37887  2.77519  2.98518  4.58477  3.61503
          0.01474  4.62067  5.34302  0.61958  0.77255  0.34468  1.23252
     50   2.80756  4.89404  3.28743  2.72558  4.10809  3.66177  3.86919  3.50388  2.68264  2.46557  3.97565  3.22661  2.82956  2.03430  2.45443  2.87553  2.41322  2.50179  5.41663  4.11059     57 q - - -
          2.68618  4.42225  2.77519  2.73123  3.46354  2.40513  3.72494  3.29354  2.67741  2.69355  4.24690  2.90347  2.73739  3.18146  2.89801  2.37887  2.77519  2.98518  4.58477  3.61503
          0.01263  4.77399  5.49633  0.61958  0.77255  0.48576  0.95510
     51   2.30543  5.32571  3.12440  2.12268  4.67828  3.62897  3.79237  4.14103  1.76236  3.61980  4.37606  3.10406  4.02197  2.89605  1.95442  2.28695  3.09739  3.72289  5.74418  4.36791     58 k - - -
          2.68618  4.42225  2.77519  2.73123  3.46354  2.40513  3.72494  3.29354  2.67741  2.69355  4.24690  2.90347  2.73739  3.18146  2.89801  2.37887  2.77519  2.98518  4.58477  3.61503
          0.01263  4.77399  5.49633  0.61958  0.77255  0.48576  0.95510
     52   2.87459  5.26395  3.17708  2.60543  4.59232  3.64738  3.80148  4.03765  1.53820  3.54519  4.31779  2.62500  4.03447  2.67784  2.31116  2.85586  2.42594  2.66909  5.69248  4.33503     59 k - - -
          2.68618  4.42225  2.77519  2.73123  3.46354  2.40513  3.72494  3.29354  2.67741  2.69355  4.24690  2.90347  2.73739  3.18146  2.89801  2.37887  2.77519  2.98518  4.58477  3.61503
          0.01263  4.77399  5.49633  0.61958  0.77255  0.48576  0.95510
     53   2.27032  4.71102  3.43376  2.31354  3.88274  3.72099  3.96144  2.42082  2.87350  1.96333  3.80569  2.15199  4.11132  3.20340  3.28177  2.95651  3.04978  2.97125  5.27651  4.00727     60 l - - -
          2.68618  4.42225  2.77519  2.73123  3.46354  2.40513  3.72494  3.29354  2.67741  2.69355  4.24690  2.90347  2.73739  3.18146  2.89801  2.37887  2.77519  2.98518  4.58477  3.61503
          0.01263  4.77399  5.49633  0.61958  0.77255  0.48576  0.95510
     54   2.94372  4.57114  3.99141  3.47710  3.71853  3.93582  4.32015  2.78537  3.39251  2.67350  2.01264  1.68829  4.35884  3.70624  3.68758  3.24284  3.20596  1.69968  5.25890  4.02878     61 n - - -
          2.68618  4.42225  2.77519  2.73123  3.46354  2.40513  3.72494  3.29354  2.67741  2.69355  4.24690  2.90347  2.73739  3.18146  2.89801  2.37887  2.77519  2.98518  4.58477  3.61503
          0.01263  4.77399  5.49633  0.61958  0.77255  0.48576  0.95510
     55   1.77651  4.72768  3.53320  2.99344  3.54476  2.52260  4.08477  3.54808  2.97480  3.21041  4.05496  3.41416  2.10288  3.30132  3.38949  2.41842  2.30722  3.07075  5.50645  4.23235     62 a - - -
          2.68618  4.42225  2.77519  2.73123  3.46354  2.40513  3.72494  3.29354  2.67741  2.69355  4.24690  2.90347  2.73739  3.18146  2.89801  2.37887  2.77519  2.98518  4.58477  3.61503
          0.01263  4.77399  5.49633  0.61958  0.77255  0.48576  0.95510
     56   2.26431  5.37331  3.16550  2.73815  4.83206  3.70186  3.95984  4.26964  1.20322  3.76558  4.56047  1.89057  4.16188  3.08530  2.94626  3.02416  3.29051  3.86068  5.88646  4.55088     63 k - - -
          2.68618  4.42225  2.77519  2.73123  3.46354  2.40513  3.72494  3.29354  2.67741  2.69355  4.24690  2.90347  2.73739  3.18146  2.89801  2.37887  2.77519  2.98518  4.58477  3.61503
          0.01263  4.77399  5.49633  0.61958  0.77255  0.48576  0.95510
     57   2.84096  5.33901  2.37331  2.07995  4.67184  3.57512  3.79446  4.15459  2.55155  3.63936  4.38649  2.40961  3.99003  1.96976  3.04930  2.27357  3.07559  2.71310  5.77708  4.36420     64 q - - -
          2.68618  4.42225  2.77519  2.73123  3.46354  2.40513  3.72494  3.29354  2.67741  2.69355  4.24690  2.90347  2.73739  3.18146  2.89801  2.37887  2.77519  2.98518  4.58477  3.61503
          0.01263  4.77399  5.49633  0.61958  0.77255  0.48576  0.95510
     58   2.36351  5.23472  3.13259  2.62819  4.63272  3.61822  3.86529  4.08104  1.52437  3.60128  4.37608  1.98767  4.04871  2.98353  3.00868  2.86649  2.29703  3.67570  5.75729  4.39291     65 k - - -
          2.68618  4.42225  2.77519  2.73123  3.46354  2.40513  3.72494  3.29354  2.67741  2.69355  4.24690  2.90347  2.73739  3.18146  2.89801  2.37887  2.77519  2.98518  4.58477  3.61503
          0.01263  4.77399  5.49633  0.61958  0.77255  0.48576  0.95510
     59   2.81868  5.03684  3.21037  2.18754  4.28734  3.63959  3.82837  2.71877  2.15014  3.29539  2.85114  3.16430  4.02763  2.97301  2.03321  2.84620  2.42155  3.37443  5.52639  4.19367     66 r - - -
          2.68618  4.42225  2.77519  2.73123  3.46354  2.40513  3.72494  3.29354  2.67741  2.69355  4.24690  2.90347  2.73739  3.18146  2.89801  2.37887  2.77519  2.98518  4.58477  3.61503
          0.01263  4.77399  5.49633  0.61958  0.77255  0.48576  0.95510
     60   2.19082  5.05727  3.18540  2.14041  4.58505  2.76870  3.96573  4.03566  2.76155  3.59390  4.37398  3.20971  4.04280  3.09985  3.23361  1.47291  2.34023  3.61225  5.78337  4.42582     67 s - - -
          2.68618  4.42225  2.77519  2.73123  3.46354  2.40513  3.72494  3.29354  2.67741  2.69355  4.24690  2.90347  2.73739  3.18146  2.89801  2.37887  2.77519  2.98518  4.58477  3.61503
          0.01263  4.77399  5.49633  0.61958  0.77255  0.48576  0.95510
     61   2.82124  5.19244  3.12831  2.56991  4.50141  2.68618  3.79370  3.94877  2.10710  3.48024  4.25432  2.45373  4.00142  2.90991  2.01658  2.81063  2.42662  2.66907  5.65288  4.28455     68 r - - -
          2.68618  4.42225  2.77519  2.73123  3.46354  2.40513  3.72494  3.29354  2.67741  2.69355  4.24690  2.90347  2.73739  3.18146  2.89801  2.37887  2.77519  2.98518  4.58477  3.61503
          0.01263  4.77399  5.49633  0.61958  0.77255  0.48576  0.95510
     62   2.46832  5.14975  3.09655  2.13837  4.43481  3.59679  3.80199  3.87918  2.56850  3.43116  4.21322  3.09644  3.99577  2.00304  3.04524  2.29078  2.74785  3.50952  5.62480  2.34889     69 q - - -
          2.68618  4.42225  2.77519  2.73123  3.46354  2.40513  3.72494  3.29354  2.67741  2.69355  4.24690  2.90347  2.73739  3.18146  2.89801  2.37887  2.77519  2.98518  4.58477  3.61503
          0.01263  4.77399  5.49633  0.61958  0.77255  0.48576  0.95510
     63   2.82692  5.09226  3.15143  2.61944  4.35933  3.62260  3.83387  3.79592  2.14839  3.37199  4.17239  2.08974  4.02473  2.97179  3.05611  2.53139  2.16535  3.44936  5.58235  2.30889     70 n - - -
          2.68618  4.42225  2.77519  2.73123  3.46354  2.40513  3.72494  3.29354  2.67741  2.69355  4.24690  2.90347  2.73739  3.18146  2.89801  2.37887  2.77519  2.98518  4.58477  3.61503
          0.25587  4.77399  1.52642  0.61958  0.77255  0.48576  0.95510
     64   2.75722  5.05331  3.04009  2.53429  4.37347  3.52400  2.61818  3.81886  2.51432  3.37590  4.16857  3.05773  3.94551  2.25424  2.96404  1.81648  2.30732  3.45028  5.56640  4.20935     71 s - - -
          2.68618  4.42225  2.77519  2.73123  3.46354  2.40513  3.72494  3.29354  2.67741  2.69355  4.24690  2.90347  2.73739  3.18146  2.89801  2.37887  2.77519  2.98518  4.58477  3.61503
          0.01608  4.53419  5.25654  0.61958  0.77255  0.87753  0.53753
     65   3.52488  4.75417  5.49639  4.97125  3.65304  5.00167  5.50116  1.23977  4.86554  1.24125  3.41592  5.13460  5.18458  4.97388  4.94818  4.39462  3.76507  1.50816  5.74567  4.64433     72 i - - -
          2.68618  4.42225  2.77519  2.73123  3.46354  2.40513  3.72494  3.29354  2.67741  2.69355  4.24690  2.90347  2.73739  3.18146  2.89801  2.37887  2.77519  2.98518  4.58477  3.61503
          0.01608  4.53419  5.25654  0.61958  0.77255  0.87753  0.53753
     66   3.07024  5.19839  3.13451  2.87107  4.68982  3.63090  4.13175  4.21809  2.82998  3.74464  4.62658  3.34803  1.26168  1.53653  3.17346  3.10364  3.38616  3.83176  5.86565  4.56133     73 p - - -
          2.68615  4.42274  2.77569  2.73172  3.46403  2.40562  3.72543  3.29403  2.67739  2.69352  4.24005  2.90370  2.73593  3.18195  2.89850  2.37913  2.77490  2.98428  4.58526  3.61552
          0.33819  1.26683  5.25654  1.80323  0.18004  0.30118  1.34686
     67   1.87829  4.87254  3.42040  2.85686  4.14891  3.68689  3.94993  3.53125  2.72196  3.17096  2.72969  3.32676  2.75148  3.13942  1.67836  2.93478  3.09403  3.23862  5.45833  4.17520     86 r - - -
          2.68618  4.42225  2.77519  2.73123  3.46354  2.40513  3.72494  3.29354  2.67741  2.69355  4.24690  2.90347  2.73739  3.18146  2.89801  2.37887  2.77519  2.98518  4.58477  3.61503
          0.01263  4.77399  5.49633  0.61958  0.77255  0.48576  0.95510
     68   2.26525  4.77610  3.36654  2.80831  3.98180  3.67196  3.91572  2.56461  2.78942  3.03019  3.88285  3.28951  2.51674  2.44943  3.21819  2.12993  2.60608  2.77413  5.33785  4.05140     87 s - - -
          2.68618  4.42225  2.77519  2.73123  3.46354  2.40513  3.72494  3.29354  2.67741  2.69355  4.24690  2.90347  2.73739  3.18146  2.89801  2.37887  2.77519  2.98518  4.58477  3.61503
          0.01263  4.77399  5.49633  0.61958  0.77255  0.48576  0.95510
     69   2.84280  5.08645  3.21434  2.65317  4.34942  3.64869  3.83289  3.77852  2.56371  3.35507  4.16039  3.17021  4.03995  2.36548  1.99813  2.30377  2.41836  3.43969  5.56416  2.30222     88 r - - -
          2.68618  4.42225  2.77519  2.73123  3.46354  2.40513  3.72494  3.29354  2.67741  2.69355  4.24690  2.90347  2.73739  3.18146  2.89801  2.37887  2.77519  2.98518  4.58477  3.61503
          0.01263  4.77399  5.49633  0.61958  0.77255  0.48576  0.95510
     70   3.00795  4.38790  4.77361  4.18773  3.49629  2.10071  4.56226  1.65972  4.03190  2.16882  2.46197  4.29412  4.55341  4.21037  4.13014  3.52035  3.24427  1.63728  5.10740  3.92850     89 v - - -
          2.68618  4.42225  2.77519  2.73123  3.46354  2.40513  3.72494  3.29354  2.67741  2.69355  4.24690  2.90347  2.73739  3.18146  2.89801  2.37887  2.77519  2.98518  4.58477  3.61503
          0.01263  4.77399  5.49633  0.61958  0.77255  0.48576  0.95510
     71   2.86055  4.79448  3.46431  2.90792  3.95342  3.75112  3.98560  2.71371  2.84045  2.73128  3.85308  3.37904  2.78926  1.35853  3.24092  2.98634  3.09606  2.69829  5.35730  4.08298     90 q - - -
          2.68618  4.42225  2.77519  2.73123  3.46354  2.40513  3.72494  3.29354  2.67741  2.69355  4.24690  2.90347  2.73739  3.18146  2.89801  2.37887  2.77519  2.98518  4.58477  3.61503
          0.01263  4.77399  5.49633  0.61958  0.77255  0.48576  0.95510
     72   2.29175  5.45455  2.26817  1.72829  4.78852  3.58715  3.85318  4.28209  2.13038  3.75534  4.50679  1.99448  4.03472  2.96192  3.14821  2.76914  3.16271  3.84087  5.88703  4.45677     91 e - - -
          2.68618  4.42225  2.77519  2.73123  3.46354  2.40513  3.72494  3.29354  2.67741  2.69355  4.24690  2.90347  2.73739  3.18146  2.89801  2.37887  2.77519  2.98518  4.58477  3.61503
          0.01263  4.77399  5.49633  0.61958  0.77255  0.48576  0.95510
     73   1.96133  5.27104  3.04476  2.50649  4.60873  2.95435  3.77296  4.08325  2.11223  3.57772  4.32632  2.43777  2.83245  2.33921  3.00157  2.54559  3.03772  3.66045  5.72128  4.32099     92 a - - -
          2.68618  4.42225  2.77519  2.73123  3.46354  2.40513  3.72494  3.29354  2.67741  2.69355  4.24690  2.90347  2.73739  3.18146  2.89801  2.37887  2.77519  2.98518  4.58477  3.61503
          0.01263  4.77399  5.49633  0.61958  0.77255  0.48576  0.95510
     74   2.86375  5.30251  3.11137  2.56851  4.65569  3.61995  3.80082  4.11786  2.06742  3.60681  4.36582  2.42814  2.25791  2.90712  2.33468  1.92894  3.09337  3.70304  5.74043  4.36274     93 s - - -
          2.68618  4.42225  2.77519  2.73123  3.46354  2.40513  3.72494  3.29354  2.67741  2.69355  4.24690  2.90347  2.73739  3.18146  2.89801  2.37887  2.77519  2.98518  4.58477  3.61503
          0.01263  4.77399  5.49633  0.61958  0.77255  0.48576  0.95510
     75   3.10861  5.49633  3.34085  2.15568  4.90935  2.57879  3.87805  4.32892  1.60517  3.76394  4.55277  3.27555  4.18654  2.98784  1.47497  3.07041  3.31177  3.93054  5.83557  4.53571     94 r - - -
          2.68618  4.42225  2.77519  2.73123  3.46354  2.40513  3.72494  3.29354  2.67741  2.69355  4.24690  2.90347  2.73739  3.18146  2.89801  2.37887  2.77519  2.98518  4.58477  3.61503
          0.01263  4.77399  5.49633  0.61958  0.77255  0.48576  0.95510
     76   3.24895  4.96695  4.33921  4.07847  4.25591  0.96942  4.93340  3.60526  4.02884  1.16238  4.32766  4.26620  4.61350  4.36428  4.24215  3.49642  3.66059  3.42413  5.82111  4.60280     95 g - - -
          2.68618  4.42225  2.77519  2.73123  3.46354  2.40513  3.72494  3.29354  2.67741  2.69355  4.24690  2.90347  2.73739  3.18146  2.89801  2.37887  2.77519  2.98518  4.58477  3.61503
          0.01263  4.77399  5.49633  0.61958  0.77255  0.48576  0.95510
     77   2.79593  5.10979  2.81342  2.29937  4.38223  3.59974  3.79838  3.17368  2.56967  2.01378  4.17102  2.46856  3.99284  2.92597  2.43683  2.29643  3.02731  3.46076  5.58833  4.22651     96 l - - -
          2.68618  4.42225  2.77519  2.73123  3.46354  2.40513  3.72494  3.29354  2.67741  2.69355  4.24690  2.90347  2.73739  3.18146  2.89801  2.37887  2.77519  2.98518  4.58477  3.61503
          0.01263  4.77399  5.49633  0.61958  0.77255  0.48576  0.95510
     78   2.24838  4.33923  4.32628  3.74631  3.46810  3.98376  4.30659  2.24119  3.63176  1.72101  3.45997  2.63333  4.35345  3.85988  3.82264  3.27483  2.86395  1.67854  4.99871  3.80441     97 v - - -
          2.68618  4.42225  2.77519  2.73123  3.46354  2.40513  3.72494  3.29354  2.67741  2.69355  4.24690  2.90347  2.73739  3.18146  2.89801  2.37887  2.77519  2.98518  4.58477  3.61503
          0.01263  4.77399  5.49633  0.61958  0.77255  0.48576  0.95510
     79   2.80621  5.11647  3.14507  2.58544  4.39289  2.92075  3.80033  3.44765  2.13631  2.40649  4.17796  3.11483  4.00104  1.84347  2.77331  2.52195  2.84571  3.47003  5.59065  4.23362     98 q - - -
          2.68618  4.42225  2.77519  2.73123  3.46354  2.40513  3.72494  3.29354  2.67741  2.69355  4.24690  2.90347  2.73739  3.18146  2.89801  2.37887  2.77519  2.98518  4.58477  3.61503
          0.01263  4.77399  5.49633  0.61958  0.77255  0.48576  0.95510
     80   3.14265  5.65379  1.37594  2.53764  5.04799  3.61460  4.07006  4.55758  2.97813  4.04265  4.83529  2.23726  1.96974  3.20906  3.53103  2.22193  3.42214  4.10407  6.19059  4.72529     99 d - - -
          2.68618  4.42225  2.77519  2.73123  3.46354  2.40513  3.72494  3.29354  2.67741  2.69355  4.24690  2.90347  2.73739  3.18146  2.89801  2.37887  2.77519  2.98518  4.58477  3.61503
          0.01263  4.77399  5.49633  0.61958  0.77255  0.48576  0.95510
     81   2.24376  3.61073  3.86855  3.29706  3.55623  3.81673  4.10369  2.90128  3.22772  2.10039  3.54121  3.64435  3.63926  3.50955  2.43512  3.07992  1.97787  2.17934  5.02881  3.81280    100 t - - -
          2.68618  4.42225  2.77519  2.73123  3.46354  2.40513  3.72494  3.29354  2.67741  2.69355  4.24690  2.90347  2.73739  3.18146  2.89801  2.37887  2.77519  2.98518  4.58477  3.61503
          0.40401  4.77399  1.12727  0.61958  0.77255  0.48576  0.95510
     82   2.71709  4.67750  3.22977  2.71976  3.87448  3.56706  3.81756  3.25008  2.65008  1.80599  3.78572  2.61596  3.97736  2.46864  3.04014  2.82695  2.37295  2.98655  5.23255  3.95250    101 l - - -
          2.68618  4.42225  2.77519  2.73123  3.46354  2.40513  3.72494  3.29354  2.67741  2.69355  4.24690  2.90347  2.73739  3.18146  2.89801  2.37887  2.77519  2.98518  4.58477  3.61503
          0.07331  4.38860  2.84260  0.61958  0.77255  1.02773  0.44289
     83   2.94656  5.53546  1.81723  1.71973  4.84344  3.40135  3.81016  4.35760  2.70402  3.82477  4.61411  2.22122  3.94379  2.04927  3.25666  2.85431  3.20697  3.91162  5.96344  4.48635    102 e - - -
          2.68618  4.42225  2.77519  2.73123  3.46354  2.40513  3.72494  3.29354  2.67741  2.69355  4.24690  2.90347  2.73739  3.18146  2.89801  2.37887  2.77519  2.98518  4.58477  3.61503
          0.01966  4.33494  5.05729  0.61958  0.77255  1.07317  0.41843
     84   2.69006  4.98280  2.92421  2.47098  4.37289  3.42486  3.73522  3.81753  2.50499  3.37266  4.16358  2.41677  3.88037  2.16054  2.96328  2.07300  2.20037  3.43043  5.56272  4.20188    103 s - - -
          2.68618  4.42225  2.77519  2.73123  3.46354  2.40513  3.72494  3.29354  2.67741  2.69355  4.24690  2.90347  2.73739  3.18146  2.89801  2.37887  2.77519  2.98518  4.58477  3.61503
          0.20436  4.33494  1.76182  0.61958  0.77255  0.74403  0.64473
     85   3.16657  5.52829  0.82574  2.43568  5.08156  2.20046  4.12997  4.65431  3.22798  4.17071  5.05244  3.00500  4.09180  3.32519  3.82876  3.09412  3.51593  4.17836  6.24031  4.81159    104 d - - -
          2.68618  4.42225  2.77519  2.73123  3.46354  2.40513  3.72494  3.29354  2.67741  2.69355  4.24690  2.90347  2.73739  3.18146  2.89801  2.37887  2.77519  2.98518  4.58477  3.61503
          0.01966  4.33494  5.05729  0.61958  0.77255  1.07317  0.41843
     86   2.90613  4.39347  4.18289  3.63637  3.51167  4.02621  4.37251  1.73449  3.49460  2.31493  3.42659  3.93407  4.38765  2.67081  3.74155  3.33356  3.15005  1.32971  5.15936  3.95276    105 v - - -
          2.68618  4.42225  2.77519  2.73123  3.46354  2.40513  3.72494  3.29354  2.67741  2.69355  4.24690  2.90347  2.73739  3.18146  2.89801  2.37887  2.77519  2.98518  4.58477  3.61503
          0.01966  4.33494  5.05729  0.61958  0.77255  0.24060  1.54250
     87   3.81788  5.78277  4.32428  3.56809  5.32403  4.28896  4.15209  4.71071  2.28730  4.04650  4.97551  3.87598  4.66114  2.76325  0.49856  3.81052  3.95008  4.41188  5.97771  4.89229    106 R - - -
          2.68618  4.42225  2.77519  2.73123  3.46354  2.40513  3.72494  3.29354  2.67741  2.69355  4.24690  2.90347  2.73739  3.18146  2.89801  2.37887  2.77519  2.98518  4.58477  3.61503
          0.01263  4.77399  5.49633  0.61958  0.77255  0.48576  0.95510
     88   2.38751  4.89567  3.25956  2.70507  3.49493  2.35914  2.77895  3.51275  2.69566  3.14499  3.97821  2.09958  4.03911  3.03930  3.14525  2.77449  3.02867  3.09533  5.41012  2.85077    107 n - - -
          2.68618  4.42225  2.77519  2.73123  3.46354  2.40513  3.72494  3.29354  2.67741  2.69355  4.24690  2.90347  2.73739  3.18146  2.89801  2.37887  2.77519  2.98518  4.58477  3.61503
          0.01263  4.77399  5.49633  0.61958  0.77255  0.48576  0.95510
     89   3.41388  5.57289  3.54133  3.12541  5.06531  3.95539  4.14508  4.56177  2.53653  4.00052  4.86286  1.14323  4.43125  3.29439  1.27205  3.40875  3.65188  4.18149  5.98980  4.75248    108 n - - -
          2.68618  4.42225  2.77519  2.73123  3.46354  2.40513  3.72494  3.29354  2.67741  2.69355  4.24690  2.90347  2.73739  3.18146  2.89801  2.37887  2.77519  2.98518  4.58477  3.61503
          0.01263  4.77399  5.49633  0.61958  0.77255  0.48576  0.95510
     90   2.88642  4.32865  4.45567  3.86233  2.47710  3.71664  4.30925  1.78587  3.69482  1.64764  3.37227  4.02885  4.36874  3.91430  2.16905  3.30618  3.11776  2.51871  4.92641  3.73338    109 l - - -
          2.68618  4.42225  2.77519  2.73123  3.46354  2.40513  3.72494  3.29354  2.67741  2.69355  4.24690  2.90347  2.73739  3.18146  2.89801  2.37887  2.77519  2.98518  4.58477  3.61503
          0.01263  4.77399  5.49633  0.61958  0.77255  0.48576  0.95510
     91   2.24671  5.11730  3.17190  2.63180  4.53110  3.57874  3.85998  3.98055  2.60933  3.52219  4.29672  2.43210  4.01285  2.98202  1.99319  1.89617  2.38751  3.57804  5.70036  4.33721    110 s - - -
          2.68618  4.42225  2.77519  2.73123  3.46354  2.40513  3.72494  3.29354  2.67741  2.69355  4.24690  2.90347  2.73739  3.18146  2.89801  2.37887  2.77519  2.98518  4.58477  3.61503
          0.01263  4.77399  5.49633  0.61958  0.77255  0.48576  0.95510
     92   2.96303  5.38100  3.11830  2.62675  4.74177  3.67316  3.85423  4.19328  2.03452  3.67602  4.45041  2.39542  4.08669  1.40380  2.90262  2.93058  2.41096  3.78758  5.79997  4.43974    111 q - - -
          2.68618  4.42225  2.77519  2.73123  3.46354  2.40513  3.72494  3.29354  2.67741  2.69355  4.24690  2.90347  2.73739  3.18146  2.89801  2.37887  2.77519  2.98518  4.58477  3.61503
          0.01263  4.77399  5.49633  0.61958  0.77255  0.48576  0.95510
     93   1.94345  4.94312  3.22515  2.67351  4.17531  3.63354  3.85094  3.58495  2.66575  3.20421  4.02740  2.34220  4.02799  2.40608  3.12130  2.31080  3.02941  2.53957  5.46353  3.13981    112 a - - -
          2.68618  4.42225  2.77519  2.73123  3.46354  2.40513  3.72494  3.29354  2.67741  2.69355  4.24690  2.90347  2.73739  3.18146  2.89801  2.37887  2.77519  2.98518  4.58477  3.61503
          0.01263  4.77399  5.49633  0.61958  0.77255  0.48576  0.95510
     94   3.35390  6.02898  1.54022  1.24384  5.31663  3.64594  4.16000  4.86266  3.16015  4.31059  5.13313  1.83295  4.25435  2.82474  3.77105  3.22375  3.63413  4.39734  6.44876  4.91326    113 e - - -
          2.68618  4.42225  2.77519  2.73123  3.46354  2.40513  3.72494  3.29354  2.67741  2.69355  4.24690  2.90347  2.73739  3.18146  2.89801  2.37887  2.77519  2.98518  4.58477  3.61503
          0.01263  4.77399  5.49633  0.61958  0.77255  0.48576  0.95510
     95   2.99699  4.57139  4.10881  3.54497  3.54225  4.03429  4.30653  2.19376  3.40258  1.19116  3.47188  3.87774  3.51281  2.19256  3.66647  3.31531  3.22840  2.71716  5.14893  3.95992    114 l - - -
          2.68618  4.42225  2.77519  2.73123  3.46354  2.40513  3.72494  3.29354  2.67741  2.69355  4.24690  2.90347  2.73739  3.18146  2.89801  2.37887  2.77519  2.98518  4.58477  3.61503
          0.01263  4.77399  5.49633  0.61958  0.77255  0.48576  0.95510
     96   1.95526  5.24355  3.04087  2.63680  4.69469  3.59368  3.94395  4.15759  2.71638  3.68535  4.46459  1.92280  4.07349  1.59855  3.18314  2.62347  3.17345  3.73622  5.84979  4.47036    115 q - - -
          2.68618  4.42225  2.77519  2.73123  3.46354  2.40513  3.72494  3.29354  2.67741  2.69355  4.24690  2.90347  2.73739  3.18146  2.89801  2.37887  2.77519  2.98518  4.58477  3.61503
          0.01263  4.77399  5.49633  0.61958  0.77255  0.48576  0.95510
     97   2.85844  5.29737  3.07005  2.55710  4.65965  2.16161  3.81504  4.12658  1.78585  3.62013  4.37840  3.09505  3.54037  2.18590  2.98697  2.11001  3.09482  3.70710  5.75942  4.37309    116 k - - -
          2.68618  4.42225  2.77519  2.73123  3.46354  2.40513  3.72494  3.29354  2.67741  2.69355  4.24690  2.90347  2.73739  3.18146  2.89801  2.37887  2.77519  2.98518  4.58477  3.61503
          0.04928  4.77399  3.22800  0.61958  0.77255  0.48576  0.95510
     98   3.43558  4.80596  5.06008  4.50651  3.46710  4.62361  4.98630  1.93267  4.33982  0.73824  3.30187  4.69507  2.95582  4.49100  4.44800  3.96881  3.67240  2.58704  5.39885  4.29468    117 l - - -
          2.68618  4.42225  2.77519  2.73123  3.46354  2.40513  3.72494  3.29354  2.67741  2.69355  4.24690  2.90347  2.73739  3.18146  2.89801  2.37887  2.77519  2.98518  4.58477  3.61503
          0.01310  4.73781  5.46015  0.61958  0.77255  0.44051  1.03200
     99   2.83011  4.79715  3.40851  2.92390  4.01553  3.66065  4.02882  3.49711  2.93044  3.15767  4.01673  2.68607  4.12400  3.26464  3.34225  2.11604  1.91918  3.20363  5.39844  1.77244    118 y - - -
          2.68618  4.42225  2.77519  2.73123  3.46354  2.40513  3.72494  3.29354  2.67741  2.69355  4.24690  2.90347  2.73739  3.18146  2.89801  2.37887  2.77519  2.98518  4.58477  3.61503
          0.01263  4.77399  5.49633  0.61958  0.77255  0.48576  0.95510
    100   2.23593  4.24460  4.48900  3.89258  2.48567  3.95340  4.26694  2.66683  3.73719  1.84815  2.76757  4.01338  4.31845  3.92052  3.84747  3.25152  1.95358  2.48480  4.85328  2.61950    119 l - - -
          2.68618  4.42225  2.77519  2.73123  3.46354  2.40513  3.72494  3.29354  2.67741  2.69355  4.24690  2.90347  2.73739  3.18146  2.89801  2.37887  2.77519  2.98518  4.58477  3.61503
          0.01263  4.77399  5.49633  0.61958  0.77255  0.48576  0.95510
    101   3.09434  5.61731  1.43493  2.52123  4.96121  3.61680  4.00314  4.46246  2.86555  3.94599  4.72928  3.09012  2.18367  1.83513  3.39796  2.68949  3.35562  4.02342  6.09060  4.63900    120 d - - -
          2.68618  4.42225  2.77519  2.73123  3.46354  2.40513  3.72494  3.29354  2.67741  2.69355  4.24690  2.90347  2.73739  3.18146  2.89801  2.37887  2.77519  2.98518  4.58477  3.61503
          0.01263  4.77399  5.49633  0.61958  0.77255  0.48576  0.95510
    102   3.10060  4.44459  5.00947  4.41907  1.94053  4.33351  4.69284  1.58871  4.24266  1.84803  3.41696  4.46919  4.65947  4.37948  4.28761  3.65750  2.38555  1.82996  5.15685  3.99125    121 i - - -
          2.68618  4.42225  2.77519  2.73123  3.46354  2.40513  3.72494  3.29354  2.67741  2.69355  4.24690  2.90347  2.73739  3.18146  2.89801  2.37887  2.77519  2.98518  4.58477  3.61503
          0.01263  4.77399  5.49633  0.61958  0.77255  0.48576  0.95510
    103   2.29327  5.09955  2.92308  1.92510  4.36983  3.60425  3.80445  2.77099  1.85782  3.37076  4.16284  3.11088  3.99767  2.93416  3.05137  2.80617  3.03023  2.62928  5.58294  4.22389    122 k - - -
          2.68618  4.42225  2.77519  2.73123  3.46354  2.40513  3.72494  3.29354  2.67741  2.69355  4.24690  2.90347  2.73739  3.18146  2.89801  2.37887  2.77519  2.98518  4.58477  3.61503
          0.01263  4.77399  5.49633  0.61958  0.77255  0.48576  0.95510
    104   2.95330  5.38228  3.14080  2.62496  4.74695  3.67420  3.83923  4.19943  1.71609  3.67434  4.44422  2.40394  4.07919  1.63284  2.87212  2.91948  2.41518  3.78945  5.79134  4.43207    123 q - - -
          2.68618  4.42225  2.77519  2.73123  3.46354  2.40513  3.72494  3.29354  2.67741  2.69355  4.24690  2.90347  2.73739  3.18146  2.89801  2.37887  2.77519  2.98518  4.58477  3.61503
          0.01263  4.77399  5.49633  0.61958  0.77255  0.48576  0.95510
    105   2.30578  5.32001  3.13544  2.58197  4.66604  3.63787  2.71759  4.12530  2.46270  3.60981  4.37109  2.43005  4.03077  1.95173  1.94564  2.85173  3.10634  3.71433  5.73780  4.36677    124 r - - -
          2.68618  4.42225  2.77519  2.73123  3.46354  2.40513  3.72494  3.29354  2.67741  2.69355  4.24690  2.90347  2.73739  3.18146  2.89801  2.37887  2.77519  2.98518  4.58477  3.61503
          0.01263  4.77399  5.49633  0.61958  0.77255  0.48576  0.95510
    106   4.34527  5.58326  5.63538  5.35175  3.75867  5.12679  5.76404  3.06030  5.14167  0.24923  3.62449  5.56772  5.45891  5.26584  5.14068  4.94627  4.61924  3.31201  5.86446  4.77488    125 L - - -
          2.68618  4.42225  2.77519  2.73123  3.46354  2.40513  3.72494  3.29354  2.67741  2.69355  4.24690  2.90347  2.73739  3.18146  2.89801  2.37887  2.77519  2.98518  4.58477  3.61503
          0.01263  4.77399  5.49633  0.61958  0.77255  0.48576  0.95510
    107   2.89226  4.99303  3.27441  2.76432  3.79240  3.70523  3.91424  3.58531  2.71920  2.04676  4.05539  1.72698  4.10911  1.98005  3.13926  2.94935  3.12608  3.30664  5.43720  4.08618    126 n - - -
          2.68618  4.42225  2.77519  2.73123  3.46354  2.40513  3.72494  3.29354  2.67741  2.69355  4.24690  2.90347  2.73739  3.18146  2.89801  2.37887  2.77519  2.98518  4.58477  3.61503
          0.01263  4.77399  5.49633  0.61958  0.77255  0.48576  0.95510
    108   1.90670  4.50983  3.68973  3.12296  3.64796  3.77783  2.78984  3.00752  3.07392  2.52234  2.30411  3.05761  4.15924  3.37570  3.42319  2.59271  3.02972  2.24810  5.09545  3.86267    127 a - - -
          2.68618  4.42225  2.77519  2.73123  3.46354  2.40513  3.72494  3.29354  2.67741  2.69355  4.24690  2.90347  2.73739  3.18146  2.89801  2.37887  2.77519  2.98518  4.58477  3.61503
          0.01263  4.77399  5.49633  0.61958  0.77255  0.48576  0.95510
    109   2.77984  1.89670  4.46765  3.99969  3.92705  1.45469  4.61586  3.21296  3.86177  2.97933  1.84353  4.03278  4.29260  4.11054  4.04180  3.07217  3.17131  2.94956  5.43313  4.24667    128 g - - -
          2.68618  4.42225  2.77519  2.73123  3.46354  2.40513  3.72494  3.29354  2.67741  2.69355  4.24690  2.90347  2.73739  3.18146  2.89801  2.37887  2.77519  2.98518  4.58477  3.61503
          0.01263  4.77399  5.49633  0.61958  0.77255  0.48576  0.95510
    110   1.28919  4.71320  3.66899  3.17271  3.82740  3.76618  2.07023  3.29611  3.06664  2.24232  3.90308  3.56717  4.22769  3.44420  3.40480  3.07523  3.17351  3.05528  5.28227  3.96915    129 a - - -
          2.68618  4.42225  2.77519  2.73123  3.46354  2.40513  3.72494  3.29354  2.67741  2.69355  4.24690  2.90347  2.73739  3.18146  2.89801  2.37887  2.77519  2.98518  4.58477  3.61503
          0.01263  4.77399  5.49633  0.61958  0.77255  0.48576  0.95510
    111   3.14981  5.19437  3.29137  3.26204  5.29972  0.73723  4.75255  4.92061  3.79182  4.49730  5.34446  1.57800  4.39799  3.99737  4.20591  3.24377  3.62522  4.28428  6.51288  5.22725    130 g - - -
          2.68618  4.42225  2.77519  2.73123  3.46354  2.40513  3.72494  3.29354  2.67741  2.69355  4.24690  2.90347  2.73739  3.18146  2.89801  2.37887  2.77519  2.98518  4.58477  3.61503
          0.01263  4.77399  5.49633  0.61958  0.77255  0.48576  0.95510
    112   2.28446  5.28800  3.06727  1.55115  4.65083  3.60855  3.83423  4.11241  2.55430  3.61638  4.38157  3.10832  4.02942  2.94652  1.96827  2.27121  3.11069  3.70011  5.76371  4.38164    131 e - - -
          2.68618  4.42225  2.77519  2.73123  3.46354  2.40513  3.72494  3.29354  2.67741  2.69355  4.24690  2.90347  2.73739  3.18146  2.89801  2.37887  2.77519  2.98518  4.58477  3.61503
          0.01263  4.77399  5.49633  0.61958  0.77255  0.48576  0.95510
    113   3.19525  4.57504  4.90592  4.34344  3.61711  4.40327  4.81808  1.30006  4.19123  2.32315  1.89945  4.49111  4.74481  4.38980  4.31896  3.73661  1.88563  2.25522  5.35399  4.19076    132 i - - -
          2.68618  4.42225  2.77519  2.73123  3.46354  2.40513  3.72494  3.29354  2.67741  2.69355  4.24690  2.90347  2.73739  3.18146  2.89801  2.37887  2.77519  2.98518  4.58477  3.61503
          0.01263  4.77399  5.49633  0.61958  0.77255  0.48576  0.95510
    114   1.80040  4.41909  4.10225  3.54870  3.64763  2.59508  4.28455  2.20461  3.46974  2.70523  3.62964  3.81282  4.26620  3.73106  3.73375  3.12323  1.89354  2.08510  5.14359  3.93854    133 a - - -
          2.68618  4.42225  2.77519  2.73123  3.46354  2.40513  3.72494  3.29354  2.67741  2.69355  4.24690  2.90347  2.73739  3.18146  2.89801  2.37887  2.77519  2.98518  4.58477  3.61503
          0.01263  4.77399  5.49633  0.61958  0.77255  0.48576  0.95510
    115   2.90089  4.36622  4.35839  3.77668  1.97862  3.99835  4.22679  2.18024  2.06513  1.99607  3.43577  3.96881  4.35999  3.85871  3.81121  3.28799  3.13173  2.59668  4.83426  2.53571    134 f - - -
          2.68618  4.42225  2.77519  2.73123  3.46354  2.40513  3.72494  3.29354  2.67741  2.69355  4.24690  2.90347  2.73739  3.18146  2.89801  2.37887  2.77519  2.98518  4.58477  3.61503
          0.01263  4.77399  5.49633  0.61958  0.77255  0.48576  0.95510
    116   2.29934  5.25185  2.44642  2.50399  4.57446  3.57232  2.77442  4.04521  2.51217  3.54771  2.94087  2.44578  3.96823  2.34445  3.00136  2.28245  3.02722  3.63059  5.69847  4.30074    135 s - - -
          2.68618  4.42225  2.77519  2.73123  3.46354  2.40513  3.72494  3.29354  2.67741  2.69355  4.24690  2.90347  2.73739  3.18146  2.89801  2.37887  2.77519  2.98518  4.58477  3.61503
          0.01263  4.77399  5.49633  0.61958  0.77255  0.48576  0.95510
    117   1.56017  4.85160  3.49480  3.23758  4.87294  3.49585  4.49537  4.31973  3.41211  3.95042  4.76101  2.27299  1.15278  3.70475  3.80868  2.94228  3.25909  3.78231  6.15288  4.87337    136 p - - -
          2.68592  4.42281  2.77497  2.73147  3.46410  2.40452  3.72550  3.29315  2.67797  2.69359  4.24746  2.90403  2.73796  3.18118  2.89857  2.37852  2.77350  2.98574  4.58533  3.61559
          0.78872  1.11394  1.52642  1.58658  0.22894  0.48576  0.95510
    118   2.82775  5.32026  2.79617  1.94470  4.65423  2.48199  3.76674  4.13756  2.55128  3.62674  4.38788  2.25660  3.94471  2.21355  3.05303  2.16120  3.06992  3.71002  5.77011  4.35109    143 e - - -
          2.68618  4.42225  2.77519  2.73123  3.46354  2.40513  3.72494  3.29354  2.67741  2.69355  4.24690  2.90347  2.73739  3.18146  2.89801  2.37887  2.77519  2.98518  4.58477  3.61503
          0.01608  4.53419  5.25654  0.61958  0.77255  0.87753  0.53753
    119   2.70392  4.54985  4.06846  3.83277  4.47719  0.79167  4.77702  3.56365  3.85218  3.52050  4.48911  3.89347  4.18431  4.13958  4.08715  2.92617  3.19394  1.92403  5.92563  4.72669    144 g - - -
          2.68618  4.42225  2.77519  2.73123  3.46354  2.40513  3.72494  3.29354  2.67741  2.69355  4.24690  2.90347  2.73739  3.18146  2.89801  2.37887  2.77519  2.98518  4.58477  3.61503
          0.01608  4.53419  5.25654  0.61958  0.77255  0.30118  1.34686
    120   2.87307  4.93866  3.36779  2.80043  2.79109  3.71155  3.90082  3.55869  2.64864  3.18131  4.02964  3.28714  4.10220  2.39360  1.97346  2.94346  1.70756  3.26966  5.43854  4.13663    145 t - - -
          2.68618  4.42225  2.77519  2.73123  3.46354  2.40513  3.72494  3.29354  2.67741  2.69355  4.24690  2.90347  2.73739  3.18146  2.89801  2.37887  2.77519  2.98518  4.58477  3.61503
          0.01263  4.77399  5.49633  0.61958  0.77255  0.48576  0.95510
    121   3.21117  4.55812  5.04068  4.46403  2.35533  4.38215  4.52469  2.68421  4.27820  1.19554  3.37124  4.47592  4.69347  4.36477  4.30060  3.70385  3.43844  1.64454  4.87700  2.41108    146 l - - -
          2.68618  4.42225  2.77519  2.73123  3.46354  2.40513  3.72494  3.29354  2.67741  2.69355  4.24690  2.90347  2.73739  3.18146  2.89801  2.37887  2.77519  2.98518  4.58477  3.61503
          0.01263  4.77399  5.49633  0.61958  0.77255  0.48576  0.95510
    122   2.81959  4.72462  3.46534  2.91415  3.91820  3.71579  3.97518  2.48729  2.86296  2.85409  3.83682  3.37370  2.29790  2.46320  3.26113  2.95729  1.70627  3.01084  5.30568  4.03778    147 t - - -
          2.68618  4.42225  2.77519  2.73123  3.46354  2.40513  3.72494  3.29354  2.67741  2.69355  4.24690  2.90347  2.73739  3.18146  2.89801  2.37887  2.77519  2.98518  4.58477  3.61503
          0.01263  4.77399  5.49633  0.61958  0.77255  0.48576  0.95510
    123   2.81673  4.55811  4.29784  3.93565  4.18681  3.65691  4.73256  3.17404  3.87699  3.20043  4.15824  4.01908  2.00519  4.15215  4.09956  2.66196  3.23845  0.86900  5.69615  4.49488    148 v - - -
          2.68618  4.42225  2.77519  2.73123  3.46354  2.40513  3.72494  3.29354  2.67741  2.69355  4.24690  2.90347  2.73739  3.18146  2.89801  2.37887  2.77519  2.98518  4.58477  3.61503
          0.01263  4.77399  5.49633  0.61958  0.77255  0.48576  0.95510
    124   2.81853  5.31406  2.78281  1.89947  4.65419  3.57682  2.26387  4.13481  2.50341  3.61475  4.35806  3.04580  3.97736  2.33223  2.39846  2.78123  2.43241  3.70250  5.74636  4.34065    149 e - - -
          2.68618  4.42225  2.77519  2.73123  3.46354  2.40513  3.72494  3.29354  2.67741  2.69355  4.24690  2.90347  2.73739  3.18146  2.89801  2.37887  2.77519  2.98518  4.58477  3.61503
          0.01263  4.77399  5.49633  0.61958  0.77255  0.48576  0.95510
    125   4.10412  5.29388  6.02119  5.43893  3.43610  5.51983  5.79382  1.91257  5.30514  0.58853  2.16043  5.67361  5.48505  5.12566  5.23359  4.92454  4.29990  2.84424  5.71829  4.80220    150 L - - -
          2.68618  4.42225  2.77519  2.73123  3.46354  2.40513  3.72494  3.29354  2.67741  2.69355  4.24690  2.90347  2.73739  3.18146  2.89801  2.37887  2.77519  2.98518  4.58477  3.61503
          0.01263  4.77399  5.49633  0.61958  0.77255  0.48576  0.95510
    126   3.21047  5.58909  3.24185  2.79539  5.00315  3.82284  3.94569  4.42788  1.58589  3.85852  4.66482  2.34836  4.24546  1.26860  2.74534  3.16271  3.41829  4.03365  5.92250  4.62305    151 q - - -
          2.68618  4.42225  2.77519  2.73123  3.46354  2.40513  3.72494  3.29354  2.67741  2.69355  4.24690  2.90347  2.73739  3.18146  2.89801  2.37887  2.77519  2.98518  4.58477  3.61503
          0.01263  4.77399  5.49633  0.61958  0.77255  0.48576  0.95510
    127   2.81443  4.33964  4.14521  3.57821  2.05903  3.87684  4.19705  2.79963  3.47710  1.50495  3.46304  3.27941  4.26575  3.72055  3.69766  2.40985  2.54006  2.60104  4.94103  3.72553    152 l - - -
          2.68618  4.42225  2.77519  2.73123  3.46354  2.40513  3.72494  3.29354  2.67741  2.69355  4.24690  2.90347  2.73739  3.18146  2.89801  2.37887  2.77519  2.98518  4.58477  3.61503
          0.01263  4.77399  5.49633  0.61958  0.77255  0.48576  0.95510
    128   2.25858  4.38928  4.29341  3.71026  3.48778  4.00744  4.31348  1.98251  3.57582  1.69425  3.46268  3.95496  4.37083  3.83192  2.10386  3.29490  3.13635  2.13570  5.03592  3.84432    153 l - - -
          2.68522  4.42232  2.77526  2.73130  3.46361  2.40520  3.72501  3.29361  2.67748  2.69362  4.24697  2.90354  2.73746  3.18153  2.89808  2.37894  2.77526  2.98525  4.58484  3.61510
          0.25587  1.50662  5.49633  0.14439  2.00653  0.48576  0.95510
    129   3.10166  4.68776  4.42236  3.93552  3.77742  4.08634  4.68403  2.72045  3.79956  1.92440  3.70352  4.17218  1.09482  4.10350  4.03596  3.45540  3.41162  1.96939  5.47587  4.26629    155 p - - -
          2.68618  4.42225  2.77519  2.73123  3.46354  2.40513  3.72494  3.29354  2.67741  2.69355  4.24690  2.90347  2.73739  3.18146  2.89801  2.37887  2.77519  2.98518  4.58477  3.61503
          0.01263  4.77399  5.49633  0.61958  0.77255  0.48576  0.95510
    130   2.94356  5.05983  3.39009  2.95368  4.63516  3.65783  4.11048  4.03476  2.09758  3.62783  4.45596  3.40198  1.34679  3.27344  3.14019  3.00838  1.82629  3.64725  5.82741  4.53920    156 p - - -
          2.68618  4.42225  2.77519  2.73123  3.46354  2.40513  3.72494  3.29354  2.67741  2.69355  4.24690  2.90347  2.73739  3.18146  2.89801  2.37887  2.77519  2.98518  4.58477  3.61503
          0.01263  4.77399  5.49633  0.61958  0.77255  0.48576  0.95510
    131   2.90283  5.29115  3.04471  2.61394  4.73707  2.05489  3.90877  4.20567  1.76312  3.70885  4.47702  2.36983  4.06323  3.02720  3.10702  1.85406  3.16462  3.77307  5.85336  4.46939    157 k - - -
          2.68632  4.42239  2.77533  2.73137  3.46368  2.40527  3.72508  3.29368  2.67755  2.69265  4.24704  2.90361  2.73753  3.18160  2.89815  2.37901  2.77533  2.98393  4.58491  3.61517
          0.40401  1.50662  2.20087  0.68023  0.70624  0.48576  0.95510
    132   2.24113  5.28447  1.92224  2.47077  4.63338  3.53589  3.78005  4.11123  1.76303  3.60551  4.36028  3.01939  3.28170  2.88889  3.03718  2.40912  3.05613  3.68475  5.75015  4.34259    160 k - - -
          2.68618  4.42225  2.77519  2.73123  3.46354  2.40513  3.72494  3.29354  2.67741  2.69355  4.24690  2.90347  2.73739  3.18146  2.89801  2.37887  2.77519  2.98518  4.58477  3.61503
          0.01415  4.66126  5.38361  0.61958  0.77255  0.37158  1.17005
    133   1.82529  4.65188  3.77991  3.27119  3.85805  3.84879  4.22113  1.54989  3.16867  2.82243  3.79568  3.65829  4.28492  1.99188  3.49666  3.15055  3.18382  2.75951  5.34058  4.10543    161 i - - -
          2.68618  4.42225  2.77519  2.73123  3.46354  2.40513  3.72494  3.29354  2.67741  2.69355  4.24690  2.90347  2.73739  3.18146  2.89801  2.37887  2.77519  2.98518  4.58477  3.61503
          0.01263  4.77399  5.49633  0.61958  0.77255  0.48576  0.95510
    134   0.65501  1.65176  4.92577  4.70962  4.85932  3.46390  5.28344  4.03163  4.56331  3.93895  4.83941  4.26218  4.29177  4.74421  4.63388  2.95797  3.26757  3.53005  6.30198  5.19479    162 A - - -
          2.68618  4.42225  2.77519  2.73123  3.46354  2.40513  3.72494  3.29354  2.67741  2.69355  4.24690  2.90347  2.73739  3.18146  2.89801  2.37887  2.77519  2.98518  4.58477  3.61503
          0.01263  4.77399  5.49633  0.61958  0.77255  0.48576  0.95510
    135   2.83553  5.18024  3.10276  2.13533  4.47451  2.67016  3.81508  3.91682  1.82226  2.15573  4.24629  3.11092  4.01418  2.93830  3.02336  2.28983  3.06769  3.54535  5.65006  4.28429    163 k - - -
          2.68618  4.42225  2.77519  2.73123  3.46354  2.40513  3.72494  3.29354  2.67741  2.69355  4.24690  2.90347  2.73739  3.18146  2.89801  2.37887  2.77519  2.98518  4.58477  3.61503
          0.01263  4.77399  5.49633  0.61958  0.77255  0.48576  0.95510
    136   3.85856  5.86047  4.55138  3.56672  5.52878  4.34779  4.06365  4.75642  1.08168  4.05312  4.95803  3.85579  4.65315  3.18870  0.92494  3.82443  3.93626  4.45813  5.96955  4.93620    164 r - - -
          2.68618  4.42225  2.77519  2.73123  3.46354  2.40513  3.72494  3.29354  2.67741  2.69355  4.24690  2.90347  2.73739  3.18146  2.89801  2.37887  2.77519  2.98518  4.58477  3.61503
          0.01263  4.77399  5.49633  0.61958  0.77255  0.48576  0.95510
    137   1.59937  4.37701  4.11889  3.55303  3.52774  3.59603  4.23191  2.82502  3.45572  2.07926  2.05187  3.81528  4.26442  3.71223  3.69724  3.14747  2.34508  2.62386  5.03244  3.83298    165 a - - -
          2.68618  4.42225  2.77519  2.73123  3.46354  2.40513  3.72494  3.29354  2.67741  2.69355  4.24690  2.90347  2.73739  3.18146  2.89801  2.37887  2.77519  2.98518  4.58477  3.61503
          0.01263  4.77399  5.49633  0.61958  0.77255  0.48576  0.95510
    138   1.85836  2.76644  4.61159  4.01356  1.94126  3.97128  4.29182  2.64419  3.83734  2.41428  3.35224  4.07741  4.34164  4.00055  3.90921  3.27834  3.06311  2.01066  4.83011  2.72676    166 a - - -
          2.68618  4.42225  2.77519  2.73123  3.46354  2.40513  3.72494  3.29354  2.67741  2.69355  4.24690  2.90347  2.73739  3.18146  2.89801  2.37887  2.77519  2.98518  4.58477  3.61503
          0.01263  4.77399  5.49633  0.61958  0.77255  0.48576  0.95510
    139   2.83841  4.49232  3.83673  3.26723  3.62641  3.83835  4.10997  1.87981  2.41578  2.67584  2.16540  3.63341  4.22123  3.48154  3.45974  1.98010  3.07346  2.71627  5.09612  3.87615    167 i - - -
          2.68618  4.42225  2.77519  2.73123  3.46354  2.40513  3.72494  3.29354  2.67741  2.69355  4.24690  2.90347  2.73739  3.18146  2.89801  2.37887  2.77519  2.98518  4.58477  3.61503
          0.01263  4.77399  5.49633  0.61958  0.77255  0.48576  0.95510
    140   1.78973  5.02485  3.24285  2.76895  4.58489  3.55771  4.00455  4.02986  2.79107  3.59714  4.38467  3.25363  2.08848  1.89902  3.24397  2.19699  3.11328  3.60762  5.79122  4.44780    168 a - - -
          2.68618  4.42225  2.77519  2.73123  3.46354  2.40513  3.72494  3.29354  2.67741  2.69355  4.24690  2.90347  2.73739  3.18146  2.89801  2.37887  2.77519  2.98518  4.58477  3.61503
          0.01263  4.77399  5.49633  0.61958  0.77255  0.48576  0.95510
    141   3.09692  4.48869  4.76896  4.18942  2.32719  4.23770  2.07103  1.71456  4.02229  1.51258  3.37968  4.28309  4.56935  4.17030  4.10979  3.54669  3.32544  2.62887  4.86643  3.54561    169 l - - -
          2.68618  4.42225  2.77519  2.73123  3.46354  2.40513  3.72494  3.29354  2.67741  2.69355  4.24690  2.90347  2.73739  3.18146  2.89801  2.37887  2.77519  2.98518  4.58477  3.61503
          0.01263  4.77399  5.49633  0.61958  0.77255  0.48576  0.95510
    142   2.27876  4.96632  3.24582  2.69272  4.21557  3.64421  2.75658  3.62228  1.86011  3.23764  4.06036  3.20056  4.04214  3.02167  3.08836  2.30653  3.04981  2.10752  5.48972  4.16961    170 k - - -
          2.68618  4.42225  2.77519  2.73123  3.46354  2.40513  3.72494  3.29354  2.67741  2.69355  4.24690  2.90347  2.73739  3.18146  2.89801  2.37887  2.77519  2.98518  4.58477  3.61503
          0.01263  4.77399  5.49633  0.61958  0.77255  0.48576  0.95510
    143   2.28046  4.95078  3.23847  2.68836  2.85868  3.64285  2.25431  3.59597  2.19344  3.21361  4.03880  3.19730  4.03876  3.02358  3.11154  1.95767  3.04251  3.28580  5.46208  4.13544    171 s - - -
          2.68618  4.42225  2.77519  2.73123  3.46354  2.40513  3.72494  3.29354  2.67741  2.69355  4.24690  2.90347  2.73739  3.18146  2.89801  2.37887  2.77519  2.98518  4.58477  3.61503
          0.01263  4.77399  5.49633  0.61958  0.77255  0.48576  0.95510
    144   1.92512  5.36013  2.33225  2.06848  4.69526  2.14395  3.82686  4.17584  2.59540  3.66646  4.42098  3.05741  4.01374  2.93561  2.40738  2.83421  3.11306  3.74903  5.80947  4.39679    172 a - - -
          2.68618  4.42225  2.77519  2.73123  3.46354  2.40513  3.72494  3.29354  2.67741  2.69355  4.24690  2.90347  2.73739  3.18146  2.89801  2.37887  2.77519  2.98518  4.58477  3.61503
          0.02621  4.77399  4.04971  0.61958  0.77255  0.48576  0.95510
    145   2.27987  5.36309  2.92127  2.05404  4.69081  2.58840  1.97487  4.16589  2.64019  3.66996  4.43652  2.18047  4.03459  2.97297  3.13747  2.86652  3.14669  3.75082  5.82438  4.41555    173 h - - -
          2.68618  4.42225  2.77519  2.73123  3.46354  2.40513  3.72494  3.29354  2.67741  2.69355  4.24690  2.90347  2.73739  3.18146  2.89801  2.37887  2.77519  2.98518  4.58477  3.61503
          0.01280  4.76057  5.48292  0.61958  0.77255  0.51530  0.90962
    146   1.38498  4.71953  3.50387  2.96952  3.97662  3.68656  4.02868  3.32200  2.91413  2.31896  3.89421  3.41034  4.12546  2.43946  3.30367  2.95486  2.35178  3.05798  5.36368  4.09975    174 a - - -
          2.68618  4.42225  2.77519  2.73123  3.46354  2.40513  3.72494  3.29354  2.67741  2.69355  4.24690  2.90347  2.73739  3.18146  2.89801  2.37887  2.77519  2.98518  4.58477  3.61503
          0.01280  4.76057  5.48292  0.61958  0.77255  0.51530  0.90962
    147   2.86676  5.37349  2.33076  2.06097  4.70842  3.57695  3.81069  4.19367  2.57241  3.67431  4.42355  1.99157  4.00285  2.91635  2.39885  2.82217  2.05427  3.76001  5.80925  4.39256    175 n - - -
          2.68618  4.42225  2.77519  2.73123  3.46354  2.40513  3.72494  3.29354  2.67741  2.69355  4.24690  2.90347  2.73739  3.18146  2.89801  2.37887  2.77519  2.98518  4.58477  3.61503
          0.01280  4.76057  5.48292  0.61958  0.77255  0.51530  0.90962
    148   2.84965  4.38015  4.27609  3.71724  3.55626  3.90308  4.33853  2.70671  3.60742  1.70770  3.54101  3.93393  4.32936  3.85197  3.81930  2.37650  1.89742  1.71425  5.08541  3.88970    176 l - - -
          2.68618  4.42225  2.77519  2.73123  3.46354  2.40513  3.72494  3.29354  2.67741  2.69355  4.24690  2.90347  2.73739  3.18146  2.89801  2.37887  2.77519  2.98518  4.58477  3.61503
          0.01280  4.76057  5.48292  0.61958  0.77255  0.51530  0.90962
    149   3.33744  5.47652  3.11047  0.72636  4.54545  3.86429  4.27589  3.88902  3.10588  2.25628  4.52081  3.44019  4.39363  3.47048  3.51826  3.34956  3.60614  3.67629  5.93436  4.57653    177 e - - -
          2.68618  4.42225  2.77519  2.73123  3.46354  2.40513  3.72494  3.29354  2.67741  2.69355  4.24690  2.90347  2.73739  3.18146  2.89801  2.37887  2.77519  2.98518  4.58477  3.61503
          0.01280  4.76057  5.48292  0.61958  0.77255  0.51530  0.90962
    150   2.09450  4.59893  3.64890  1.98224  3.77972  3.80412  4.07682  2.13589  3.05884  2.80582  3.71831  3.51947  4.19232  3.37250  3.43409  3.05203  2.38316  2.15119  5.22934  3.98276    178 e - - -
          2.68618  4.42225  2.77519  2.73123  3.46354  2.40513  3.72494  3.29354  2.67741  2.69355  4.24690  2.90347  2.73739  3.18146  2.89801  2.37887  2.77519  2.98518  4.58477  3.61503
          0.01280  4.76057  5.48292  0.61958  0.77255  0.51530  0.90962
    151   2.85513  5.28319  2.35115  2.08088  4.59471  3.58358  3.82288  4.05943  2.60005  2.62875  4.34689  3.06650  2.77381  2.93879  3.09459  1.67990  3.09276  3.65827  5.74546  4.34808    179 s - - -
          2.68618  4.42225  2.77519  2.73123  3.46354  2.40513  3.72494  3.29354  2.67741  2.69355  4.24690  2.90347  2.73739  3.18146  2.89801  2.37887  2.77519  2.98518  4.58477  3.61503
          0.01280  4.76057  5.48292  0.61958  0.77255  0.51530  0.90962
    152   2.81103  4.85604  3.27337  2.01568  4.06415  3.66240  3.89738  3.43906  2.74858  2.42905  3.94921  2.49891  4.06182  3.08876  3.18786  2.37293  3.04627  1.92268  5.39818  4.09678    180 v - - -
          2.68618  4.42225  2.77519  2.73123  3.46354  2.40513  3.72494  3.29354  2.67741  2.69355  4.24690  2.90347  2.73739  3.18146  2.89801  2.37887  2.77519  2.98518  4.58477  3.61503
          0.25982  4.76057  1.51300  0.61958  0.77255  0.51530  0.90962
    153   2.56587  4.52222  3.75711  3.61053  4.94638  1.04170  4.75660  4.45757  3.81337  4.11310  4.90822  3.70257  4.04529  4.04567  4.09998  1.26385  3.09893  3.73941  6.24850  5.06244    181 g - - -
          2.68618  4.42225  2.77519  2.73123  3.46354  2.40513  3.72494  3.29354  2.67741  2.69355  4.24690  2.90347  2.73739  3.18146  2.89801  2.37887  2.77519  2.98518  4.58477  3.61503
          0.01636  4.51711  5.23946  0.61958  0.77255  0.89758  0.52350
    154   2.19788  5.23486  2.45310  1.90039  4.56240  3.48666  3.71442  4.03834  2.02628  3.53409  4.28910  2.95982  3.90685  2.82252  2.96980  2.72275  2.32547  3.61740  5.68046  4.27313    182 e - - -
          2.68618  4.42225  2.77519  2.73123  3.46354  2.40513  3.72494  3.29354  2.67741  2.69355  4.24690  2.90347  2.73739  3.18146  2.89801  2.37887  2.77519  2.98518  4.58477  3.61503
          0.01636  4.51711  5.23946  0.61958  0.77255  0.89758  0.52350
    155   2.18947  4.81251  3.15893  2.13008  3.32690  3.55574  3.77335  3.42706  2.60163  3.06225  3.89538  3.11636  3.94838  2.20512  3.05081  2.63541  2.94073  2.41874  5.33742  4.02381    183 e - - -
          2.68618  4.42225  2.77519  2.73123  3.46354  2.40513  3.72494  3.29354  2.67741  2.69355  4.24690  2.90347  2.73739  3.18146  2.89801  2.37887  2.77519  2.98518  4.58477  3.61503
          0.01636  4.51711  5.23946  0.61958  0.77255  0.89758  0.52350
    156   2.98877  5.48582  1.31053  2.40999  4.83715  3.49521  3.89351  4.33196  2.02111  3.82362  4.61700  2.97619  4.02660  3.02903  3.26537  2.10079  3.25320  3.90029  5.96994  4.52656    184 d - - -
          2.68618  4.42225  2.77519  2.73123  3.46354  2.40513  3.72494  3.29354  2.67741  2.69355  4.24690  2.90347  2.73739  3.18146  2.89801  2.37887  2.77519  2.98518  4.58477  3.61503
          0.01636  4.51711  5.23946  0.61958  0.77255  0.89758  0.52350
    157   2.71604  4.53175  3.45562  2.26247  3.70811  3.65217  3.91661  2.30816  2.87199  2.75708  3.64651  3.34302  4.04496  3.19213  3.25970  2.25855  2.35190  2.18194  5.12988  3.87616    185 v - - -
          2.68618  4.42225  2.77519  2.73123  3.46354  2.40513  3.72494  3.29354  2.67741  2.69355  4.24690  2.90347  2.73739  3.18146  2.89801  2.37887  2.77519  2.98518  4.58477  3.61503
          0.01636  4.51711  5.23946  0.61958  0.77255  0.89758  0.52350
    158   2.71044  5.02863  3.04056  2.48780  4.31252  3.51159  3.50874  3.75120  2.47459  2.91647  4.09666  2.37580  2.93438  2.83831  2.53742  2.20402  2.33536  3.38830  5.51069  4.14910    186 s - - -
          2.68618  4.42225  2.77519  2.73123  3.46354  2.40513  3.72494  3.29354  2.67741  2.69355  4.24690  2.90347  2.73739  3.18146  2.89801  2.37887  2.77519  2.98518  4.58477  3.61503
          0.01636  4.51711  5.23946  0.61958  0.77255  0.89758  0.52350
    159   2.78772  5.23369  2.99438  2.01544  4.57372  3.53181  2.70225  4.03526  1.75704  3.52212  4.28364  3.00635  3.93249  2.57607  2.82879  2.75534  2.32593  3.62355  5.65433  4.27639    187 k - - -
          2.68618  4.42225  2.77519  2.73123  3.46354  2.40513  3.72494  3.29354  2.67741  2.69355  4.24690  2.90347  2.73739  3.18146  2.89801  2.37887  2.77519  2.98518  4.58477  3.61503
          0.01636  4.51711  5.23946  0.61958  0.77255  0.89758  0.52350
    160   2.77861  5.20634  3.03422  2.03027  4.54774  3.53719  3.70368  4.00383  2.00418  3.49619  4.25986  3.01677  3.93135  2.81138  2.06032  2.37980  2.32839  3.59750  5.63182  4.26141    188 k - - -
          2.68618  4.42225  2.77519  2.73123  3.46354  2.40513  3.72494  3.29354  2.67741  2.69355  4.24690  2.90347  2.73739  3.18146  2.89801  2.37887  2.77519  2.98518  4.58477  3.61503
          0.01636  4.51711  5.23946  0.61958  0.77255  0.89758  0.52350
    161   2.73995  4.43322  2.56363  3.08626  3.58193  3.73227  4.00379  2.24159  3.04367  2.08754  3.53912  3.48535  4.11376  3.34325  3.39198  2.28898  2.97513  2.06232  5.05219  3.81904    189 v - - -
          2.68618  4.42225  2.77519  2.73123  3.46354  2.40513  3.72494  3.29354  2.67741  2.69355  4.24690  2.90347  2.73739  3.18146  2.89801  2.37887  2.77519  2.98518  4.58477  3.61503
          0.01636  4.51711  5.23946  0.61958  0.77255  0.89758  0.52350
    162   1.82929  4.81928  3.14458  2.10634  4.07434  3.55094  3.82863  3.45131  2.66299  2.34281  3.94562  3.14798  2.66289  3.00908  3.10337  2.80349  2.98217  3.15370  5.39028  4.08062    190 a - - -
          2.68618  4.42225  2.77519  2.73123  3.46354  2.40513  3.72494  3.29354  2.67741  2.69355  4.24690  2.90347  2.73739  3.18146  2.89801  2.37887  2.77519  2.98518  4.58477  3.61503
          0.01636  4.51711  5.23946  0.61958  0.77255  0.89758  0.52350
    163   2.71604  4.59160  3.39278  2.83088  3.76948  3.62987  3.87102  2.52773  2.20015  2.42333  3.69589  3.28627  4.01970  3.11956  3.16539  2.25114  2.06546  2.86582  5.16320  3.90073    191 t - - -
          2.68618  4.42225  2.77519  2.73123  3.46354  2.40513  3.72494  3.29354  2.67741  2.69355  4.24690  2.90347  2.73739  3.18146  2.89801  2.37887  2.77519  2.98518  4.58477  3.61503
          0.01636  4.51711  5.23946  0.61958  0.77255  0.89758  0.52350
    164   2.95600  4.64457  4.13597  3.77975  1.18077  3.76442  4.17777  3.36779  3.74404  2.97241  4.02823  3.90509  4.35244  3.97397  3.96983  1.50135  3.32925  3.13861  4.68998  3.10090    192 f - - -
          2.68618  4.42225  2.77519  2.73123  3.46354  2.40513  3.72494  3.29354  2.67741  2.69355  4.24690  2.90347  2.73739  3.18146  2.89801  2.37887  2.77519  2.98518  4.58477  3.61503
          0.01636  4.51711  5.23946  0.61958  0.77255  0.89758  0.52350
    165   2.79312  4.52175  3.64029  3.11149  3.57727  3.72364  2.57491  2.99462  2.97255  1.68371  3.61994  3.49753  4.13534  3.34789  3.28835  3.01062  1.85520  2.78871  5.05795  3.77741    193 l - - -
          2.68618  4.42225  2.77519  2.73123  3.46354  2.40513  3.72494  3.29354  2.67741  2.69355  4.24690  2.90347  2.73739  3.18146  2.89801  2.37887  2.77519  2.98518  4.58477  3.61503
          0.01636  4.51711  5.23946  0.61958  0.77255  0.89758  0.52350
    166   2.72829  4.39850  2.57256  3.11851  2.81680  2.59046  4.00289  1.85660  3.07621  2.58916  3.50729  3.50210  4.10963  3.36694  3.41052  2.98503  2.96428  2.34905  5.00444  3.77236    194 i - - -
          2.68618  4.42225  2.77519  2.73123  3.46354  2.40513  3.72494  3.29354  2.67741  2.69355  4.24690  2.90347  2.73739  3.18146  2.89801  2.37887  2.77519  2.98518  4.58477  3.61503
          0.01636  4.51711  5.23946  0.61958  0.77255  0.89758  0.52350
    167   3.03560  5.20050  3.31544  2.87948  4.78321  3.66157  3.95316  4.20523  0.94279  3.70914  4.54867  3.32307  4.15766  3.09903  2.70087  2.08169  3.30938  3.80795  5.79259  4.53411    195 k - - -
          2.68618  4.42225  2.77519  2.73123  3.46354  2.40513  3.72494  3.29354  2.67741  2.69355  4.24690  2.90347  2.73739  3.18146  2.89801  2.37887  2.77519  2.98518  4.58477  3.61503
          0.01636  4.51711  5.23946  0.61958  0.77255  0.89758  0.52350
    168   2.73160  4.96000  2.34136  2.53447  4.23058  3.52133  3.76587  3.64354  2.56961  3.24566  4.05591  3.05816  3.93682  2.27980  3.03808  2.49230  2.52572  2.06703  5.48172  4.13680    196 v - - -
          2.68618  4.42225  2.77519  2.73123  3.46354  2.40513  3.72494  3.29354  2.67741  2.69355  4.24690  2.90347  2.73739  3.18146  2.89801  2.37887  2.77519  2.98518  4.58477  3.61503
          0.16730  4.51711  1.94399  0.61958  0.77255  0.89758  0.52350
    169   1.12315  4.33253  3.94497  3.51342  4.12540  3.30389  4.41885  3.17241  3.45395  3.12228  4.05152  3.64449  3.99185  3.74370  3.74219  2.72123  1.90628  2.40895  5.58435  4.38336    197 a - - -
          2.68618  4.42225  2.77519  2.73123  3.46354  2.40513  3.72494  3.29354  2.67741  2.69355  4.24690  2.90347  2.73739  3.18146  2.89801  2.37887  2.77519  2.98518  4.58477  3.61503
          0.01900  4.36881  5.09116  0.61958  0.77255  1.04501  0.43338
    170   2.66098  4.28417  3.71372  2.74664  3.40665  3.68273  3.95728  2.73001  3.07449  2.03579  2.44811  3.49760  3.26201  3.35971  3.37838  2.76173  2.89405  2.01823  4.88504  3.66884    198 v - - -
          2.68600  4.42258  2.77496  2.73124  3.46387  2.40546  3.72528  3.29387  2.67723  2.69336  4.24723  2.90132  2.73773  3.18179  2.89834  2.37882  2.77553  2.98551  4.58510  3.61536
          0.84794  0.55914        *  0.96646  0.47873  0.00000        *
//
