HMMER3/f [3.3.1 | Jul 2020]
NAME  vHMM_18080
LENG  148
ALPH  amino
RF    no
MM    no
CONS  yes
CS    no
MAP   yes
DATE  Thu Feb 11 23:22:52 2021
NSEQ  23
EFFN  0.766479
CKSUM 2986821488
STATS LOCAL MSV      -10.0506  0.70964
STATS LOCAL VITERBI  -10.9341  0.70964
STATS LOCAL FORWARD   -4.6279  0.70964
CUTOFF SCORE	164.16
TAXON	Nanoviridae
TXID	251095
PROTEIN	U1
TYPE	Full-length
RANGE	Wide
HMM          A        C        D        E        F        G        H        I        K        L        M        N        P        Q        R        S        T        V        W        Y   
            m->m     m->i     m->d     i->m     i->i     d->m     d->d
  COMPO   2.72860  3.88181  2.93802  2.73799  3.40494  3.26671  3.81611  2.55893  2.62933  2.27198  3.47998  3.00033  3.81670  3.07239  2.90412  2.71388  2.89256  2.45624  4.62725  3.52365
          2.68635  4.42179  2.77537  2.73141  3.46359  2.40530  3.72496  3.29351  2.67753  2.69338  4.24493  2.90364  2.73745  3.18155  2.89804  2.37863  2.77525  2.98505  4.58457  3.61478
          0.56660  1.56649  1.49711  1.49124  0.25501  0.00000        *
      1   2.72451  4.23434  3.95999  3.39651  2.83673  3.80340  4.02555  2.32400  3.29463  1.90559  2.48866  3.68622  4.14552  3.53996  3.53673  3.09120  2.95754  1.93767  4.68746  2.95218     32 l - - -
          2.68618  4.42225  2.77519  2.73123  3.46354  2.40513  3.72494  3.29354  2.67741  2.69355  4.24690  2.90347  2.73739  3.18146  2.89801  2.37887  2.77519  2.98518  4.58477  3.61503
          0.03341  3.81126  4.53361  0.61958  0.77255  0.54017  0.87383
      2   2.56187  4.56506  3.06831  2.38625  3.76108  3.42424  3.64908  2.89178  2.49134  2.80326  2.98350  2.79228  3.81892  2.65749  2.90835  2.42180  2.79453  2.87070  5.10385  3.81466     33 e - - -
          2.68618  4.42225  2.77519  2.73123  3.46354  2.40513  3.72494  3.29354  2.67741  2.69355  4.24690  2.90347  2.73739  3.18146  2.89801  2.37887  2.77519  2.98518  4.58477  3.61503
          0.02973  3.92635  4.64870  0.61958  0.77255  0.60883  0.78523
      3   2.41963  4.85636  2.26593  2.23575  4.16516  2.45506  3.65236  3.57787  2.50632  2.85392  4.01045  2.84753  3.78012  2.81222  2.98693  2.63423  2.88324  3.23383  5.42310  4.06336     34 e - - -
          2.68618  4.42225  2.77519  2.73123  3.46354  2.40513  3.72494  3.29354  2.67741  2.69355  4.24690  2.90347  2.73739  3.18146  2.89801  2.37887  2.77519  2.98518  4.58477  3.61503
          0.02973  3.92635  4.64870  0.61958  0.77255  0.52712  0.89234
      4   2.55585  4.31870  3.36313  2.45870  3.12607  3.32755  3.76369  2.45740  2.75397  2.51055  3.09315  3.22394  3.89734  2.83313  3.12230  2.75801  2.78777  2.42285  4.89632  3.65338     35 v - - -
          2.68618  4.42225  2.77519  2.73123  3.46354  2.40513  3.72494  3.29354  2.67741  2.69355  4.24690  2.90347  2.73739  3.18146  2.89801  2.37887  2.77519  2.98518  4.58477  3.61503
          0.02817  3.97928  4.70163  0.61958  0.77255  0.44121  1.03074
      5   2.57726  4.45679  3.24602  2.68041  3.25641  3.49249  3.72048  2.99410  2.33833  2.67936  2.94906  3.13856  3.87687  2.96812  2.61972  2.55709  2.62902  2.57524  5.01496  3.75170     36 k - - -
          2.68618  4.42225  2.77519  2.73123  3.46354  2.40513  3.72494  3.29354  2.67741  2.69355  4.24690  2.90347  2.73739  3.18146  2.89801  2.37887  2.77519  2.98518  4.58477  3.61503
          0.02612  4.05377  4.77612  0.61958  0.77255  0.48576  0.95510
      6   2.44826  4.71910  3.02938  2.47268  3.94250  3.42962  3.27428  3.34891  2.30750  2.76931  3.79776  2.98013  3.10695  2.79891  2.68422  2.36527  2.82006  3.04453  5.23001  3.46241     37 k - - -
          2.68618  4.42225  2.77519  2.73123  3.46354  2.40513  3.72494  3.29354  2.67741  2.69355  4.24690  2.90347  2.73739  3.18146  2.89801  2.37887  2.77519  2.98518  4.58477  3.61503
          0.02612  4.05377  4.77612  0.61958  0.77255  0.48576  0.95510
      7   2.85625  4.28324  4.34386  3.78058  2.57189  4.01760  4.35221  2.15355  3.66632  1.62106  3.14548  4.00821  4.35178  3.87891  3.85309  3.33006  2.76073  1.60704  4.94541  3.74177     38 v - - -
          2.68618  4.42225  2.77519  2.73123  3.46354  2.40513  3.72494  3.29354  2.67741  2.69355  4.24690  2.90347  2.73739  3.18146  2.89801  2.37887  2.77519  2.98518  4.58477  3.61503
          0.02612  4.05377  4.77612  0.61958  0.77255  0.48576  0.95510
      8   2.58841  4.75282  2.97830  2.31930  4.00832  2.86378  3.63571  3.41911  2.43153  2.80993  3.85145  2.75281  3.81064  2.79454  2.68558  2.22850  2.82633  2.86552  5.28008  3.95521     39 s - - -
          2.68618  4.42225  2.77519  2.73123  3.46354  2.40513  3.72494  3.29354  2.67741  2.69355  4.24690  2.90347  2.73739  3.18146  2.89801  2.37887  2.77519  2.98518  4.58477  3.61503
          0.02612  4.05377  4.77612  0.61958  0.77255  0.48576  0.95510
      9   2.65095  4.71643  1.94068  2.51359  2.91958  3.44329  3.43047  3.29803  2.58465  2.92801  3.80886  3.01515  3.86833  2.90662  3.03146  2.71454  2.89281  2.76687  5.07007  3.65314     40 d - - -
          2.68618  4.42225  2.77519  2.73123  3.46354  2.40513  3.72494  3.29354  2.67741  2.69355  4.24690  2.90347  2.73739  3.18146  2.89801  2.37887  2.77519  2.98518  4.58477  3.61503
          0.02612  4.05377  4.77612  0.61958  0.77255  0.48576  0.95510
     10   2.57541  4.57363  3.10328  2.42115  3.78092  3.44030  3.68787  2.91481  2.55046  2.82882  3.68172  3.05160  3.39617  2.89401  2.97617  2.04597  2.63091  2.89000  5.13091  3.39471     41 s - - -
          2.68618  4.42225  2.77519  2.73123  3.46354  2.40513  3.72494  3.29354  2.67741  2.69355  4.24690  2.90347  2.73739  3.18146  2.89801  2.37887  2.77519  2.98518  4.58477  3.61503
          0.02612  4.05377  4.77612  0.61958  0.77255  0.48576  0.95510
     11   2.57069  4.45201  3.22981  2.37916  3.61735  3.16127  3.72037  2.78321  2.63809  2.38414  3.54875  3.13194  3.11689  2.96961  3.04064  2.55278  2.80318  2.74305  3.99520  3.74492     42 e - - -
          2.68618  4.42225  2.77519  2.73123  3.46354  2.40513  3.72494  3.29354  2.67741  2.69355  4.24690  2.90347  2.73739  3.18146  2.89801  2.37887  2.77519  2.98518  4.58477  3.61503
          0.02612  4.05377  4.77612  0.61958  0.77255  0.48576  0.95510
     12   3.32038  4.65344  4.83525  4.31102  3.15376  4.55892  4.89325  1.76823  4.12724  0.91653  2.97750  4.57460  4.77549  4.31338  4.27012  3.93664  3.55681  2.13216  5.23210  4.09586     43 l - - -
          2.68618  4.42225  2.77519  2.73123  3.46354  2.40513  3.72494  3.29354  2.67741  2.69355  4.24690  2.90347  2.73739  3.18146  2.89801  2.37887  2.77519  2.98518  4.58477  3.61503
          0.02612  4.05377  4.77612  0.61958  0.77255  0.48576  0.95510
     13   2.65798  4.20748  3.84238  3.27805  2.78140  3.69917  3.89799  2.57051  3.16074  2.29618  3.28010  3.56491  4.07026  3.43718  3.03592  2.97924  2.89205  1.70442  4.61567  2.68647     44 v - - -
          2.68618  4.42225  2.77519  2.73123  3.46354  2.40513  3.72494  3.29354  2.67741  2.69355  4.24690  2.90347  2.73739  3.18146  2.89801  2.37887  2.77519  2.98518  4.58477  3.61503
          0.02612  4.05377  4.77612  0.61958  0.77255  0.48576  0.95510
     14   3.19419  5.33882  0.68912  2.46616  4.74250  3.35687  4.10416  4.37404  3.22465  3.95143  4.93704  3.03030  4.02279  3.34610  3.76279  3.13852  3.53786  3.99506  5.87486  4.59003     45 D - - -
          2.68618  4.42225  2.77519  2.73123  3.46354  2.40513  3.72494  3.29354  2.67741  2.69355  4.24690  2.90347  2.73739  3.18146  2.89801  2.37887  2.77519  2.98518  4.58477  3.61503
          0.02612  4.05377  4.77612  0.61958  0.77255  0.48576  0.95510
     15   2.78609  4.94262  2.69249  1.28845  4.22751  3.37580  3.81113  3.46235  2.63157  3.19416  4.14228  2.97619  3.90905  2.99139  3.05460  2.81209  3.06973  2.77056  5.54407  4.18489     46 e - - -
          2.68618  4.42225  2.77519  2.73123  3.46354  2.40513  3.72494  3.29354  2.67741  2.69355  4.24690  2.90347  2.73739  3.18146  2.89801  2.37887  2.77519  2.98518  4.58477  3.61503
          0.02612  4.05377  4.77612  0.61958  0.77255  0.48576  0.95510
     16   1.07233  4.16592  3.48516  3.22130  4.33310  2.50604  4.28505  3.72325  3.29600  3.43755  4.26582  3.34628  3.71233  3.57004  3.59575  2.13117  2.72727  3.17377  5.68557  4.48340     47 a - - -
          2.68618  4.42225  2.77519  2.73123  3.46354  2.40513  3.72494  3.29354  2.67741  2.69355  4.24690  2.90347  2.73739  3.18146  2.89801  2.37887  2.77519  2.98518  4.58477  3.61503
          0.02612  4.05377  4.77612  0.61958  0.77255  0.48576  0.95510
     17   2.50509  4.57022  2.58038  2.59224  4.19260  3.20032  3.86831  3.58286  2.76563  3.24616  4.08463  3.03602  3.79445  3.06576  3.19947  2.15937  1.60738  3.19042  5.49994  4.18854     48 t - - -
          2.68618  4.42225  2.77519  2.73123  3.46354  2.40513  3.72494  3.29354  2.67741  2.69355  4.24690  2.90347  2.73739  3.18146  2.89801  2.37887  2.77519  2.98518  4.58477  3.61503
          0.02612  4.05377  4.77612  0.61958  0.77255  0.48576  0.95510
     18   2.99534  5.58321  1.43582  1.41709  4.86832  3.24964  3.80376  4.39377  2.83316  3.88931  4.74646  2.71110  3.87763  2.97138  3.43748  2.87170  3.28598  3.96197  6.03702  4.52501     49 e - - -
          2.68618  4.42225  2.77519  2.73123  3.46354  2.40513  3.72494  3.29354  2.67741  2.69355  4.24690  2.90347  2.73739  3.18146  2.89801  2.37887  2.77519  2.98518  4.58477  3.61503
          0.02612  4.05377  4.77612  0.61958  0.77255  0.48576  0.95510
     19   2.47261  4.89061  2.74197  1.52046  4.21750  3.36457  3.71598  3.52208  2.46508  3.20254  4.05808  2.93169  3.85044  2.87741  2.95246  2.71436  2.95505  2.85991  5.47529  4.12993     50 e - - -
          2.68618  4.42225  2.77519  2.73123  3.46354  2.40513  3.72494  3.29354  2.67741  2.69355  4.24690  2.90347  2.73739  3.18146  2.89801  2.37887  2.77519  2.98518  4.58477  3.61503
          0.02612  4.05377  4.77612  0.61958  0.77255  0.48576  0.95510
     20   3.22568  4.53252  4.89062  4.34867  3.28886  4.55296  4.95381  1.45793  4.22019  1.22664  3.08311  4.58854  4.77656  4.38794  4.36860  3.91384  3.46372  1.75403  5.33004  4.21329     51 l - - -
          2.68618  4.42225  2.77519  2.73123  3.46354  2.40513  3.72494  3.29354  2.67741  2.69355  4.24690  2.90347  2.73739  3.18146  2.89801  2.37887  2.77519  2.98518  4.58477  3.61503
          0.02612  4.05377  4.77612  0.61958  0.77255  0.48576  0.95510
     21   3.13630  4.45489  4.83409  4.34940  3.55866  4.46701  5.05861  1.05610  4.22546  2.04061  3.36634  4.56408  4.78517  4.49092  4.41716  3.86529  3.40675  1.43598  5.55084  4.34770     52 i - - -
          2.68618  4.42225  2.77519  2.73123  3.46354  2.40513  3.72494  3.29354  2.67741  2.69355  4.24690  2.90347  2.73739  3.18146  2.89801  2.37887  2.77519  2.98518  4.58477  3.61503
          0.02612  4.05377  4.77612  0.61958  0.77255  0.48576  0.95510
     22   2.60980  4.81301  2.56583  2.40881  4.17019  3.32325  3.21248  3.61074  2.52654  3.20619  4.02386  2.92322  3.80714  2.85525  2.98959  1.80879  2.44433  3.25319  5.42802  4.07771     53 s - - -
          2.68618  4.42225  2.77519  2.73123  3.46354  2.40513  3.72494  3.29354  2.67741  2.69355  4.24690  2.90347  2.73739  3.18146  2.89801  2.37887  2.77519  2.98518  4.58477  3.61503
          0.02612  4.05377  4.77612  0.61958  0.77255  0.48576  0.95510
     23   2.62283  4.89582  2.44674  2.35912  4.16131  3.36916  3.23282  3.21650  2.43675  3.18535  3.99071  2.68177  3.80102  2.77458  2.91117  1.98984  2.86493  3.25723  5.39722  4.03423     54 s - - -
          2.68618  4.42225  2.77519  2.73123  3.46354  2.40513  3.72494  3.29354  2.67741  2.69355  4.24690  2.90347  2.73739  3.18146  2.89801  2.37887  2.77519  2.98518  4.58477  3.61503
          0.02612  4.05377  4.77612  0.61958  0.77255  0.48576  0.95510
     24   2.64665  5.05814  2.54833  1.83952  4.36309  3.35800  3.60088  3.82235  2.37010  3.34586  4.12246  2.84099  3.78882  2.54218  2.64933  2.31606  2.88349  3.24797  5.51544  4.12503     55 e - - -
          2.68618  4.42225  2.77519  2.73123  3.46354  2.40513  3.72494  3.29354  2.67741  2.69355  4.24690  2.90347  2.73739  3.18146  2.89801  2.37887  2.77519  2.98518  4.58477  3.61503
          0.02612  4.05377  4.77612  0.61958  0.77255  0.48576  0.95510
     25   3.12108  5.19359  3.56353  2.87974  4.65910  3.71671  3.64813  4.00206  1.60135  3.44024  4.32319  3.26292  4.08581  2.78655  1.20373  3.12137  3.28267  3.69216  5.47185  4.32248     56 r - - -
          2.68618  4.42225  2.77519  2.73123  3.46354  2.40513  3.72494  3.29354  2.67741  2.69355  4.24690  2.90347  2.73739  3.18146  2.89801  2.37887  2.77519  2.98518  4.58477  3.61503
          0.02612  4.05377  4.77612  0.61958  0.77255  0.48576  0.95510
     26   3.00486  5.20818  3.27647  2.61713  4.64031  3.63268  3.61636  3.99807  1.22484  3.43946  4.28557  3.12922  4.00863  2.47843  2.02677  2.98402  3.17909  3.66123  5.49762  4.29245     57 k - - -
          2.68618  4.42225  2.77519  2.73123  3.46354  2.40513  3.72494  3.29354  2.67741  2.69355  4.24690  2.90347  2.73739  3.18146  2.89801  2.37887  2.77519  2.98518  4.58477  3.61503
          0.02612  4.05377  4.77612  0.61958  0.77255  0.48576  0.95510
     27   2.59761  4.48034  3.26294  2.69988  3.65591  3.49641  3.72535  3.02754  2.57780  2.14003  3.20749  2.89029  3.88817  2.96930  2.55124  2.40768  2.83147  2.77706  5.03682  3.77381     58 l - - -
          2.68618  4.42225  2.77519  2.73123  3.46354  2.40513  3.72494  3.29354  2.67741  2.69355  4.24690  2.90347  2.73739  3.18146  2.89801  2.37887  2.77519  2.98518  4.58477  3.61503
          0.02612  4.05377  4.77612  0.61958  0.77255  0.48576  0.95510
     28   2.45354  4.74261  3.02171  2.22599  3.97198  3.43057  3.26841  2.81365  2.28917  2.99286  3.81815  2.97444  3.81976  2.61802  2.70522  2.64492  2.82618  2.84841  5.24735  3.93031     59 e - - -
          2.68618  4.42225  2.77519  2.73123  3.46354  2.40513  3.72494  3.29354  2.67741  2.69355  4.24690  2.90347  2.73739  3.18146  2.89801  2.37887  2.77519  2.98518  4.58477  3.61503
          0.02612  4.05377  4.77612  0.61958  0.77255  0.48576  0.95510
     29   1.69930  4.55499  2.93540  2.36246  4.19480  2.51677  3.85436  3.60816  2.73596  3.24178  4.06895  3.03884  3.78376  3.04644  3.16686  2.15681  2.84095  3.20459  5.48921  4.18574     60 a - - -
          2.68618  4.42225  2.77519  2.73123  3.46354  2.40513  3.72494  3.29354  2.67741  2.69355  4.24690  2.90347  2.73739  3.18146  2.89801  2.37887  2.77519  2.98518  4.58477  3.61503
          0.02612  4.05377  4.77612  0.61958  0.77255  0.48576  0.95510
     30   3.07484  4.41816  4.69361  4.16029  3.47107  4.37649  4.84441  1.71619  4.04157  1.99228  2.84680  4.40197  4.67538  4.28761  4.24164  3.73110  3.32775  1.06481  5.38864  4.21082     61 v - - -
          2.68618  4.42225  2.77519  2.73123  3.46354  2.40513  3.72494  3.29354  2.67741  2.69355  4.24690  2.90347  2.73739  3.18146  2.89801  2.37887  2.77519  2.98518  4.58477  3.61503
          0.02612  4.05377  4.77612  0.61958  0.77255  0.48576  0.95510
     31   2.59425  4.60207  2.87066  1.99291  3.36416  3.46719  3.69209  2.76356  2.55359  2.70937  3.67860  3.05460  3.85734  2.89188  2.98886  2.69094  2.82697  2.65006  5.14660  3.84772     62 e - - -
          2.68618  4.42225  2.77519  2.73123  3.46354  2.40513  3.72494  3.29354  2.67741  2.69355  4.24690  2.90347  2.73739  3.18146  2.89801  2.37887  2.77519  2.98518  4.58477  3.61503
          0.02612  4.05377  4.77612  0.61958  0.77255  0.48576  0.95510
     32   2.55552  1.50674  4.31814  3.89152  3.64330  3.45735  4.52358  2.36552  3.72028  2.49121  3.61570  3.88895  4.09834  4.00170  3.89278  2.90000  2.96287  1.79523  5.29489  4.07033     63 c - - -
          2.68618  4.42225  2.77519  2.73123  3.46354  2.40513  3.72494  3.29354  2.67741  2.69355  4.24690  2.90347  2.73739  3.18146  2.89801  2.37887  2.77519  2.98518  4.58477  3.61503
          0.02612  4.05377  4.77612  0.61958  0.77255  0.48576  0.95510
     33   2.58536  4.80393  2.75357  2.28955  3.76429  3.40280  2.80753  3.46695  2.41020  3.06430  3.87458  2.73965  3.79784  2.75952  2.87581  2.40849  2.81739  2.91063  5.29759  3.49722     64 e - - -
          2.68618  4.42225  2.77519  2.73123  3.46354  2.40513  3.72494  3.29354  2.67741  2.69355  4.24690  2.90347  2.73739  3.18146  2.89801  2.37887  2.77519  2.98518  4.58477  3.61503
          0.02612  4.05377  4.77612  0.61958  0.77255  0.48576  0.95510
     34   3.01461  5.60108  1.22663  1.63139  4.88485  3.24645  3.81724  4.41245  2.86418  3.91183  4.77824  2.70983  3.88362  2.98903  3.47589  2.88738  3.30948  3.98203  6.05935  4.54335     65 d - - -
          2.68618  4.42225  2.77519  2.73123  3.46354  2.40513  3.72494  3.29354  2.67741  2.69355  4.24690  2.90347  2.73739  3.18146  2.89801  2.37887  2.77519  2.98518  4.58477  3.61503
          0.12953  4.05377  2.26204  0.61958  0.77255  0.48576  0.95510
     35   2.87031  5.36535  1.36027  1.92765  4.68362  3.20422  3.73905  4.18092  2.73628  3.70844  4.55464  2.68633  3.81557  2.90592  3.31264  2.45372  3.16169  3.76579  5.88299  4.39950     66 d - - -
          2.68624  4.42231  2.77525  2.73129  3.46360  2.40519  3.72500  3.29339  2.67713  2.69338  4.24696  2.90353  2.73746  3.18152  2.89793  2.37893  2.77525  2.98509  4.58483  3.61509
          0.14428  2.07918  4.67551  1.07255  0.41876  0.42815  1.05474
     36   2.62237  5.01384  2.32824  2.19648  4.30820  3.36770  3.58958  3.34618  2.03326  3.29572  4.07234  2.58181  3.78278  2.70951  2.83456  2.60308  2.85628  3.37783  5.47225  3.78274     71 k - - -
          2.68618  4.42225  2.77519  2.73123  3.46354  2.40513  3.72494  3.29354  2.67741  2.69355  4.24690  2.90347  2.73739  3.18146  2.89801  2.37887  2.77519  2.98518  4.58477  3.61503
          0.02612  4.05377  4.77612  0.61958  0.77255  0.48576  0.95510
     37   2.56737  4.22542  3.56488  2.99851  3.04761  3.57127  3.85392  2.35086  2.93807  2.29294  3.34009  3.05309  3.95647  3.23006  3.26123  2.33021  2.61309  2.31186  4.83208  3.60582     72 l - - -
          2.68618  4.42225  2.77519  2.73123  3.46354  2.40513  3.72494  3.29354  2.67741  2.69355  4.24690  2.90347  2.73739  3.18146  2.89801  2.37887  2.77519  2.98518  4.58477  3.61503
          0.02612  4.05377  4.77612  0.61958  0.77255  0.48576  0.95510
     38   3.03731  5.02078  3.03522  2.79663  4.21272  3.49374  3.95520  3.87507  2.60566  3.35895  4.38539  3.25657  4.05215  0.94296  2.88467  3.07910  3.33587  3.59454  5.45412  4.16146     73 q - - -
          2.68618  4.42225  2.77519  2.73123  3.46354  2.40513  3.72494  3.29354  2.67741  2.69355  4.24690  2.90347  2.73739  3.18146  2.89801  2.37887  2.77519  2.98518  4.58477  3.61503
          0.02612  4.05377  4.77612  0.61958  0.77255  0.48576  0.95510
     39   2.95334  4.44984  4.37336  4.04559  3.68892  3.90807  4.81801  2.05885  3.91620  2.34665  3.62985  4.20537  4.46104  4.26453  4.11073  3.42579  3.31209  0.82359  5.50284  4.24423     74 v - - -
          2.68618  4.42225  2.77519  2.73123  3.46354  2.40513  3.72494  3.29354  2.67741  2.69355  4.24690  2.90347  2.73739  3.18146  2.89801  2.37887  2.77519  2.98518  4.58477  3.61503
          0.02612  4.05377  4.77612  0.61958  0.77255  0.48576  0.95510
     40   3.15973  4.50603  4.73786  4.20099  3.27140  4.41634  4.81045  1.24564  4.04245  1.72015  2.20431  4.44239  4.68096  4.25407  4.20375  3.77449  3.40250  1.95186  5.25596  4.11763     75 i - - -
          2.68618  4.42225  2.77519  2.73123  3.46354  2.40513  3.72494  3.29354  2.67741  2.69355  4.24690  2.90347  2.73739  3.18146  2.89801  2.37887  2.77519  2.98518  4.58477  3.61503
          0.02612  4.05377  4.77612  0.61958  0.77255  0.48576  0.95510
     41   2.88396  4.88016  2.82476  2.73046  4.27326  3.31380  4.08240  4.02670  3.00356  3.65388  4.61083  0.87300  3.97618  3.35851  3.36178  2.94613  3.27367  3.63033  5.55853  4.21093     76 n - - -
          2.68618  4.42225  2.77519  2.73123  3.46354  2.40513  3.72494  3.29354  2.67741  2.69355  4.24690  2.90347  2.73739  3.18146  2.89801  2.37887  2.77519  2.98518  4.58477  3.61503
          0.02612  4.05377  4.77612  0.61958  0.77255  0.48576  0.95510
     42   3.07023  4.39243  4.76726  4.23141  2.91317  4.38852  4.80653  1.51829  4.12760  1.97076  3.25802  4.43421  4.67394  4.32737  4.29375  3.74014  3.31706  1.20407  5.27856  4.06723     77 v - - -
          2.68618  4.42225  2.77519  2.73123  3.46354  2.40513  3.72494  3.29354  2.67741  2.69355  4.24690  2.90347  2.73739  3.18146  2.89801  2.37887  2.77519  2.98518  4.58477  3.61503
          0.02612  4.05377  4.77612  0.61958  0.77255  0.48576  0.95510
     43   2.80690  4.77316  3.34989  2.76711  3.91986  3.61235  3.74367  2.79248  1.45081  2.56364  3.80714  3.21177  3.99860  2.93049  2.60508  2.90338  3.02699  2.90516  5.25227  3.98085     78 k - - -
          2.68618  4.42225  2.77519  2.73123  3.46354  2.40513  3.72494  3.29354  2.67741  2.69355  4.24690  2.90347  2.73739  3.18146  2.89801  2.37887  2.77519  2.98518  4.58477  3.61503
          0.02612  4.05377  4.77612  0.61958  0.77255  0.48576  0.95510
     44   3.08446  4.43018  4.73991  4.25941  3.60257  4.37532  4.99355  1.59367  4.13573  2.12829  3.42544  4.47564  4.72865  4.42337  4.34399  3.77256  3.36339  0.96184  5.55117  4.32629     79 v - - -
          2.68618  4.42225  2.77519  2.73123  3.46354  2.40513  3.72494  3.29354  2.67741  2.69355  4.24690  2.90347  2.73739  3.18146  2.89801  2.37887  2.77519  2.98518  4.58477  3.61503
          0.02612  4.05377  4.77612  0.61958  0.77255  0.48576  0.95510
     45   2.79632  5.17443  2.26990  1.37356  4.43145  3.32522  3.71077  3.86332  2.57801  2.98613  4.28338  2.81574  3.84812  2.86423  3.07757  2.75250  3.05499  3.50408  5.64849  4.23423     80 e - - -
          2.68618  4.42225  2.77519  2.73123  3.46354  2.40513  3.72494  3.29354  2.67741  2.69355  4.24690  2.90347  2.73739  3.18146  2.89801  2.37887  2.77519  2.98518  4.58477  3.61503
          0.02612  4.05377  4.77612  0.61958  0.77255  0.48576  0.95510
     46   2.81596  5.20050  1.34065  2.25000  4.57765  2.82952  3.75936  4.07013  2.65943  3.60403  4.43037  2.80875  3.84903  2.91785  2.75788  2.76690  3.10174  3.66091  5.76096  4.34146     81 d - - -
          2.68618  4.42225  2.77519  2.73123  3.46354  2.40513  3.72494  3.29354  2.67741  2.69355  4.24690  2.90347  2.73739  3.18146  2.89801  2.37887  2.77519  2.98518  4.58477  3.61503
          0.02612  4.05377  4.77612  0.61958  0.77255  0.48576  0.95510
     47   3.21065  4.51729  4.88402  4.34121  3.30365  4.54185  4.94797  1.50048  4.21782  1.24357  3.09779  4.57835  4.76947  4.38670  4.36795  3.90100  3.44904  1.67692  5.33408  4.21563     82 l - - -
          2.68618  4.42225  2.77519  2.73123  3.46354  2.40513  3.72494  3.29354  2.67741  2.69355  4.24690  2.90347  2.73739  3.18146  2.89801  2.37887  2.77519  2.98518  4.58477  3.61503
          0.02612  4.05377  4.77612  0.61958  0.77255  0.48576  0.95510
     48   2.46486  4.29803  2.91674  2.59137  3.18334  3.46358  3.48245  2.87265  2.43120  2.59844  3.62106  3.07208  3.84924  2.71595  2.88657  2.52960  2.80188  2.73915  5.07801  3.79588     83 k - - -
          2.68618  4.42225  2.77519  2.73123  3.46354  2.40513  3.72494  3.29354  2.67741  2.69355  4.24690  2.90347  2.73739  3.18146  2.89801  2.37887  2.77519  2.98518  4.58477  3.61503
          0.02612  4.05377  4.77612  0.61958  0.77255  0.48576  0.95510
     49   2.56435  3.69225  3.35964  2.61686  3.48598  3.52101  3.76624  2.58186  2.66359  2.41315  3.44043  2.90566  3.90231  3.00487  3.12600  2.58760  2.70326  2.46678  4.91436  3.28722     84 l - - -
          2.68618  4.42225  2.77519  2.73123  3.46354  2.40513  3.72494  3.29354  2.67741  2.69355  4.24690  2.90347  2.73739  3.18146  2.89801  2.37887  2.77519  2.98518  4.58477  3.61503
          0.02612  4.05377  4.77612  0.61958  0.77255  0.48576  0.95510
     50   2.50211  5.21968  1.38449  2.20670  4.65723  2.79622  3.78176  4.14590  2.74872  3.67953  4.50553  2.47265  3.83640  2.94370  3.30551  2.75518  3.11524  3.71267  5.85804  4.40544     85 d - - -
          2.68618  4.42225  2.77519  2.73123  3.46354  2.40513  3.72494  3.29354  2.67741  2.69355  4.24690  2.90347  2.73739  3.18146  2.89801  2.37887  2.77519  2.98518  4.58477  3.61503
          0.02612  4.05377  4.77612  0.61958  0.77255  0.48576  0.95510
     51   3.11930  4.47268  4.69782  4.13112  3.20364  4.37090  4.71391  1.87751  4.01129  1.50543  1.84958  4.37532  4.61717  4.17166  4.16550  3.70062  3.34909  1.76966  5.15996  4.05610     86 l - - -
          2.68618  4.42225  2.77519  2.73123  3.46354  2.40513  3.72494  3.29354  2.67741  2.69355  4.24690  2.90347  2.73739  3.18146  2.89801  2.37887  2.77519  2.98518  4.58477  3.61503
          0.02612  4.05377  4.77612  0.61958  0.77255  0.48576  0.95510
     52   2.60655  4.99836  2.48690  2.01289  3.94143  3.36682  3.58301  3.74886  2.35146  3.28231  4.05593  2.63122  3.77590  2.70133  2.65775  2.35196  2.84028  3.36292  5.45968  3.78378     87 e - - -
          2.68619  4.42226  2.77512  2.73113  3.46355  2.40514  3.72495  3.29355  2.67742  2.69356  4.24690  2.90348  2.73741  3.18147  2.89802  2.37888  2.77521  2.98520  4.58477  3.61504
          0.12953  2.17978  4.77612  0.35878  1.19907  0.48576  0.95510
     53   2.91395  5.32822  1.09392  2.19213  4.77380  2.71971  3.85747  4.31355  2.90806  3.84785  4.71014  2.66515  3.87060  3.04040  3.49517  2.83966  3.24315  3.86590  5.98671  4.50875     89 d - - -
          2.68618  4.42225  2.77519  2.73123  3.46354  2.40513  3.72494  3.29354  2.67741  2.69355  4.24690  2.90347  2.73739  3.18146  2.89801  2.37887  2.77519  2.98518  4.58477  3.61503
          0.02612  4.05377  4.77612  0.61958  0.77255  0.48576  0.95510
     54   2.72782  5.11843  2.61417  2.37350  4.46258  3.41846  3.60045  3.90616  1.79960  3.39856  4.18541  2.47433  3.83789  2.71938  2.15246  2.69673  2.95232  3.51546  5.52869  4.17838     90 k - - -
          2.68618  4.42225  2.77519  2.73123  3.46354  2.40513  3.72494  3.29354  2.67741  2.69355  4.24690  2.90347  2.73739  3.18146  2.89801  2.37887  2.77519  2.98518  4.58477  3.61503
          0.02612  4.05377  4.77612  0.61958  0.77255  0.48576  0.95510
     55   2.61384  4.35255  4.52491  4.02575  3.63155  4.16292  4.77984  1.65058  3.92179  2.24956  3.46441  4.24951  4.56025  4.20816  4.15107  3.53592  3.23133  1.06792  5.45915  4.24715     91 v - - -
          2.68618  4.42225  2.77519  2.73123  3.46354  2.40513  3.72494  3.29354  2.67741  2.69355  4.24690  2.90347  2.73739  3.18146  2.89801  2.37887  2.77519  2.98518  4.58477  3.61503
          0.02612  4.05377  4.77612  0.61958  0.77255  0.48576  0.95510
     56   2.60493  4.36100  3.44782  2.87702  3.52064  3.16673  3.81344  2.78970  2.73296  2.38698  3.27184  3.28548  3.94518  3.11252  2.44117  2.81269  2.84322  1.98549  4.96072  3.72205     92 v - - -
          2.68618  4.42225  2.77519  2.73123  3.46354  2.40513  3.72494  3.29354  2.67741  2.69355  4.24690  2.90347  2.73739  3.18146  2.89801  2.37887  2.77519  2.98518  4.58477  3.61503
          0.02612  4.05377  4.77612  0.61958  0.77255  0.48576  0.95510
     57   3.07466  4.42321  4.73896  4.15974  2.24432  4.30405  4.60524  2.00519  4.03248  1.33241  2.61632  4.34804  4.55197  4.14155  4.13530  3.62860  3.29869  1.88138  5.00046  3.87884     93 l - - -
          2.68618  4.42225  2.77519  2.73123  3.46354  2.40513  3.72494  3.29354  2.67741  2.69355  4.24690  2.90347  2.73739  3.18146  2.89801  2.37887  2.77519  2.98518  4.58477  3.61503
          0.02612  4.05377  4.77612  0.61958  0.77255  0.48576  0.95510
     58   2.85360  5.05315  3.19260  2.62157  4.46452  3.54159  3.62923  3.85217  1.45288  3.34960  4.18195  3.08113  3.94196  2.76321  2.02382  2.37222  3.06323  3.50560  5.45796  4.20969     94 k - - -
          2.68618  4.42225  2.77519  2.73123  3.46354  2.40513  3.72494  3.29354  2.67741  2.69355  4.24690  2.90347  2.73739  3.18146  2.89801  2.37887  2.77519  2.98518  4.58477  3.61503
          0.02612  4.05377  4.77612  0.61958  0.77255  0.48576  0.95510
     59   2.82733  4.23162  4.43707  3.84946  2.70888  3.97925  4.24551  2.35513  3.70744  1.42128  2.45832  4.01039  4.29246  3.85923  3.82355  3.28441  3.05383  2.01928  3.64600  3.54332     95 l - - -
          2.68618  4.42225  2.77519  2.73123  3.46354  2.40513  3.72494  3.29354  2.67741  2.69355  4.24690  2.90347  2.73739  3.18146  2.89801  2.37887  2.77519  2.98518  4.58477  3.61503
          0.02612  4.05377  4.77612  0.61958  0.77255  0.48576  0.95510
     60   2.72954  5.01063  3.06553  2.48366  4.33575  3.48339  3.59305  3.74872  1.76196  3.26966  3.46919  2.73730  3.86540  2.22211  2.34678  2.72610  2.94170  3.39557  5.41931  4.11461     96 k - - -
          2.68618  4.42225  2.77519  2.73123  3.46354  2.40513  3.72494  3.29354  2.67741  2.69355  4.24690  2.90347  2.73739  3.18146  2.89801  2.37887  2.77519  2.98518  4.58477  3.61503
          0.02612  4.05377  4.77612  0.61958  0.77255  0.48576  0.95510
     61   3.06089  4.44022  4.59111  4.05639  1.61832  4.23002  4.41534  2.00169  3.93260  1.80248  3.11786  4.23181  4.53256  4.09244  4.08016  3.56668  3.30272  1.82527  4.81065  3.44323     97 f - - -
          2.68618  4.42225  2.77519  2.73123  3.46354  2.40513  3.72494  3.29354  2.67741  2.69355  4.24690  2.90347  2.73739  3.18146  2.89801  2.37887  2.77519  2.98518  4.58477  3.61503
          0.02612  4.05377  4.77612  0.61958  0.77255  0.48576  0.95510
     62   3.22025  5.03965  3.73039  3.20805  4.44070  3.66876  3.97081  3.99805  2.33117  3.48116  4.47970  3.55230  4.16532  3.18483  0.73377  3.29758  3.47564  3.71493  5.45190  4.33201     98 r - - -
          2.68618  4.42225  2.77519  2.73123  3.46354  2.40513  3.72494  3.29354  2.67741  2.69355  4.24690  2.90347  2.73739  3.18146  2.89801  2.37887  2.77519  2.98518  4.58477  3.61503
          0.02612  4.05377  4.77612  0.61958  0.77255  0.48576  0.95510
     63   3.36417  4.77475  4.47988  4.12414  3.21405  4.21055  4.72330  2.43167  3.89014  0.68031  3.18678  4.38198  4.61702  4.21479  4.03508  3.80801  3.65145  2.51540  5.15536  3.91934     99 L - - -
          2.68618  4.42225  2.77519  2.73123  3.46354  2.40513  3.72494  3.29354  2.67741  2.69355  4.24690  2.90347  2.73739  3.18146  2.89801  2.37887  2.77519  2.98518  4.58477  3.61503
          0.02612  4.05377  4.77612  0.61958  0.77255  0.48576  0.95510
     64   2.43355  1.74880  3.51057  3.14556  3.88222  3.19096  4.11273  3.25744  3.07776  3.04390  3.95118  1.96104  3.84737  3.43698  3.37181  2.62810  2.84779  2.91231  5.29971  4.03004    100 c - - -
          2.68618  4.42225  2.77519  2.73123  3.46354  2.40513  3.72494  3.29354  2.67741  2.69355  4.24690  2.90347  2.73739  3.18146  2.89801  2.37887  2.77519  2.98518  4.58477  3.61503
          0.02612  4.05377  4.77612  0.61958  0.77255  0.48576  0.95510
     65   3.39424  4.91012  3.90704  3.56628  2.16385  4.07478  2.71631  3.53385  3.38663  2.93354  4.08286  3.71874  4.46117  3.68742  3.59849  3.45908  3.62879  3.37040  3.81526  0.97553    101 y - - -
          2.68618  4.42225  2.77519  2.73123  3.46354  2.40513  3.72494  3.29354  2.67741  2.69355  4.24690  2.90347  2.73739  3.18146  2.89801  2.37887  2.77519  2.98518  4.58477  3.61503
          0.02612  4.05377  4.77612  0.61958  0.77255  0.48576  0.95510
     66   2.94468  5.10479  3.35962  2.71706  4.53445  3.61885  3.62366  3.88583  1.45321  3.36598  4.21412  3.14916  3.99451  2.75634  1.68492  2.94692  2.76976  3.55579  5.45456  4.24736    102 k - - -
          2.68618  4.42225  2.77519  2.73123  3.46354  2.40513  3.72494  3.29354  2.67741  2.69355  4.24690  2.90347  2.73739  3.18146  2.89801  2.37887  2.77519  2.98518  4.58477  3.61503
          0.02612  4.05377  4.77612  0.61958  0.77255  0.48576  0.95510
     67   3.66485  4.91663  4.59635  4.28365  1.59533  4.39632  3.49312  3.37124  4.13362  2.70329  3.97314  4.07268  4.71289  4.12588  4.18636  3.76974  3.89003  3.29392  3.63861  0.92335    103 y - - -
          2.68618  4.42225  2.77519  2.73123  3.46354  2.40513  3.72494  3.29354  2.67741  2.69355  4.24690  2.90347  2.73739  3.18146  2.89801  2.37887  2.77519  2.98518  4.58477  3.61503
          0.02612  4.05377  4.77612  0.61958  0.77255  0.48576  0.95510
     68   3.11879  5.17257  3.55721  2.89100  4.62876  3.70994  3.66069  3.98057  1.69993  3.42927  4.31845  3.27156  4.08802  2.80327  1.14128  3.12548  3.28643  3.67418  5.46581  4.31447    104 r - - -
          2.68618  4.42225  2.77519  2.73123  3.46354  2.40513  3.72494  3.29354  2.67741  2.69355  4.24690  2.90347  2.73739  3.18146  2.89801  2.37887  2.77519  2.98518  4.58477  3.61503
          0.02612  4.05377  4.77612  0.61958  0.77255  0.48576  0.95510
     69   3.08313  5.18733  3.45330  2.82290  4.64130  3.68066  3.65151  3.99850  1.09114  3.44361  4.32095  3.22576  4.06268  2.78958  1.88623  3.07969  3.25579  3.68039  5.48229  4.31309    105 k - - -
          2.68618  4.42225  2.77519  2.73123  3.46354  2.40513  3.72494  3.29354  2.67741  2.69355  4.24690  2.90347  2.73739  3.18146  2.89801  2.37887  2.77519  2.98518  4.58477  3.61503
          0.02612  4.05377  4.77612  0.61958  0.77255  0.48576  0.95510
     70   2.71643  4.94935  2.92549  2.15880  4.22141  3.44826  3.62908  3.63070  2.15507  2.55958  4.02062  2.96050  3.85990  2.05727  2.66483  2.72490  2.93991  3.30160  5.39610  4.07756    106 q - - -
          2.68618  4.42225  2.77519  2.73123  3.46354  2.40513  3.72494  3.29354  2.67741  2.69355  4.24690  2.90347  2.73739  3.18146  2.89801  2.37887  2.77519  2.98518  4.58477  3.61503
          0.02612  4.05377  4.77612  0.61958  0.77255  0.48576  0.95510
     71   3.36417  4.77475  4.47988  4.12414  3.21405  4.21055  4.72330  2.43167  3.89014  0.68031  3.18678  4.38198  4.61702  4.21479  4.03508  3.80801  3.65145  2.51540  5.15536  3.91934    107 L - - -
          2.68618  4.42225  2.77519  2.73123  3.46354  2.40513  3.72494  3.29354  2.67741  2.69355  4.24690  2.90347  2.73739  3.18146  2.89801  2.37887  2.77519  2.98518  4.58477  3.61503
          0.02612  4.05377  4.77612  0.61958  0.77255  0.48576  0.95510
     72   2.77199  5.23035  1.92995  2.23526  4.56070  2.92097  3.67512  4.03875  1.77129  3.54390  4.34045  2.66149  3.82611  2.81048  2.98792  2.71483  3.02766  3.62766  5.69882  4.27837    108 k - - -
          2.68618  4.42225  2.77519  2.73123  3.46354  2.40513  3.72494  3.29354  2.67741  2.69355  4.24690  2.90347  2.73739  3.18146  2.89801  2.37887  2.77519  2.98518  4.58477  3.61503
          0.02612  4.05377  4.77612  0.61958  0.77255  0.48576  0.95510
     73   3.22758  4.54357  4.82606  4.32113  3.33654  4.52637  4.94710  1.10830  4.14884  1.54923  3.17395  4.56273  4.78589  4.39123  4.31510  3.91414  3.47742  1.83751  5.35926  4.16822    109 i - - -
          2.68618  4.42225  2.77519  2.73123  3.46354  2.40513  3.72494  3.29354  2.67741  2.69355  4.24690  2.90347  2.73739  3.18146  2.89801  2.37887  2.77519  2.98518  4.58477  3.61503
          0.02612  4.05377  4.77612  0.61958  0.77255  0.48576  0.95510
     74   2.03692  4.21706  3.65683  3.18256  3.76570  3.28049  4.10673  2.81018  3.12410  2.75942  3.69757  3.42967  3.65580  3.43058  3.43749  2.65738  1.83161  1.95420  5.23538  4.01809    110 t - - -
          2.68618  4.42225  2.77519  2.73123  3.46354  2.40513  3.72494  3.29354  2.67741  2.69355  4.24690  2.90347  2.73739  3.18146  2.89801  2.37887  2.77519  2.98518  4.58477  3.61503
          0.02612  4.05377  4.77612  0.61958  0.77255  0.48576  0.95510
     75   3.36417  4.77475  4.47988  4.12414  3.21405  4.21055  4.72330  2.43167  3.89014  0.68031  3.18678  4.38198  4.61702  4.21479  4.03508  3.80801  3.65145  2.51540  5.15536  3.91934    111 L - - -
          2.68618  4.42225  2.77519  2.73123  3.46354  2.40513  3.72494  3.29354  2.67741  2.69355  4.24690  2.90347  2.73739  3.18146  2.89801  2.37887  2.77519  2.98518  4.58477  3.61503
          0.02612  4.05377  4.77612  0.61958  0.77255  0.48576  0.95510
     76   3.36417  4.77475  4.47988  4.12414  3.21405  4.21055  4.72330  2.43167  3.89014  0.68031  3.18678  4.38198  4.61702  4.21479  4.03508  3.80801  3.65145  2.51540  5.15536  3.91934    112 L - - -
          2.68618  4.42225  2.77519  2.73123  3.46354  2.40513  3.72494  3.29354  2.67741  2.69355  4.24690  2.90347  2.73739  3.18146  2.89801  2.37887  2.77519  2.98518  4.58477  3.61503
          0.02612  4.05377  4.77612  0.61958  0.77255  0.48576  0.95510
     77   2.90590  4.65968  3.61651  3.54076  4.67278  0.49713  4.64659  4.31980  3.74648  3.95009  4.92984  3.78132  4.05642  4.05657  3.95937  3.08358  3.40125  3.81311  5.71659  4.78200    113 G - - -
          2.68618  4.42225  2.77519  2.73123  3.46354  2.40513  3.72494  3.29354  2.67741  2.69355  4.24690  2.90347  2.73739  3.18146  2.89801  2.37887  2.77519  2.98518  4.58477  3.61503
          0.02612  4.05377  4.77612  0.61958  0.77255  0.48576  0.95510
     78   2.39935  1.60273  4.03322  3.56786  3.63069  3.27518  4.26511  2.60431  3.42294  2.65012  3.62615  3.63131  3.91736  3.70775  3.63625  2.39318  2.80303  2.25012  5.15821  3.94288    114 c - - -
          2.68618  4.42225  2.77519  2.73123  3.46354  2.40513  3.72494  3.29354  2.67741  2.69355  4.24690  2.90347  2.73739  3.18146  2.89801  2.37887  2.77519  2.98518  4.58477  3.61503
          0.02612  4.05377  4.77612  0.61958  0.77255  0.48576  0.95510
     79   2.84565  4.94386  3.29271  2.67389  4.11770  3.58988  3.35015  3.62600  1.97619  3.17099  4.02506  3.12381  3.95969  2.79001  1.55576  2.87709  3.04194  3.32559  5.27061  3.12369    115 r - - -
          2.68618  4.42225  2.77519  2.73123  3.46354  2.40513  3.72494  3.29354  2.67741  2.69355  4.24690  2.90347  2.73739  3.18146  2.89801  2.37887  2.77519  2.98518  4.58477  3.61503
          0.02612  4.05377  4.77612  0.61958  0.77255  0.48576  0.95510
     80   3.12562  4.52917  4.56480  4.00824  3.17531  4.30495  4.64579  2.15935  3.85513  1.47299  1.62132  4.28298  4.57689  4.06610  4.03762  3.63911  3.36295  1.93264  5.14089  4.01769    116 l - - -
          2.68618  4.42225  2.77519  2.73123  3.46354  2.40513  3.72494  3.29354  2.67741  2.69355  4.24690  2.90347  2.73739  3.18146  2.89801  2.37887  2.77519  2.98518  4.58477  3.61503
          0.02612  4.05377  4.77612  0.61958  0.77255  0.48576  0.95510
     81   2.81754  5.10263  2.84921  2.10924  4.46498  3.45010  3.64999  3.85785  1.46719  3.38631  4.21337  2.96047  3.89581  2.78665  2.56612  2.79923  2.73032  3.50220  5.53182  4.22231    117 k - - -
          2.68618  4.42225  2.77519  2.73123  3.46354  2.40513  3.72494  3.29354  2.67741  2.69355  4.24690  2.90347  2.73739  3.18146  2.89801  2.37887  2.77519  2.98518  4.58477  3.61503
          0.02612  4.05377  4.77612  0.61958  0.77255  0.48576  0.95510
     82   2.65747  4.35308  4.58724  4.05375  3.54657  4.27545  4.75684  1.59787  3.95142  1.99882  3.38050  4.29470  4.60285  4.21207  4.16807  3.62173  3.24731  1.17903  5.37713  4.18032    118 v - - -
          2.68618  4.42225  2.77519  2.73123  3.46354  2.40513  3.72494  3.29354  2.67741  2.69355  4.24690  2.90347  2.73739  3.18146  2.89801  2.37887  2.77519  2.98518  4.58477  3.61503
          0.02612  4.05377  4.77612  0.61958  0.77255  0.48576  0.95510
     83   2.57001  4.20583  3.59713  3.02451  3.28760  3.58340  3.06190  2.37072  2.94478  2.40693  3.31261  3.38246  3.95915  3.23929  2.97057  2.84123  2.61287  2.33335  3.85699  2.90367    119 v - - -
          2.68618  4.42225  2.77519  2.73123  3.46354  2.40513  3.72494  3.29354  2.67741  2.69355  4.24690  2.90347  2.73739  3.18146  2.89801  2.37887  2.77519  2.98518  4.58477  3.61503
          0.02612  4.05377  4.77612  0.61958  0.77255  0.48576  0.95510
     84   2.52017  4.36433  3.59973  3.36483  4.13950  3.19646  4.36695  3.28920  3.31139  3.14615  4.18797  3.54186  3.91589  3.69791  3.55882  2.72385  0.89783  2.96428  5.56111  4.35730    120 t - - -
          2.68618  4.42225  2.77519  2.73123  3.46354  2.40513  3.72494  3.29354  2.67741  2.69355  4.24690  2.90347  2.73739  3.18146  2.89801  2.37887  2.77519  2.98518  4.58477  3.61503
          0.02612  4.05377  4.77612  0.61958  0.77255  0.48576  0.95510
     85   2.59665  4.81779  2.97403  2.19254  4.06870  3.41352  3.25899  3.31727  2.37348  3.07861  3.88815  2.93821  3.80447  2.58932  2.49747  2.47824  2.65142  2.82150  5.30887  3.97411    121 e - - -
          2.68618  4.42225  2.77519  2.73123  3.46354  2.40513  3.72494  3.29354  2.67741  2.69355  4.24690  2.90347  2.73739  3.18146  2.89801  2.37887  2.77519  2.98518  4.58477  3.61503
          0.02612  4.05377  4.77612  0.61958  0.77255  0.48576  0.95510
     86   3.36417  4.77475  4.47988  4.12414  3.21405  4.21055  4.72330  2.43167  3.89014  0.68031  3.18678  4.38198  4.61702  4.21479  4.03508  3.80801  3.65145  2.51540  5.15536  3.91934    122 L - - -
          2.68618  4.42225  2.77519  2.73123  3.46354  2.40513  3.72494  3.29354  2.67741  2.69355  4.24690  2.90347  2.73739  3.18146  2.89801  2.37887  2.77519  2.98518  4.58477  3.61503
          0.02612  4.05377  4.77612  0.61958  0.77255  0.48576  0.95510
     87   2.80157  5.03209  3.10405  2.35917  4.34680  3.52277  3.61034  3.75846  1.46663  3.27833  4.10292  3.02849  3.90868  2.74533  2.26604  2.80153  3.00656  3.42155  5.41410  3.44354    123 k - - -
          2.68618  4.42225  2.77519  2.73123  3.46354  2.40513  3.72494  3.29354  2.67741  2.69355  4.24690  2.90347  2.73739  3.18146  2.89801  2.37887  2.77519  2.98518  4.58477  3.61503
          0.02612  4.05377  4.77612  0.61958  0.77255  0.48576  0.95510
     88   2.60334  4.76617  2.91897  2.45227  4.11400  3.36293  3.65988  3.53530  2.28508  3.13569  3.94895  2.21959  3.80737  2.81976  2.86178  2.45992  2.20436  3.19454  5.33054  4.03043    124 t - - -
          2.68618  4.42225  2.77519  2.73123  3.46354  2.40513  3.72494  3.29354  2.67741  2.69355  4.24690  2.90347  2.73739  3.18146  2.89801  2.37887  2.77519  2.98518  4.58477  3.61503
          0.02612  4.05377  4.77612  0.61958  0.77255  0.48576  0.95510
     89   1.93267  4.27613  3.38090  2.96254  4.12274  3.08554  4.03972  3.50197  2.96644  3.19111  4.02717  3.24178  2.65750  3.28057  3.32986  2.23663  1.71075  3.06638  5.46848  4.22829    125 t - - -
          2.68618  4.42225  2.77519  2.73123  3.46354  2.40513  3.72494  3.29354  2.67741  2.69355  4.24690  2.90347  2.73739  3.18146  2.89801  2.37887  2.77519  2.98518  4.58477  3.61503
          0.02612  4.05377  4.77612  0.61958  0.77255  0.48576  0.95510
     90   2.30942  4.26851  3.28699  3.08945  4.40809  2.50507  4.25175  3.89209  3.23022  3.56649  4.39828  3.29563  3.74253  3.52366  3.54654  1.00875  2.80307  3.31368  5.72797  4.49147    126 s - - -
          2.68618  4.42225  2.77519  2.73123  3.46354  2.40513  3.72494  3.29354  2.67741  2.69355  4.24690  2.90347  2.73739  3.18146  2.89801  2.37887  2.77519  2.98518  4.58477  3.61503
          0.02612  4.05377  4.77612  0.61958  0.77255  0.48576  0.95510
     91   2.09561  4.81243  2.94365  2.18243  4.07909  3.40614  3.63079  3.48375  2.15741  2.90214  3.90585  2.94666  3.36859  2.78163  2.83660  2.64305  2.84851  3.08709  5.32521  3.99482    127 a - - -
          2.68618  4.42225  2.77519  2.73123  3.46354  2.40513  3.72494  3.29354  2.67741  2.69355  4.24690  2.90347  2.73739  3.18146  2.89801  2.37887  2.77519  2.98518  4.58477  3.61503
          0.02612  4.05377  4.77612  0.61958  0.77255  0.48576  0.95510
     92   2.45935  4.86471  2.94782  2.39873  4.12956  3.40662  3.25006  3.55612  2.23782  3.13206  3.93325  2.72922  3.57233  2.73647  2.47924  2.28732  2.83277  3.21348  5.34611  3.51631    128 k - - -
          2.68618  4.42225  2.77519  2.73123  3.46354  2.40513  3.72494  3.29354  2.67741  2.69355  4.24690  2.90347  2.73739  3.18146  2.89801  2.37887  2.77519  2.98518  4.58477  3.61503
          0.02612  4.05377  4.77612  0.61958  0.77255  0.48576  0.95510
     93   2.33641  4.24559  3.50336  3.18219  4.06579  3.07679  4.19957  3.36769  3.15822  3.17119  4.09828  3.36910  3.79071  3.49575  3.45773  1.11959  2.79728  2.54376  5.49471  4.21805    129 s - - -
          2.68618  4.42225  2.77519  2.73123  3.46354  2.40513  3.72494  3.29354  2.67741  2.69355  4.24690  2.90347  2.73739  3.18146  2.89801  2.37887  2.77519  2.98518  4.58477  3.61503
          0.02612  4.05377  4.77612  0.61958  0.77255  0.48576  0.95510
     94   3.14717  4.47131  4.78748  4.25026  3.37487  4.46406  4.89330  1.74936  4.12802  1.40958  3.18482  4.49080  4.72593  4.33754  4.30408  3.82066  3.39223  1.30118  5.35349  4.20033    130 v - - -
          2.68618  4.42225  2.77519  2.73123  3.46354  2.40513  3.72494  3.29354  2.67741  2.69355  4.24690  2.90347  2.73739  3.18146  2.89801  2.37887  2.77519  2.98518  4.58477  3.61503
          0.02612  4.05377  4.77612  0.61958  0.77255  0.48576  0.95510
     95   3.01547  5.21491  3.36544  2.71939  4.66062  3.65479  3.60860  4.01525  1.33211  3.44441  4.29000  3.15146  4.01737  2.26173  1.86037  2.99510  3.18379  3.67746  5.49079  4.29544    131 k - - -
          2.68618  4.42225  2.77519  2.73123  3.46354  2.40513  3.72494  3.29354  2.67741  2.69355  4.24690  2.90347  2.73739  3.18146  2.89801  2.37887  2.77519  2.98518  4.58477  3.61503
          0.02612  4.05377  4.77612  0.61958  0.77255  0.48576  0.95510
     96   2.33641  4.24559  3.50336  3.18219  4.06579  3.07679  4.19957  3.36769  3.15822  3.17119  4.09828  3.36910  3.79071  3.49575  3.45773  1.11959  2.79728  2.54376  5.49471  4.21805    132 s - - -
          2.68618  4.42225  2.77519  2.73123  3.46354  2.40513  3.72494  3.29354  2.67741  2.69355  4.24690  2.90347  2.73739  3.18146  2.89801  2.37887  2.77519  2.98518  4.58477  3.61503
          0.02612  4.05377  4.77612  0.61958  0.77255  0.48576  0.95510
     97   2.84549  4.31931  4.17490  3.60002  3.25513  3.96874  4.27185  1.80962  3.43171  1.48769  3.15137  3.88469  4.30036  3.71980  3.13679  3.26856  3.07946  2.00563  4.97449  3.79831    133 l - - -
          2.68618  4.42225  2.77519  2.73123  3.46354  2.40513  3.72494  3.29354  2.67741  2.69355  4.24690  2.90347  2.73739  3.18146  2.89801  2.37887  2.77519  2.98518  4.58477  3.61503
          0.02612  4.05377  4.77612  0.61958  0.77255  0.48576  0.95510
     98   3.12826  4.64836  4.16426  3.73722  3.21977  4.02101  4.41174  2.49940  3.40800  0.85686  3.21655  4.02395  4.43229  3.84311  3.37597  3.48351  3.40376  2.53517  5.06066  3.79473    134 l - - -
          2.68618  4.42225  2.77519  2.73123  3.46354  2.40513  3.72494  3.29354  2.67741  2.69355  4.24690  2.90347  2.73739  3.18146  2.89801  2.37887  2.77519  2.98518  4.58477  3.61503
          0.02612  4.05377  4.77612  0.61958  0.77255  0.48576  0.95510
     99   3.03731  5.02078  3.03522  2.79663  4.21272  3.49374  3.95520  3.87507  2.60566  3.35895  4.38539  3.25657  4.05215  0.94296  2.88467  3.07910  3.33587  3.59454  5.45412  4.16146    135 q - - -
          2.68618  4.42225  2.77519  2.73123  3.46354  2.40513  3.72494  3.29354  2.67741  2.69355  4.24690  2.90347  2.73739  3.18146  2.89801  2.37887  2.77519  2.98518  4.58477  3.61503
          0.02612  4.05377  4.77612  0.61958  0.77255  0.48576  0.95510
    100   2.91407  5.11245  3.27217  2.66264  4.53221  3.58912  3.62022  3.90619  1.40291  3.37973  4.21737  3.11173  3.28531  2.75048  1.83224  2.90929  3.10725  3.56452  5.46641  4.23984    136 k - - -
          2.68618  4.42225  2.77519  2.73123  3.46354  2.40513  3.72494  3.29354  2.67741  2.69355  4.24690  2.90347  2.73739  3.18146  2.89801  2.37887  2.77519  2.98518  4.58477  3.61503
          0.02612  4.05377  4.77612  0.61958  0.77255  0.48576  0.95510
    101   3.12108  5.19839  3.56435  2.87676  4.66608  3.71783  3.64538  4.00734  1.57231  3.44301  4.32449  3.26069  4.08503  2.78285  1.22440  3.11988  3.28148  3.69644  5.47339  4.32422    137 r - - -
          2.68618  4.42225  2.77519  2.73123  3.46354  2.40513  3.72494  3.29354  2.67741  2.69355  4.24690  2.90347  2.73739  3.18146  2.89801  2.37887  2.77519  2.98518  4.58477  3.61503
          0.02612  4.05377  4.77612  0.61958  0.77255  0.48576  0.95510
    102   3.32451  4.69036  4.75874  4.21139  3.07098  4.50724  4.79402  2.23363  4.01488  0.91980  2.07921  4.49369  4.71446  4.19475  4.15856  3.86585  3.55115  2.37281  5.14858  4.05041    138 l - - -
          2.68618  4.42225  2.77519  2.73123  3.46354  2.40513  3.72494  3.29354  2.67741  2.69355  4.24690  2.90347  2.73739  3.18146  2.89801  2.37887  2.77519  2.98518  4.58477  3.61503
          0.02612  4.05377  4.77612  0.61958  0.77255  0.48576  0.95510
    103   2.67772  4.94457  2.41340  2.34064  4.28965  3.30719  3.71162  3.43354  2.56617  3.33391  4.15501  1.68605  3.82051  2.87052  3.04705  2.45645  2.95430  3.37301  5.53369  4.15105    139 n - - -
          2.68618  4.42225  2.77519  2.73123  3.46354  2.40513  3.72494  3.29354  2.67741  2.69355  4.24690  2.90347  2.73739  3.18146  2.89801  2.37887  2.77519  2.98518  4.58477  3.61503
          0.02612  4.05377  4.77612  0.61958  0.77255  0.48576  0.95510
    104   2.57541  4.37228  3.34556  2.78840  3.53625  2.69157  3.76972  2.43865  2.71167  2.59687  2.77715  2.94239  3.90405  3.05686  2.83390  2.76049  2.81278  2.65158  4.95582  3.70844    140 i - - -
          2.68618  4.42225  2.77519  2.73123  3.46354  2.40513  3.72494  3.29354  2.67741  2.69355  4.24690  2.90347  2.73739  3.18146  2.89801  2.37887  2.77519  2.98518  4.58477  3.61503
          0.02612  4.05377  4.77612  0.61958  0.77255  0.48576  0.95510
    105   3.17427  4.54757  4.58580  4.21144  3.50233  4.25648  4.90919  0.87794  4.04309  2.05526  3.41356  4.43188  4.67364  4.37500  4.21941  3.77251  3.47160  1.86798  5.42807  4.17960    141 i - - -
          2.68618  4.42225  2.77519  2.73123  3.46354  2.40513  3.72494  3.29354  2.67741  2.69355  4.24690  2.90347  2.73739  3.18146  2.89801  2.37887  2.77519  2.98518  4.58477  3.61503
          0.02612  4.05377  4.77612  0.61958  0.77255  0.48576  0.95510
    106   2.28236  1.20096  4.03982  3.73063  3.95864  3.04472  4.43960  3.21412  3.56888  3.09603  4.03771  3.62104  3.80532  3.87426  3.73805  2.19064  2.77776  2.83223  5.43049  4.20860    142 c - - -
          2.68618  4.42225  2.77519  2.73123  3.46354  2.40513  3.72494  3.29354  2.67741  2.69355  4.24690  2.90347  2.73739  3.18146  2.89801  2.37887  2.77519  2.98518  4.58477  3.61503
          0.02612  4.05377  4.77612  0.61958  0.77255  0.48576  0.95510
    107   2.65397  5.07977  2.22793  2.04818  4.38109  3.34867  3.60638  3.69949  2.25834  3.36631  4.14259  2.34944  3.78798  2.72743  2.88643  2.62217  2.89263  3.10035  5.53651  4.13767    143 e - - -
          2.68618  4.42225  2.77519  2.73123  3.46354  2.40513  3.72494  3.29354  2.67741  2.69355  4.24690  2.90347  2.73739  3.18146  2.89801  2.37887  2.77519  2.98518  4.58477  3.61503
          0.02612  4.05377  4.77612  0.61958  0.77255  0.48576  0.95510
    108   2.65823  4.93310  2.38537  2.33711  4.37827  2.20719  3.73175  3.83413  2.59730  3.39996  4.21093  2.86675  3.80808  2.60696  3.08707  1.95249  2.95165  3.43466  5.60098  4.22124    144 s - - -
          2.68618  4.42225  2.77519  2.73123  3.46354  2.40513  3.72494  3.29354  2.67741  2.69355  4.24690  2.90347  2.73739  3.18146  2.89801  2.37887  2.77519  2.98518  4.58477  3.61503
          0.02612  4.05377  4.77612  0.61958  0.77255  0.48576  0.95510
    109   2.88396  4.88016  2.82476  2.73046  4.27326  3.31380  4.08240  4.02670  3.00356  3.65388  4.61083  0.87300  3.97618  3.35851  3.36178  2.94613  3.27367  3.63033  5.55853  4.21093    145 n - - -
          2.68618  4.42225  2.77519  2.73123  3.46354  2.40513  3.72494  3.29354  2.67741  2.69355  4.24690  2.90347  2.73739  3.18146  2.89801  2.37887  2.77519  2.98518  4.58477  3.61503
          0.02612  4.05377  4.77612  0.61958  0.77255  0.48576  0.95510
    110   2.69093  4.61554  3.23181  2.58682  3.15776  3.58229  2.90980  3.17677  2.67155  2.73851  3.72318  3.20297  3.98577  3.06505  3.02207  2.87079  2.98528  2.93482  4.66930  1.84035    146 y - - -
          2.68618  4.42225  2.77519  2.73123  3.46354  2.40513  3.72494  3.29354  2.67741  2.69355  4.24690  2.90347  2.73739  3.18146  2.89801  2.37887  2.77519  2.98518  4.58477  3.61503
          0.02612  4.05377  4.77612  0.61958  0.77255  0.48576  0.95510
    111   2.54151  2.94550  4.30211  3.72968  2.89529  3.86431  4.24089  2.15866  3.60397  1.89805  3.20439  3.90640  4.23173  3.81533  3.76599  3.17684  2.95568  1.60703  4.86115  3.66738    147 v - - -
          2.68618  4.42225  2.77519  2.73123  3.46354  2.40513  3.72494  3.29354  2.67741  2.69355  4.24690  2.90347  2.73739  3.18146  2.89801  2.37887  2.77519  2.98518  4.58477  3.61503
          0.02612  4.05377  4.77612  0.61958  0.77255  0.48576  0.95510
    112   3.16206  4.50584  4.74425  4.21003  3.28592  4.42411  4.82518  1.20036  4.05092  1.73548  2.31269  4.45151  4.68998  4.26729  4.21418  3.78461  3.40604  1.93038  5.27239  4.12995    148 i - - -
          2.68618  4.42225  2.77519  2.73123  3.46354  2.40513  3.72494  3.29354  2.67741  2.69355  4.24690  2.90347  2.73739  3.18146  2.89801  2.37887  2.77519  2.98518  4.58477  3.61503
          0.02612  4.05377  4.77612  0.61958  0.77255  0.48576  0.95510
    113   2.29586  4.26604  3.26524  3.05368  4.42983  1.76128  4.23088  3.90479  3.21055  3.56671  4.38692  3.27182  3.73060  3.49070  3.54342  1.32049  2.78634  3.31669  5.74277  4.50748    149 s - - -
          2.68618  4.42225  2.77519  2.73123  3.46354  2.40513  3.72494  3.29354  2.67741  2.69355  4.24690  2.90347  2.73739  3.18146  2.89801  2.37887  2.77519  2.98518  4.58477  3.61503
          0.02612  4.05377  4.77612  0.61958  0.77255  0.48576  0.95510
    114   3.16453  4.51595  4.71491  4.24125  3.41842  4.40581  4.91439  0.98178  4.04838  1.91018  3.13275  4.47390  4.73208  4.34934  4.23236  3.81228  3.43455  1.79765  5.40569  4.18203    150 i - - -
          2.68618  4.42225  2.77519  2.73123  3.46354  2.40513  3.72494  3.29354  2.67741  2.69355  4.24690  2.90347  2.73739  3.18146  2.89801  2.37887  2.77519  2.98518  4.58477  3.61503
          0.02612  4.05377  4.77612  0.61958  0.77255  0.48576  0.95510
    115   2.63146  4.91501  2.69338  2.38717  3.58603  3.40264  3.60616  3.62168  2.28370  3.18681  3.98805  2.53707  3.80873  2.74242  2.04158  2.63716  2.86267  3.27186  5.38162  4.02912    151 r - - -
          2.68618  4.42225  2.77519  2.73123  3.46354  2.40513  3.72494  3.29354  2.67741  2.69355  4.24690  2.90347  2.73739  3.18146  2.89801  2.37887  2.77519  2.98518  4.58477  3.61503
          0.02612  4.05377  4.77612  0.61958  0.77255  0.48576  0.95510
    116   3.21954  4.63908  4.55569  4.02442  3.11096  4.33849  4.64805  2.26057  3.80326  1.35301  1.45337  4.30977  4.61148  4.06013  3.97914  3.70016  3.45992  2.35039  5.11434  3.95612    152 l - - -
          2.68618  4.42225  2.77519  2.73123  3.46354  2.40513  3.72494  3.29354  2.67741  2.69355  4.24690  2.90347  2.73739  3.18146  2.89801  2.37887  2.77519  2.98518  4.58477  3.61503
          0.02612  4.05377  4.77612  0.61958  0.77255  0.48576  0.95510
    117   3.49772  4.84743  4.48773  4.23988  0.75591  4.13835  3.97033  3.00279  4.14323  2.33252  3.70814  4.22790  4.59531  4.26198  4.21798  3.75608  3.80019  3.00625  4.17168  2.51844    153 f - - -
          2.68618  4.42225  2.77519  2.73123  3.46354  2.40513  3.72494  3.29354  2.67741  2.69355  4.24690  2.90347  2.73739  3.18146  2.89801  2.37887  2.77519  2.98518  4.58477  3.61503
          0.02612  4.05377  4.77612  0.61958  0.77255  0.48576  0.95510
    118   2.71587  3.42858  4.24357  3.67557  1.95574  3.81884  3.95845  2.46974  3.53701  2.01644  3.18384  3.80950  4.17425  3.71719  3.67563  3.11954  2.94854  2.16281  4.44594  2.52001    154 f - - -
          2.68618  4.42225  2.77519  2.73123  3.46354  2.40513  3.72494  3.29354  2.67741  2.69355  4.24690  2.90347  2.73739  3.18146  2.89801  2.37887  2.77519  2.98518  4.58477  3.61503
          0.02612  4.05377  4.77612  0.61958  0.77255  0.48576  0.95510
    119   2.57530  3.48524  3.96548  3.38806  2.91152  3.66314  3.98968  1.99316  3.28127  2.26687  3.20344  3.21105  4.04373  3.51928  3.49245  2.71912  2.81483  1.95555  4.71830  3.51736    155 v - - -
          2.68618  4.42225  2.77519  2.73123  3.46354  2.40513  3.72494  3.29354  2.67741  2.69355  4.24690  2.90347  2.73739  3.18146  2.89801  2.37887  2.77519  2.98518  4.58477  3.61503
          0.02612  4.05377  4.77612  0.61958  0.77255  0.48576  0.95510
    120   2.88396  4.88016  2.82476  2.73046  4.27326  3.31380  4.08240  4.02670  3.00356  3.65388  4.61083  0.87300  3.97618  3.35851  3.36178  2.94613  3.27367  3.63033  5.55853  4.21093    156 n - - -
          2.68618  4.42225  2.77519  2.73123  3.46354  2.40513  3.72494  3.29354  2.67741  2.69355  4.24690  2.90347  2.73739  3.18146  2.89801  2.37887  2.77519  2.98518  4.58477  3.61503
          0.02612  4.05377  4.77612  0.61958  0.77255  0.48576  0.95510
    121   3.16929  4.46377  4.88987  4.36988  3.48802  4.54841  5.04112  1.13984  4.25272  1.80780  3.28580  4.59900  4.80892  4.48187  4.43287  3.92291  3.42057  1.46201  5.48989  4.31597    157 i - - -
          2.68618  4.42225  2.77519  2.73123  3.46354  2.40513  3.72494  3.29354  2.67741  2.69355  4.24690  2.90347  2.73739  3.18146  2.89801  2.37887  2.77519  2.98518  4.58477  3.61503
          0.02612  4.05377  4.77612  0.61958  0.77255  0.48576  0.95510
    122   2.61059  4.75798  2.93512  2.46962  4.06482  3.03729  3.67373  3.09316  2.30638  3.08457  3.91328  2.00088  3.82467  2.83839  2.88432  2.65748  2.64457  3.13763  5.33094  4.01034    158 n - - -
          2.68618  4.42225  2.77519  2.73123  3.46354  2.40513  3.72494  3.29354  2.67741  2.69355  4.24690  2.90347  2.73739  3.18146  2.89801  2.37887  2.77519  2.98518  4.58477  3.61503
          0.02612  4.05377  4.77612  0.61958  0.77255  0.48576  0.95510
    123   2.74473  5.00821  2.78052  2.09907  4.19088  3.41672  3.64901  3.70253  2.36855  3.25463  4.08962  2.92355  3.86175  1.76336  2.76936  2.73887  2.97775  3.36673  5.41054  3.39853    159 q - - -
          2.68618  4.42225  2.77519  2.73123  3.46354  2.40513  3.72494  3.29354  2.67741  2.69355  4.24690  2.90347  2.73739  3.18146  2.89801  2.37887  2.77519  2.98518  4.58477  3.61503
          0.02612  4.05377  4.77612  0.61958  0.77255  0.48576  0.95510
    124   3.36065  4.70600  4.80317  4.27609  2.66788  4.54563  4.69847  2.18354  4.12533  0.81900  2.92024  4.51967  4.74792  4.24977  4.25739  3.90521  3.58799  2.36272  4.97928  3.70473    160 l - - -
          2.68618  4.42225  2.77519  2.73123  3.46354  2.40513  3.72494  3.29354  2.67741  2.69355  4.24690  2.90347  2.73739  3.18146  2.89801  2.37887  2.77519  2.98518  4.58477  3.61503
          0.02612  4.05377  4.77612  0.61958  0.77255  0.48576  0.95510
    125   3.22314  4.53675  4.86990  4.31961  2.72601  4.50718  4.78926  1.34411  4.19579  1.33220  3.00896  4.53240  4.72338  4.31636  4.31667  3.85535  3.45227  2.04182  5.12102  3.92973    161 l - - -
          2.68618  4.42225  2.77519  2.73123  3.46354  2.40513  3.72494  3.29354  2.67741  2.69355  4.24690  2.90347  2.73739  3.18146  2.89801  2.37887  2.77519  2.98518  4.58477  3.61503
          0.02612  4.05377  4.77612  0.61958  0.77255  0.48576  0.95510
    126   2.71916  4.92906  2.94444  2.46894  4.15292  3.45044  3.63364  3.62692  2.15873  3.19229  4.01961  1.86156  3.86629  2.78758  2.47178  2.73299  2.94559  3.29738  5.35407  3.41497    162 n - - -
          2.68618  4.42225  2.77519  2.73123  3.46354  2.40513  3.72494  3.29354  2.67741  2.69355  4.24690  2.90347  2.73739  3.18146  2.89801  2.37887  2.77519  2.98518  4.58477  3.61503
          0.02612  4.05377  4.77612  0.61958  0.77255  0.48576  0.95510
    127   2.56421  4.50166  3.20102  2.64643  3.72414  3.44669  3.71894  2.84776  2.58696  2.77365  3.42164  2.97560  3.85655  2.94439  2.76418  2.24619  2.20085  2.82517  5.09134  3.81824    163 t - - -
          2.68618  4.42225  2.77519  2.73123  3.46354  2.40513  3.72494  3.29354  2.67741  2.69355  4.24690  2.90347  2.73739  3.18146  2.89801  2.37887  2.77519  2.98518  4.58477  3.61503
          0.02612  4.05377  4.77612  0.61958  0.77255  0.48576  0.95510
    128   2.37666  1.44428  3.92210  3.49589  3.68259  3.21039  4.21828  2.85266  3.30470  2.74214  3.70061  3.56582  3.86714  3.64308  3.51686  2.63691  2.53253  2.57337  5.14567  3.95597    164 c - - -
          2.68618  4.42225  2.77519  2.73123  3.46354  2.40513  3.72494  3.29354  2.67741  2.69355  4.24690  2.90347  2.73739  3.18146  2.89801  2.37887  2.77519  2.98518  4.58477  3.61503
          0.02612  4.05377  4.77612  0.61958  0.77255  0.48576  0.95510
    129   3.07646  5.17280  3.41545  2.81734  4.61823  3.66610  3.66462  3.98534  1.05650  3.44019  4.32239  3.22341  4.06018  2.80624  1.98291  3.07636  3.25674  3.66823  5.48333  4.30825    165 k - - -
          2.68618  4.42225  2.77519  2.73123  3.46354  2.40513  3.72494  3.29354  2.67741  2.69355  4.24690  2.90347  2.73739  3.18146  2.89801  2.37887  2.77519  2.98518  4.58477  3.61503
          0.02612  4.05377  4.77612  0.61958  0.77255  0.48576  0.95510
    130   3.65415  4.96118  4.37953  4.13298  2.87513  3.94271  4.14116  3.68929  3.85326  3.05129  4.31409  4.24636  4.47629  4.23143  3.94849  3.85597  3.96453  3.58453  0.58738  2.86834    166 W - - -
          2.68618  4.42225  2.77519  2.73123  3.46354  2.40513  3.72494  3.29354  2.67741  2.69355  4.24690  2.90347  2.73739  3.18146  2.89801  2.37887  2.77519  2.98518  4.58477  3.61503
          0.02612  4.05377  4.77612  0.61958  0.77255  0.48576  0.95510
    131   3.17427  4.54757  4.58580  4.21144  3.50233  4.25648  4.90919  0.87794  4.04309  2.05526  3.41356  4.43188  4.67364  4.37500  4.21941  3.77251  3.47160  1.86798  5.42807  4.17960    167 i - - -
          2.68618  4.42225  2.77519  2.73123  3.46354  2.40513  3.72494  3.29354  2.67741  2.69355  4.24690  2.90347  2.73739  3.18146  2.89801  2.37887  2.77519  2.98518  4.58477  3.61503
          0.02612  4.05377  4.77612  0.61958  0.77255  0.48576  0.95510
    132   2.56844  4.54890  3.13449  2.59487  3.76868  3.43516  3.29272  2.89781  2.56406  2.82092  3.67617  2.64064  3.84536  2.91299  2.98107  2.50976  2.18088  2.72359  5.12350  3.83704    168 t - - -
          2.68618  4.42225  2.77519  2.73123  3.46354  2.40513  3.72494  3.29354  2.67741  2.69355  4.24690  2.90347  2.73739  3.18146  2.89801  2.37887  2.77519  2.98518  4.58477  3.61503
          0.02612  4.05377  4.77612  0.61958  0.77255  0.48576  0.95510
    133   2.64129  4.75147  3.06184  2.51841  3.88574  3.45680  3.15690  3.39472  2.39168  3.00410  3.84250  2.94949  3.85234  2.81995  2.32932  2.15088  2.87043  3.09278  5.18752  3.04810    169 s - - -
          2.68618  4.42225  2.77519  2.73123  3.46354  2.40513  3.72494  3.29354  2.67741  2.69355  4.24690  2.90347  2.73739  3.18146  2.89801  2.37887  2.77519  2.98518  4.58477  3.61503
          0.02612  4.05377  4.77612  0.61958  0.77255  0.48576  0.95510
    134   2.98034  4.34952  4.60303  4.08744  3.60214  4.25002  4.80375  1.39816  3.98054  2.21550  3.43180  4.31117  4.60667  4.25429  4.19647  3.61264  2.82750  1.22095  5.43612  4.23196    170 v - - -
          2.68618  4.42225  2.77519  2.73123  3.46354  2.40513  3.72494  3.29354  2.67741  2.69355  4.24690  2.90347  2.73739  3.18146  2.89801  2.37887  2.77519  2.98518  4.58477  3.61503
          0.02612  4.05377  4.77612  0.61958  0.77255  0.48576  0.95510
    135   2.73807  5.14509  2.34737  1.51940  4.43160  3.33000  3.66424  3.88473  2.49645  3.42667  4.23169  2.81212  3.82082  2.56513  2.99368  2.69677  2.98750  3.07122  5.61315  4.20654    171 e - - -
          2.68618  4.42225  2.77519  2.73123  3.46354  2.40513  3.72494  3.29354  2.67741  2.69355  4.24690  2.90347  2.73739  3.18146  2.89801  2.37887  2.77519  2.98518  4.58477  3.61503
          0.02612  4.05377  4.77612  0.61958  0.77255  0.48576  0.95510
    136   2.99298  5.53876  1.11201  1.93738  4.85695  2.96276  3.82221  4.37778  2.87253  3.88664  4.75057  2.71598  3.87987  2.99645  3.48108  2.87682  3.29367  3.94761  6.04308  4.53599    172 d - - -
          2.68618  4.42225  2.77519  2.73123  3.46354  2.40513  3.72494  3.29354  2.67741  2.69355  4.24690  2.90347  2.73739  3.18146  2.89801  2.37887  2.77519  2.98518  4.58477  3.61503
          0.02612  4.05377  4.77612  0.61958  0.77255  0.48576  0.95510
    137   3.06387  4.43057  4.68695  4.21607  3.60005  4.31675  4.95654  1.66957  4.08404  2.13934  3.43560  4.42950  4.69410  4.38319  4.29537  3.71938  3.35060  0.94000  5.53690  4.30216    173 v - - -
          2.68618  4.42225  2.77519  2.73123  3.46354  2.40513  3.72494  3.29354  2.67741  2.69355  4.24690  2.90347  2.73739  3.18146  2.89801  2.37887  2.77519  2.98518  4.58477  3.61503
          0.02612  4.05377  4.77612  0.61958  0.77255  0.48576  0.95510
    138   2.70844  4.77154  3.09305  2.58071  3.54370  3.50581  2.64815  3.40358  2.44776  2.99808  3.86478  2.57287  3.90365  2.88159  2.60447  2.76232  2.93550  3.11590  4.95545  2.41462    174 y - - -
          2.68618  4.42225  2.77519  2.73123  3.46354  2.40513  3.72494  3.29354  2.67741  2.69355  4.24690  2.90347  2.73739  3.18146  2.89801  2.37887  2.77519  2.98518  4.58477  3.61503
          0.02612  4.05377  4.77612  0.61958  0.77255  0.48576  0.95510
    139   2.51382  4.53281  2.93390  2.72399  4.28115  3.15231  3.99064  3.73594  2.85471  3.39510  4.26059  2.65725  1.39475  3.21699  3.21635  2.62538  2.80887  3.29966  5.58940  4.28191    175 p - - -
          2.68618  4.42225  2.77519  2.73123  3.46354  2.40513  3.72494  3.29354  2.67741  2.69355  4.24690  2.90347  2.73739  3.18146  2.89801  2.37887  2.77519  2.98518  4.58477  3.61503
          0.02612  4.05377  4.77612  0.61958  0.77255  0.48576  0.95510
    140   2.92919  4.37612  4.25463  3.79386  3.38827  4.01555  4.46921  1.09518  3.58818  2.12460  3.35991  4.03490  4.41641  3.94185  3.79696  3.40053  3.20660  1.92715  5.12642  3.87715    176 i - - -
          2.68618  4.42225  2.77519  2.73123  3.46354  2.40513  3.72494  3.29354  2.67741  2.69355  4.24690  2.90347  2.73739  3.18146  2.89801  2.37887  2.77519  2.98518  4.58477  3.61503
          0.02612  4.05377  4.77612  0.61958  0.77255  0.48576  0.95510
    141   2.80958  0.63664  4.36581  4.14938  4.10325  3.39108  4.75699  3.28075  3.97865  3.18633  4.31478  4.08845  4.11193  4.31749  4.06961  3.08106  3.29188  3.01216  5.47694  4.38868    177 C - - -
          2.68618  4.42225  2.77519  2.73123  3.46354  2.40513  3.72494  3.29354  2.67741  2.69355  4.24690  2.90347  2.73739  3.18146  2.89801  2.37887  2.77519  2.98518  4.58477  3.61503
          0.02612  4.05377  4.77612  0.61958  0.77255  0.48576  0.95510
    142   2.33082  3.13209  3.90858  3.50500  3.94875  3.12285  4.33188  3.02191  3.37459  2.95363  3.91738  3.55458  3.83508  3.69155  3.61450  2.56740  1.16362  2.69669  5.42407  4.22522    178 t - - -
          2.68618  4.42225  2.77519  2.73123  3.46354  2.40513  3.72494  3.29354  2.67741  2.69355  4.24690  2.90347  2.73739  3.18146  2.89801  2.37887  2.77519  2.98518  4.58477  3.61503
          0.02612  4.05377  4.77612  0.61958  0.77255  0.48576  0.95510
    143   3.36417  4.77475  4.47988  4.12414  3.21405  4.21055  4.72330  2.43167  3.89014  0.68031  3.18678  4.38198  4.61702  4.21479  4.03508  3.80801  3.65145  2.51540  5.15536  3.91934    179 L - - -
          2.68618  4.42225  2.77519  2.73123  3.46354  2.40513  3.72494  3.29354  2.67741  2.69355  4.24690  2.90347  2.73739  3.18146  2.89801  2.37887  2.77519  2.98518  4.58477  3.61503
          0.02612  4.05377  4.77612  0.61958  0.77255  0.48576  0.95510
    144   3.65758  4.92570  4.54812  4.20985  1.96275  4.35887  3.47167  3.49427  3.98233  2.83335  4.06293  4.03078  4.68305  4.06178  4.05773  3.74050  3.87863  3.38443  2.84531  0.83424    180 y - - -
          2.68618  4.42225  2.77519  2.73123  3.46354  2.40513  3.72494  3.29354  2.67741  2.69355  4.24690  2.90347  2.73739  3.18146  2.89801  2.37887  2.77519  2.98518  4.58477  3.61503
          0.02612  4.05377  4.77612  0.61958  0.77255  0.48576  0.95510
    145   2.75815  4.99957  2.35904  2.35507  4.14167  3.33159  1.72953  3.78605  2.59297  3.35714  4.20336  2.88762  3.86031  2.91632  3.04708  2.49000  3.03287  3.43033  5.44648  4.01660    181 h - - -
          2.68618  4.42225  2.77519  2.73123  3.46354  2.40513  3.72494  3.29354  2.67741  2.69355  4.24690  2.90347  2.73739  3.18146  2.89801  2.37887  2.77519  2.98518  4.58477  3.61503
          0.02612  4.05377  4.77612  0.61958  0.77255  0.48576  0.95510
    146   2.71863  4.20605  4.09736  3.53370  3.31217  3.51095  4.19768  2.07909  3.41997  2.16536  2.14976  3.79238  4.20385  3.67868  3.64607  3.13368  2.88959  1.69280  4.93073  3.73837    182 v - - -
          2.68619  4.42226  2.77515  2.73119  3.46355  2.40514  3.72496  3.29355  2.67742  2.69356  4.24691  2.90334  2.73741  3.18148  2.89802  2.37888  2.77521  2.98520  4.58478  3.61504
          0.18555  2.17978  2.87736  0.35878  1.19907  0.48576  0.95510
    147   2.59215  4.95857  2.66864  2.11336  4.25072  3.36848  3.56983  3.69832  2.32256  3.23859  3.52508  2.52421  3.76912  2.53415  2.54664  2.58150  2.82362  3.17402  5.42136  4.04826    184 e - - -
          2.68618  4.42225  2.77519  2.73123  3.46354  2.40513  3.72494  3.29354  2.67741  2.69355  4.24690  2.90347  2.73739  3.18146  2.89801  2.37887  2.77519  2.98518  4.58477  3.61503
          0.02745  4.00473  4.72708  0.61958  0.77255  0.53682  0.87852
    148   2.84299  5.38019  1.60718  1.77598  4.65699  3.25685  3.70275  4.16487  2.63511  3.66441  4.47917  2.33424  3.82111  2.85121  3.19369  2.75288  3.11012  3.74613  5.82359  4.01635    185 d - - -
          2.68638  4.42187  2.77484  2.73143  3.46368  2.40539  3.72505  3.29261  2.67758  2.69370  4.24716  2.90313  2.73754  3.18172  2.89827  2.37898  2.77493  2.98446  4.58465  3.61515
          0.28313  1.40006        *  1.76243  0.18829  0.00000        *
//
