HMMER3/f [3.3.2 | Nov 2020]
NAME  vHMM_18594
LENG  170
ALPH  amino
RF    no
MM    no
CONS  yes
CS    no
MAP   yes
DATE  Mon Feb 22 11:45:03 2021
NSEQ  4
EFFN  0.410156
CKSUM 3377038358
STATS LOCAL MSV      -10.2025  0.70742
STATS LOCAL VITERBI  -10.9503  0.70742
STATS LOCAL FORWARD   -4.8487  0.70742
CUTOFF SCORE	295.2
TAXON	Sarthroviridae
TXID	1922240
PROTEIN	Capsid protein
TYPE	Full-length
RANGE	Wide
HMM          A        C        D        E        F        G        H        I        K        L        M        N        P        Q        R        S        T        V        W        Y   
            m->m     m->i     m->d     i->m     i->i     d->m     d->d
  COMPO   2.44650  4.44342  3.02102  2.92139  3.42603  2.71327  3.96226  2.69516  2.82740  2.56792  3.79117  3.08378  2.95044  3.33007  2.90658  2.63586  2.68711  2.52457  4.62930  3.29478
          2.68622  4.42229  2.77523  2.73127  3.46358  2.40517  3.72498  3.29358  2.67730  2.69359  4.24622  2.90332  2.73743  3.18150  2.89786  2.37891  2.77523  2.98522  4.58481  3.61507
          0.32875  2.25704  1.74003  0.99717  0.46033  0.00000        *
      1   2.82766  4.34431  3.92900  3.55414  3.22184  3.74765  4.33908  1.46802  3.37393  1.89200  3.22807  3.83297  4.22368  3.76185  3.59871  3.23720  3.14119  1.90719  5.04195  3.74221      5 i - - -
          2.68618  4.42225  2.77519  2.73123  3.46354  2.40513  3.72494  3.29354  2.67741  2.69355  4.24690  2.90347  2.73739  3.18146  2.89801  2.37887  2.77519  2.98518  4.58477  3.61503
          0.04051  3.62221  4.34455  0.61958  0.77255  0.61693  0.77566
      2   2.53449  4.48943  2.62870  2.49778  3.81326  3.02805  3.76431  3.48590  2.65657  3.17051  4.14380  1.70695  3.67716  3.05442  2.98708  2.62293  2.91853  3.13546  5.15332  3.79240      6 n - - -
          2.68618  4.42225  2.77519  2.73123  3.46354  2.40513  3.72494  3.29354  2.67741  2.69355  4.24690  2.90347  2.73739  3.18146  2.89801  2.37887  2.77519  2.98518  4.58477  3.61503
          0.04051  3.62221  4.34455  0.61958  0.77255  0.61693  0.77566
      3   2.53449  4.48943  2.62870  2.49778  3.81326  3.02805  3.76431  3.48590  2.65657  3.17051  4.14380  1.70695  3.67716  3.05442  2.98708  2.62293  2.91853  3.13546  5.15332  3.79240      7 n - - -
          2.68618  4.42225  2.77519  2.73123  3.46354  2.40513  3.72494  3.29354  2.67741  2.69355  4.24690  2.90347  2.73739  3.18146  2.89801  2.37887  2.77519  2.98518  4.58477  3.61503
          0.04051  3.62221  4.34455  0.61958  0.77255  0.61693  0.77566
      4   2.53449  4.48943  2.62870  2.49778  3.81326  3.02805  3.76431  3.48590  2.65657  3.17051  4.14380  1.70695  3.67716  3.05442  2.98708  2.62293  2.91853  3.13546  5.15332  3.79240      8 n - - -
          2.68618  4.42225  2.77519  2.73123  3.46354  2.40513  3.72494  3.29354  2.67741  2.69355  4.24690  2.90347  2.73739  3.18146  2.89801  2.37887  2.77519  2.98518  4.58477  3.61503
          0.04051  3.62221  4.34455  0.61958  0.77255  0.61693  0.77566
      5   2.74174  4.56205  3.20846  2.80403  3.85133  3.25176  3.69472  3.39137  2.22366  2.95583  3.98404  3.17352  3.78531  2.94681  1.45835  2.84949  3.03801  3.13146  5.04977  3.85233      9 r - - -
          2.68618  4.42225  2.77519  2.73123  3.46354  2.40513  3.72494  3.29354  2.67741  2.69355  4.24690  2.90347  2.73739  3.18146  2.89801  2.37887  2.77519  2.98518  4.58477  3.61503
          0.04051  3.62221  4.34455  0.61958  0.77255  0.50906  0.91895
      6   2.83922  4.67555  3.31493  2.86953  3.99024  3.34778  3.73204  3.52698  2.20701  3.07227  4.08394  3.23775  3.86458  2.96670  1.24946  2.93513  3.12034  3.25956  5.14142  3.95866     10 r - - -
          2.68618  4.42225  2.77519  2.73123  3.46354  2.40513  3.72494  3.29354  2.67741  2.69355  4.24690  2.90347  2.73739  3.18146  2.89801  2.37887  2.77519  2.98518  4.58477  3.61503
          0.03681  3.71622  4.43856  0.61958  0.77255  0.55350  0.85552
      7   2.34120  4.18320  3.29981  3.05340  3.84028  3.02523  4.08119  2.94912  2.99312  2.81747  3.88492  3.28352  3.71930  3.39806  3.25503  2.54152  1.46945  2.66138  5.29286  4.05910     11 t - - -
          2.68618  4.42225  2.77519  2.73123  3.46354  2.40513  3.72494  3.29354  2.67741  2.69355  4.24690  2.90347  2.73739  3.18146  2.89801  2.37887  2.77519  2.98518  4.58477  3.61503
          0.03681  3.71622  4.43856  0.61958  0.77255  0.55350  0.85552
      8   2.85410  4.43118  3.88277  3.47073  3.15406  3.71529  4.24251  2.31483  3.24469  1.77937  1.71679  3.76559  4.18094  3.64086  3.46715  3.18386  3.15945  2.30080  4.96996  3.71372     12 m - - -
          2.68618  4.42225  2.77519  2.73123  3.46354  2.40513  3.72494  3.29354  2.67741  2.69355  4.24690  2.90347  2.73739  3.18146  2.89801  2.37887  2.77519  2.98518  4.58477  3.61503
          0.03681  3.71622  4.43856  0.61958  0.77255  0.55350  0.85552
      9   2.83922  4.67555  3.31493  2.86953  3.99024  3.34778  3.73204  3.52698  2.20701  3.07227  4.08394  3.23775  3.86458  2.96670  1.24946  2.93513  3.12034  3.25956  5.14142  3.95866     13 r - - -
          2.68618  4.42225  2.77519  2.73123  3.46354  2.40513  3.72494  3.29354  2.67741  2.69355  4.24690  2.90347  2.73739  3.18146  2.89801  2.37887  2.77519  2.98518  4.58477  3.61503
          0.03681  3.71622  4.43856  0.61958  0.77255  0.55350  0.85552
     10   2.25052  4.16469  3.08117  2.89675  3.92164  2.89792  4.00745  3.42617  2.95907  3.16166  4.10684  3.14270  3.62523  3.32299  3.24516  1.35517  2.72013  2.99675  5.30874  4.00582     14 s - - -
          2.68618  4.42225  2.77519  2.73123  3.46354  2.40513  3.72494  3.29354  2.67741  2.69355  4.24690  2.90347  2.73739  3.18146  2.89801  2.37887  2.77519  2.98518  4.58477  3.61503
          0.03681  3.71622  4.43856  0.61958  0.77255  0.55350  0.85552
     11   2.83922  4.67555  3.31493  2.86953  3.99024  3.34778  3.73204  3.52698  2.20701  3.07227  4.08394  3.23775  3.86458  2.96670  1.24946  2.93513  3.12034  3.25956  5.14142  3.95866     15 r - - -
          2.68618  4.42225  2.77519  2.73123  3.46354  2.40513  3.72494  3.29354  2.67741  2.69355  4.24690  2.90347  2.73739  3.18146  2.89801  2.37887  2.77519  2.98518  4.58477  3.61503
          0.03681  3.71622  4.43856  0.61958  0.77255  0.44562  1.02283
     12   2.92901  4.76980  3.41279  2.94090  4.10658  3.42831  3.77848  3.64481  2.21664  3.17371  4.17737  3.30519  3.93580  3.00375  1.09171  3.01755  3.20075  3.37222  5.21916  4.05087     16 r - - -
          2.68618  4.42225  2.77519  2.73123  3.46354  2.40513  3.72494  3.29354  2.67741  2.69355  4.24690  2.90347  2.73739  3.18146  2.89801  2.37887  2.77519  2.98518  4.58477  3.61503
          0.03373  3.80214  4.52449  0.61958  0.77255  0.48576  0.95510
     13   2.58222  4.36266  3.24138  3.13285  4.27275  0.84642  4.25586  3.85670  3.30433  3.51938  4.49590  3.40611  3.75153  3.63437  3.54656  2.75243  3.05806  3.39878  5.38491  4.37286     17 g - - -
          2.68618  4.42225  2.77519  2.73123  3.46354  2.40513  3.72494  3.29354  2.67741  2.69355  4.24690  2.90347  2.73739  3.18146  2.89801  2.37887  2.77519  2.98518  4.58477  3.61503
          0.03373  3.80214  4.52449  0.61958  0.77255  0.48576  0.95510
     14   2.92901  4.76980  3.41279  2.94090  4.10658  3.42831  3.77848  3.64481  2.21664  3.17371  4.17737  3.30519  3.93580  3.00375  1.09171  3.01755  3.20075  3.37222  5.21916  4.05087     18 r - - -
          2.68618  4.42225  2.77519  2.73123  3.46354  2.40513  3.72494  3.29354  2.67741  2.69355  4.24690  2.90347  2.73739  3.18146  2.89801  2.37887  2.77519  2.98518  4.58477  3.61503
          0.03373  3.80214  4.52449  0.61958  0.77255  0.48576  0.95510
     15   2.58222  4.36266  3.24138  3.13285  4.27275  0.84642  4.25586  3.85670  3.30433  3.51938  4.49590  3.40611  3.75153  3.63437  3.54656  2.75243  3.05806  3.39878  5.38491  4.37286     19 g - - -
          2.68618  4.42225  2.77519  2.73123  3.46354  2.40513  3.72494  3.29354  2.67741  2.69355  4.24690  2.90347  2.73739  3.18146  2.89801  2.37887  2.77519  2.98518  4.58477  3.61503
          0.03373  3.80214  4.52449  0.61958  0.77255  0.48576  0.95510
     16   2.92901  4.76980  3.41279  2.94090  4.10658  3.42831  3.77848  3.64481  2.21664  3.17371  4.17737  3.30519  3.93580  3.00375  1.09171  3.01755  3.20075  3.37222  5.21916  4.05087     20 r - - -
          2.68618  4.42225  2.77519  2.73123  3.46354  2.40513  3.72494  3.29354  2.67741  2.69355  4.24690  2.90347  2.73739  3.18146  2.89801  2.37887  2.77519  2.98518  4.58477  3.61503
          0.03373  3.80214  4.52449  0.61958  0.77255  0.48576  0.95510
     17   2.37797  4.22230  3.36858  3.11938  3.90954  3.06336  4.14168  3.02822  3.06093  2.89412  3.95065  3.33890  3.76221  3.45975  3.32197  2.57864  1.29711  2.73075  5.35367  4.12669     21 t - - -
          2.68618  4.42225  2.77519  2.73123  3.46354  2.40513  3.72494  3.29354  2.67741  2.69355  4.24690  2.90347  2.73739  3.18146  2.89801  2.37887  2.77519  2.98518  4.58477  3.61503
          0.03373  3.80214  4.52449  0.61958  0.77255  0.48576  0.95510
     18   2.91607  4.47669  3.97466  3.56424  3.18054  3.78157  4.31575  2.34926  3.33559  1.78723  1.51986  3.84998  4.24308  3.72293  3.54889  3.25717  3.22068  2.34683  5.01111  3.76582     22 m - - -
          2.68618  4.42225  2.77519  2.73123  3.46354  2.40513  3.72494  3.29354  2.67741  2.69355  4.24690  2.90347  2.73739  3.18146  2.89801  2.37887  2.77519  2.98518  4.58477  3.61503
          0.03373  3.80214  4.52449  0.61958  0.77255  0.48576  0.95510
     19   2.58222  4.36266  3.24138  3.13285  4.27275  0.84642  4.25586  3.85670  3.30433  3.51938  4.49590  3.40611  3.75153  3.63437  3.54656  2.75243  3.05806  3.39878  5.38491  4.37286     23 g - - -
          2.68618  4.42225  2.77519  2.73123  3.46354  2.40513  3.72494  3.29354  2.67741  2.69355  4.24690  2.90347  2.73739  3.18146  2.89801  2.37887  2.77519  2.98518  4.58477  3.61503
          0.03373  3.80214  4.52449  0.61958  0.77255  0.48576  0.95510
     20   2.28335  4.20187  3.14809  2.96231  4.00702  2.93318  4.07329  3.52089  3.03123  3.24724  4.18048  3.19730  3.66655  3.38650  3.31828  1.20234  2.75852  3.07150  5.38556  4.09057     24 s - - -
          2.68618  4.42225  2.77519  2.73123  3.46354  2.40513  3.72494  3.29354  2.67741  2.69355  4.24690  2.90347  2.73739  3.18146  2.89801  2.37887  2.77519  2.98518  4.58477  3.61503
          0.03373  3.80214  4.52449  0.61958  0.77255  0.48576  0.95510
     21   2.66785  4.65925  2.67470  2.55395  4.01198  3.13887  3.86899  3.70882  2.76770  3.36427  4.32126  1.28908  3.78809  3.14305  3.11872  2.73865  3.04827  3.33817  5.32627  3.96647     25 n - - -
          2.68618  4.42225  2.77519  2.73123  3.46354  2.40513  3.72494  3.29354  2.67741  2.69355  4.24690  2.90347  2.73739  3.18146  2.89801  2.37887  2.77519  2.98518  4.58477  3.61503
          0.03373  3.80214  4.52449  0.61958  0.77255  0.48576  0.95510
     22   3.07787  4.56199  4.07562  3.71694  3.11185  3.89113  4.39479  2.31426  3.48530  0.96708  3.16004  3.99901  4.33981  3.87055  3.67217  3.45632  3.37603  2.33297  4.96383  3.67035     26 l - - -
          2.68618  4.42225  2.77519  2.73123  3.46354  2.40513  3.72494  3.29354  2.67741  2.69355  4.24690  2.90347  2.73739  3.18146  2.89801  2.37887  2.77519  2.98518  4.58477  3.61503
          0.03373  3.80214  4.52449  0.61958  0.77255  0.48576  0.95510
     23   2.97643  4.41701  4.23218  3.84674  3.32862  3.98758  4.58907  1.16969  3.67335  1.93116  3.27706  4.10201  4.42712  4.02996  3.87807  3.47751  3.27755  1.84927  5.20361  3.93461     27 i - - -
          2.68618  4.42225  2.77519  2.73123  3.46354  2.40513  3.72494  3.29354  2.67741  2.69355  4.24690  2.90347  2.73739  3.18146  2.89801  2.37887  2.77519  2.98518  4.58477  3.61503
          0.03373  3.80214  4.52449  0.61958  0.77255  0.48576  0.95510
     24   2.66369  4.43085  3.26360  3.09387  4.09200  3.12243  4.17582  3.62082  3.14541  3.25476  4.30282  3.40682  0.96944  3.53643  3.39753  2.82939  3.10013  3.27408  5.29638  4.21228     28 p - - -
          2.68618  4.42225  2.77519  2.73123  3.46354  2.40513  3.72494  3.29354  2.67741  2.69355  4.24690  2.90347  2.73739  3.18146  2.89801  2.37887  2.77519  2.98518  4.58477  3.61503
          0.03373  3.80214  4.52449  0.61958  0.77255  0.48576  0.95510
     25   3.14868  4.66615  3.73568  3.45340  2.30094  3.74918  3.59072  3.16799  3.31294  2.63970  3.85085  3.63907  4.22545  3.63590  3.51044  3.29185  3.43548  3.03545  3.94147  1.09136     29 y - - -
          2.68618  4.42225  2.77519  2.73123  3.46354  2.40513  3.72494  3.29354  2.67741  2.69355  4.24690  2.90347  2.73739  3.18146  2.89801  2.37887  2.77519  2.98518  4.58477  3.61503
          0.03373  3.80214  4.52449  0.61958  0.77255  0.48576  0.95510
     26   1.12022  4.15998  3.39348  3.18346  3.98440  2.98598  4.21351  3.09964  3.19793  2.98423  4.02537  3.35014  3.71873  3.54602  3.45226  2.51166  2.78423  2.76638  5.41870  4.21147     30 a - - -
          2.68618  4.42225  2.77519  2.73123  3.46354  2.40513  3.72494  3.29354  2.67741  2.69355  4.24690  2.90347  2.73739  3.18146  2.89801  2.37887  2.77519  2.98518  4.58477  3.61503
          0.03373  3.80214  4.52449  0.61958  0.77255  0.48576  0.95510
     27   2.66785  4.65925  2.67470  2.55395  4.01198  3.13887  3.86899  3.70882  2.76770  3.36427  4.32126  1.28908  3.78809  3.14305  3.11872  2.73865  3.04827  3.33817  5.32627  3.96647     31 n - - -
          2.68618  4.42225  2.77519  2.73123  3.46354  2.40513  3.72494  3.29354  2.67741  2.69355  4.24690  2.90347  2.73739  3.18146  2.89801  2.37887  2.77519  2.98518  4.58477  3.61503
          0.03373  3.80214  4.52449  0.61958  0.77255  0.48576  0.95510
     28   2.28335  4.20187  3.14809  2.96231  4.00702  2.93318  4.07329  3.52089  3.03123  3.24724  4.18048  3.19730  3.66655  3.38650  3.31828  1.20234  2.75852  3.07150  5.38556  4.09057     32 s - - -
          2.68618  4.42225  2.77519  2.73123  3.46354  2.40513  3.72494  3.29354  2.67741  2.69355  4.24690  2.90347  2.73739  3.18146  2.89801  2.37887  2.77519  2.98518  4.58477  3.61503
          0.03373  3.80214  4.52449  0.61958  0.77255  0.48576  0.95510
     29   2.66369  4.43085  3.26360  3.09387  4.09200  3.12243  4.17582  3.62082  3.14541  3.25476  4.30282  3.40682  0.96944  3.53643  3.39753  2.82939  3.10013  3.27408  5.29638  4.21228     33 p - - -
          2.68618  4.42225  2.77519  2.73123  3.46354  2.40513  3.72494  3.29354  2.67741  2.69355  4.24690  2.90347  2.73739  3.18146  2.89801  2.37887  2.77519  2.98518  4.58477  3.61503
          0.03373  3.80214  4.52449  0.61958  0.77255  0.48576  0.95510
     30   2.75294  4.31681  4.02639  3.68906  3.50055  3.64920  4.50350  2.06001  3.55567  2.20112  3.47820  3.88965  4.21486  3.92133  3.77461  3.14967  3.11700  1.11886  5.27248  3.99893     34 v - - -
          2.68618  4.42225  2.77519  2.73123  3.46354  2.40513  3.72494  3.29354  2.67741  2.69355  4.24690  2.90347  2.73739  3.18146  2.89801  2.37887  2.77519  2.98518  4.58477  3.61503
          0.03373  3.80214  4.52449  0.61958  0.77255  0.48576  0.95510
     31   2.66369  4.43085  3.26360  3.09387  4.09200  3.12243  4.17582  3.62082  3.14541  3.25476  4.30282  3.40682  0.96944  3.53643  3.39753  2.82939  3.10013  3.27408  5.29638  4.21228     35 p - - -
          2.68618  4.42225  2.77519  2.73123  3.46354  2.40513  3.72494  3.29354  2.67741  2.69355  4.24690  2.90347  2.73739  3.18146  2.89801  2.37887  2.77519  2.98518  4.58477  3.61503
          0.03373  3.80214  4.52449  0.61958  0.77255  0.48576  0.95510
     32   2.97643  4.41701  4.23218  3.84674  3.32862  3.98758  4.58907  1.16969  3.67335  1.93116  3.27706  4.10201  4.42712  4.02996  3.87807  3.47751  3.27755  1.84927  5.20361  3.93461     36 i - - -
          2.68618  4.42225  2.77519  2.73123  3.46354  2.40513  3.72494  3.29354  2.67741  2.69355  4.24690  2.90347  2.73739  3.18146  2.89801  2.37887  2.77519  2.98518  4.58477  3.61503
          0.03373  3.80214  4.52449  0.61958  0.77255  0.48576  0.95510
     33   2.66369  4.43085  3.26360  3.09387  4.09200  3.12243  4.17582  3.62082  3.14541  3.25476  4.30282  3.40682  0.96944  3.53643  3.39753  2.82939  3.10013  3.27408  5.29638  4.21228     37 p - - -
          2.68618  4.42225  2.77519  2.73123  3.46354  2.40513  3.72494  3.29354  2.67741  2.69355  4.24690  2.90347  2.73739  3.18146  2.89801  2.37887  2.77519  2.98518  4.58477  3.61503
          0.03373  3.80214  4.52449  0.61958  0.77255  0.48576  0.95510
     34   3.14868  4.66615  3.73568  3.45340  2.30094  3.74918  3.59072  3.16799  3.31294  2.63970  3.85085  3.63907  4.22545  3.63590  3.51044  3.29185  3.43548  3.03545  3.94147  1.09136     38 y - - -
          2.68618  4.42225  2.77519  2.73123  3.46354  2.40513  3.72494  3.29354  2.67741  2.69355  4.24690  2.90347  2.73739  3.18146  2.89801  2.37887  2.77519  2.98518  4.58477  3.61503
          0.03373  3.80214  4.52449  0.61958  0.77255  0.48576  0.95510
     35   2.37797  4.22230  3.36858  3.11938  3.90954  3.06336  4.14168  3.02822  3.06093  2.89412  3.95065  3.33890  3.76221  3.45975  3.32197  2.57864  1.29711  2.73075  5.35367  4.12669     39 t - - -
          2.68618  4.42225  2.77519  2.73123  3.46354  2.40513  3.72494  3.29354  2.67741  2.69355  4.24690  2.90347  2.73739  3.18146  2.89801  2.37887  2.77519  2.98518  4.58477  3.61503
          0.03373  3.80214  4.52449  0.61958  0.77255  0.48576  0.95510
     36   2.66369  4.43085  3.26360  3.09387  4.09200  3.12243  4.17582  3.62082  3.14541  3.25476  4.30282  3.40682  0.96944  3.53643  3.39753  2.82939  3.10013  3.27408  5.29638  4.21228     40 p - - -
          2.68618  4.42225  2.77519  2.73123  3.46354  2.40513  3.72494  3.29354  2.67741  2.69355  4.24690  2.90347  2.73739  3.18146  2.89801  2.37887  2.77519  2.98518  4.58477  3.61503
          0.03373  3.80214  4.52449  0.61958  0.77255  0.48576  0.95510
     37   2.66369  4.43085  3.26360  3.09387  4.09200  3.12243  4.17582  3.62082  3.14541  3.25476  4.30282  3.40682  0.96944  3.53643  3.39753  2.82939  3.10013  3.27408  5.29638  4.21228     41 p - - -
          2.68618  4.42225  2.77519  2.73123  3.46354  2.40513  3.72494  3.29354  2.67741  2.69355  4.24690  2.90347  2.73739  3.18146  2.89801  2.37887  2.77519  2.98518  4.58477  3.61503
          0.03373  3.80214  4.52449  0.61958  0.77255  0.48576  0.95510
     38   2.75294  4.31681  4.02639  3.68906  3.50055  3.64920  4.50350  2.06001  3.55567  2.20112  3.47820  3.88965  4.21486  3.92133  3.77461  3.14967  3.11700  1.11886  5.27248  3.99893     42 v - - -
          2.68618  4.42225  2.77519  2.73123  3.46354  2.40513  3.72494  3.29354  2.67741  2.69355  4.24690  2.90347  2.73739  3.18146  2.89801  2.37887  2.77519  2.98518  4.58477  3.61503
          0.03373  3.80214  4.52449  0.61958  0.77255  0.48576  0.95510
     39   2.37797  4.22230  3.36858  3.11938  3.90954  3.06336  4.14168  3.02822  3.06093  2.89412  3.95065  3.33890  3.76221  3.45975  3.32197  2.57864  1.29711  2.73075  5.35367  4.12669     43 t - - -
          2.68618  4.42225  2.77519  2.73123  3.46354  2.40513  3.72494  3.29354  2.67741  2.69355  4.24690  2.90347  2.73739  3.18146  2.89801  2.37887  2.77519  2.98518  4.58477  3.61503
          0.03373  3.80214  4.52449  0.61958  0.77255  0.48576  0.95510
     40   2.66369  4.43085  3.26360  3.09387  4.09200  3.12243  4.17582  3.62082  3.14541  3.25476  4.30282  3.40682  0.96944  3.53643  3.39753  2.82939  3.10013  3.27408  5.29638  4.21228     44 p - - -
          2.68618  4.42225  2.77519  2.73123  3.46354  2.40513  3.72494  3.29354  2.67741  2.69355  4.24690  2.90347  2.73739  3.18146  2.89801  2.37887  2.77519  2.98518  4.58477  3.61503
          0.03373  3.80214  4.52449  0.61958  0.77255  0.48576  0.95510
     41   2.91653  4.33889  4.37484  3.88988  3.42196  4.09558  4.66483  1.61366  3.75536  1.97838  3.27696  4.14679  4.48295  4.06446  3.99090  3.47857  3.20114  1.24999  5.32158  4.08887     45 v - - -
          2.68618  4.42225  2.77519  2.73123  3.46354  2.40513  3.72494  3.29354  2.67741  2.69355  4.24690  2.90347  2.73739  3.18146  2.89801  2.37887  2.77519  2.98518  4.58477  3.61503
          0.03373  3.80214  4.52449  0.61958  0.77255  0.48576  0.95510
     42   2.37797  4.22230  3.36858  3.11938  3.90954  3.06336  4.14168  3.02822  3.06093  2.89412  3.95065  3.33890  3.76221  3.45975  3.32197  2.57864  1.29711  2.73075  5.35367  4.12669     46 t - - -
          2.68618  4.42225  2.77519  2.73123  3.46354  2.40513  3.72494  3.29354  2.67741  2.69355  4.24690  2.90347  2.73739  3.18146  2.89801  2.37887  2.77519  2.98518  4.58477  3.61503
          0.03373  3.80214  4.52449  0.61958  0.77255  0.48576  0.95510
     43   2.75294  4.31681  4.02639  3.68906  3.50055  3.64920  4.50350  2.06001  3.55567  2.20112  3.47820  3.88965  4.21486  3.92133  3.77461  3.14967  3.11700  1.11886  5.27248  3.99893     47 v - - -
          2.68618  4.42225  2.77519  2.73123  3.46354  2.40513  3.72494  3.29354  2.67741  2.69355  4.24690  2.90347  2.73739  3.18146  2.89801  2.37887  2.77519  2.98518  4.58477  3.61503
          0.03373  3.80214  4.52449  0.61958  0.77255  0.48576  0.95510
     44   2.97643  4.41701  4.23218  3.84674  3.32862  3.98758  4.58907  1.16969  3.67335  1.93116  3.27706  4.10201  4.42712  4.02996  3.87807  3.47751  3.27755  1.84927  5.20361  3.93461     48 i - - -
          2.68618  4.42225  2.77519  2.73123  3.46354  2.40513  3.72494  3.29354  2.67741  2.69355  4.24690  2.90347  2.73739  3.18146  2.89801  2.37887  2.77519  2.98518  4.58477  3.61503
          0.03373  3.80214  4.52449  0.61958  0.77255  0.48576  0.95510
     45   2.20687  4.16656  3.03250  2.85561  4.21152  1.60748  4.05557  3.68092  3.02568  3.36656  4.21493  3.10973  3.61223  3.32634  3.35075  1.95326  2.68694  3.14625  5.53795  4.28660     49 g - - -
          2.68618  4.42225  2.77519  2.73123  3.46354  2.40513  3.72494  3.29354  2.67741  2.69355  4.24690  2.90347  2.73739  3.18146  2.89801  2.37887  2.77519  2.98518  4.58477  3.61503
          0.03373  3.80214  4.52449  0.61958  0.77255  0.48576  0.95510
     46   2.66785  4.65925  2.67470  2.55395  4.01198  3.13887  3.86899  3.70882  2.76770  3.36427  4.32126  1.28908  3.78809  3.14305  3.11872  2.73865  3.04827  3.33817  5.32627  3.96647     50 n - - -
          2.68618  4.42225  2.77519  2.73123  3.46354  2.40513  3.72494  3.29354  2.67741  2.69355  4.24690  2.90347  2.73739  3.18146  2.89801  2.37887  2.77519  2.98518  4.58477  3.61503
          0.03373  3.80214  4.52449  0.61958  0.77255  0.48576  0.95510
     47   2.66369  4.43085  3.26360  3.09387  4.09200  3.12243  4.17582  3.62082  3.14541  3.25476  4.30282  3.40682  0.96944  3.53643  3.39753  2.82939  3.10013  3.27408  5.29638  4.21228     51 p - - -
          2.68618  4.42225  2.77519  2.73123  3.46354  2.40513  3.72494  3.29354  2.67741  2.69355  4.24690  2.90347  2.73739  3.18146  2.89801  2.37887  2.77519  2.98518  4.58477  3.61503
          0.03373  3.80214  4.52449  0.61958  0.77255  0.48576  0.95510
     48   2.92901  4.76980  3.41279  2.94090  4.10658  3.42831  3.77848  3.64481  2.21664  3.17371  4.17737  3.30519  3.93580  3.00375  1.09171  3.01755  3.20075  3.37222  5.21916  4.05087     52 r - - -
          2.68618  4.42225  2.77519  2.73123  3.46354  2.40513  3.72494  3.29354  2.67741  2.69355  4.24690  2.90347  2.73739  3.18146  2.89801  2.37887  2.77519  2.98518  4.58477  3.61503
          0.03373  3.80214  4.52449  0.61958  0.77255  0.48576  0.95510
     49   2.91016  4.86767  3.08130  2.71818  4.23796  3.40539  3.72463  3.66321  1.13907  3.24459  4.21147  3.14516  3.91208  2.92134  2.42457  2.95774  3.16955  3.37554  5.32291  4.12614     53 k - - -
          2.68618  4.42225  2.77519  2.73123  3.46354  2.40513  3.72494  3.29354  2.67741  2.69355  4.24690  2.90347  2.73739  3.18146  2.89801  2.37887  2.77519  2.98518  4.58477  3.61503
          0.03373  3.80214  4.52449  0.61958  0.77255  0.48576  0.95510
     50   2.37797  4.22230  3.36858  3.11938  3.90954  3.06336  4.14168  3.02822  3.06093  2.89412  3.95065  3.33890  3.76221  3.45975  3.32197  2.57864  1.29711  2.73075  5.35367  4.12669     54 t - - -
          2.68618  4.42225  2.77519  2.73123  3.46354  2.40513  3.72494  3.29354  2.67741  2.69355  4.24690  2.90347  2.73739  3.18146  2.89801  2.37887  2.77519  2.98518  4.58477  3.61503
          0.03373  3.80214  4.52449  0.61958  0.77255  0.48576  0.95510
     51   2.37797  4.22230  3.36858  3.11938  3.90954  3.06336  4.14168  3.02822  3.06093  2.89412  3.95065  3.33890  3.76221  3.45975  3.32197  2.57864  1.29711  2.73075  5.35367  4.12669     55 t - - -
          2.68618  4.42225  2.77519  2.73123  3.46354  2.40513  3.72494  3.29354  2.67741  2.69355  4.24690  2.90347  2.73739  3.18146  2.89801  2.37887  2.77519  2.98518  4.58477  3.61503
          0.03373  3.80214  4.52449  0.61958  0.77255  0.48576  0.95510
     52   3.22395  4.62280  3.98691  3.67680  2.60159  3.65403  3.81908  3.24602  3.40107  2.65236  3.88294  3.84041  4.16634  3.79252  3.54131  3.42820  3.52118  3.13443  1.04005  2.60765     56 w - - -
          2.68618  4.42225  2.77519  2.73123  3.46354  2.40513  3.72494  3.29354  2.67741  2.69355  4.24690  2.90347  2.73739  3.18146  2.89801  2.37887  2.77519  2.98518  4.58477  3.61503
          0.03373  3.80214  4.52449  0.61958  0.77255  0.48576  0.95510
     53   2.97643  4.41701  4.23218  3.84674  3.32862  3.98758  4.58907  1.16969  3.67335  1.93116  3.27706  4.10201  4.42712  4.02996  3.87807  3.47751  3.27755  1.84927  5.20361  3.93461     57 i - - -
          2.68618  4.42225  2.77519  2.73123  3.46354  2.40513  3.72494  3.29354  2.67741  2.69355  4.24690  2.90347  2.73739  3.18146  2.89801  2.37887  2.77519  2.98518  4.58477  3.61503
          0.03373  3.80214  4.52449  0.61958  0.77255  0.48576  0.95510
     54   2.91676  5.02931  1.02448  2.29709  4.39762  3.15979  3.87350  3.97039  2.94505  3.59212  4.57037  2.84918  3.80785  3.11379  3.45026  2.88832  3.25446  3.61769  5.57979  4.28435     58 d - - -
          2.68618  4.42225  2.77519  2.73123  3.46354  2.40513  3.72494  3.29354  2.67741  2.69355  4.24690  2.90347  2.73739  3.18146  2.89801  2.37887  2.77519  2.98518  4.58477  3.61503
          0.03373  3.80214  4.52449  0.61958  0.77255  0.48576  0.95510
     55   2.97643  4.41701  4.23218  3.84674  3.32862  3.98758  4.58907  1.16969  3.67335  1.93116  3.27706  4.10201  4.42712  4.02996  3.87807  3.47751  3.27755  1.84927  5.20361  3.93461     59 i - - -
          2.68618  4.42225  2.77519  2.73123  3.46354  2.40513  3.72494  3.29354  2.67741  2.69355  4.24690  2.90347  2.73739  3.18146  2.89801  2.37887  2.77519  2.98518  4.58477  3.61503
          0.03373  3.80214  4.52449  0.61958  0.77255  0.48576  0.95510
     56   2.91676  5.02931  1.02448  2.29709  4.39762  3.15979  3.87350  3.97039  2.94505  3.59212  4.57037  2.84918  3.80785  3.11379  3.45026  2.88832  3.25446  3.61769  5.57979  4.28435     60 d - - -
          2.68618  4.42225  2.77519  2.73123  3.46354  2.40513  3.72494  3.29354  2.67741  2.69355  4.24690  2.90347  2.73739  3.18146  2.89801  2.37887  2.77519  2.98518  4.58477  3.61503
          0.03373  3.80214  4.52449  0.61958  0.77255  0.48576  0.95510
     57   3.07787  4.56199  4.07562  3.71694  3.11185  3.89113  4.39479  2.31426  3.48530  0.96708  3.16004  3.99901  4.33981  3.87055  3.67217  3.45632  3.37603  2.33297  4.96383  3.67035     61 l - - -
          2.68618  4.42225  2.77519  2.73123  3.46354  2.40513  3.72494  3.29354  2.67741  2.69355  4.24690  2.90347  2.73739  3.18146  2.89801  2.37887  2.77519  2.98518  4.58477  3.61503
          0.03373  3.80214  4.52449  0.61958  0.77255  0.48576  0.95510
     58   2.28335  4.20187  3.14809  2.96231  4.00702  2.93318  4.07329  3.52089  3.03123  3.24724  4.18048  3.19730  3.66655  3.38650  3.31828  1.20234  2.75852  3.07150  5.38556  4.09057     62 s - - -
          2.68618  4.42225  2.77519  2.73123  3.46354  2.40513  3.72494  3.29354  2.67741  2.69355  4.24690  2.90347  2.73739  3.18146  2.89801  2.37887  2.77519  2.98518  4.58477  3.61503
          0.03373  3.80214  4.52449  0.61958  0.77255  0.48576  0.95510
     59   2.28335  4.20187  3.14809  2.96231  4.00702  2.93318  4.07329  3.52089  3.03123  3.24724  4.18048  3.19730  3.66655  3.38650  3.31828  1.20234  2.75852  3.07150  5.38556  4.09057     63 s - - -
          2.68618  4.42225  2.77519  2.73123  3.46354  2.40513  3.72494  3.29354  2.67741  2.69355  4.24690  2.90347  2.73739  3.18146  2.89801  2.37887  2.77519  2.98518  4.58477  3.61503
          0.03373  3.80214  4.52449  0.61958  0.77255  0.48576  0.95510
     60   2.89497  4.98683  2.46342  1.12997  4.32476  3.23093  3.81396  3.76473  2.68582  3.39405  4.37304  2.89823  3.83274  3.03231  3.08593  2.88574  3.19930  3.45656  5.50980  4.23404     64 e - - -
          2.68618  4.42225  2.77519  2.73123  3.46354  2.40513  3.72494  3.29354  2.67741  2.69355  4.24690  2.90347  2.73739  3.18146  2.89801  2.37887  2.77519  2.98518  4.58477  3.61503
          0.03373  3.80214  4.52449  0.61958  0.77255  0.48576  0.95510
     61   2.89497  4.98683  2.46342  1.12997  4.32476  3.23093  3.81396  3.76473  2.68582  3.39405  4.37304  2.89823  3.83274  3.03231  3.08593  2.88574  3.19930  3.45656  5.50980  4.23404     65 e - - -
          2.68618  4.42225  2.77519  2.73123  3.46354  2.40513  3.72494  3.29354  2.67741  2.69355  4.24690  2.90347  2.73739  3.18146  2.89801  2.37887  2.77519  2.98518  4.58477  3.61503
          0.03373  3.80214  4.52449  0.61958  0.77255  0.48576  0.95510
     62   2.28335  4.20187  3.14809  2.96231  4.00702  2.93318  4.07329  3.52089  3.03123  3.24724  4.18048  3.19730  3.66655  3.38650  3.31828  1.20234  2.75852  3.07150  5.38556  4.09057     66 s - - -
          2.68618  4.42225  2.77519  2.73123  3.46354  2.40513  3.72494  3.29354  2.67741  2.69355  4.24690  2.90347  2.73739  3.18146  2.89801  2.37887  2.77519  2.98518  4.58477  3.61503
          0.03373  3.80214  4.52449  0.61958  0.77255  0.48576  0.95510
     63   2.58222  4.36266  3.24138  3.13285  4.27275  0.84642  4.25586  3.85670  3.30433  3.51938  4.49590  3.40611  3.75153  3.63437  3.54656  2.75243  3.05806  3.39878  5.38491  4.37286     67 g - - -
          2.68618  4.42225  2.77519  2.73123  3.46354  2.40513  3.72494  3.29354  2.67741  2.69355  4.24690  2.90347  2.73739  3.18146  2.89801  2.37887  2.77519  2.98518  4.58477  3.61503
          0.03373  3.80214  4.52449  0.61958  0.77255  0.48576  0.95510
     64   2.97643  4.41701  4.23218  3.84674  3.32862  3.98758  4.58907  1.16969  3.67335  1.93116  3.27706  4.10201  4.42712  4.02996  3.87807  3.47751  3.27755  1.84927  5.20361  3.93461     68 i - - -
          2.68618  4.42225  2.77519  2.73123  3.46354  2.40513  3.72494  3.29354  2.67741  2.69355  4.24690  2.90347  2.73739  3.18146  2.89801  2.37887  2.77519  2.98518  4.58477  3.61503
          0.03373  3.80214  4.52449  0.61958  0.77255  0.48576  0.95510
     65   3.14868  4.66615  3.73568  3.45340  2.30094  3.74918  3.59072  3.16799  3.31294  2.63970  3.85085  3.63907  4.22545  3.63590  3.51044  3.29185  3.43548  3.03545  3.94147  1.09136     69 y - - -
          2.68618  4.42225  2.77519  2.73123  3.46354  2.40513  3.72494  3.29354  2.67741  2.69355  4.24690  2.90347  2.73739  3.18146  2.89801  2.37887  2.77519  2.98518  4.58477  3.61503
          0.03373  3.80214  4.52449  0.61958  0.77255  0.48576  0.95510
     66   2.37797  4.22230  3.36858  3.11938  3.90954  3.06336  4.14168  3.02822  3.06093  2.89412  3.95065  3.33890  3.76221  3.45975  3.32197  2.57864  1.29711  2.73075  5.35367  4.12669     70 t - - -
          2.68618  4.42225  2.77519  2.73123  3.46354  2.40513  3.72494  3.29354  2.67741  2.69355  4.24690  2.90347  2.73739  3.18146  2.89801  2.37887  2.77519  2.98518  4.58477  3.61503
          0.03373  3.80214  4.52449  0.61958  0.77255  0.48576  0.95510
     67   3.07787  4.56199  4.07562  3.71694  3.11185  3.89113  4.39479  2.31426  3.48530  0.96708  3.16004  3.99901  4.33981  3.87055  3.67217  3.45632  3.37603  2.33297  4.96383  3.67035     71 l - - -
          2.68618  4.42225  2.77519  2.73123  3.46354  2.40513  3.72494  3.29354  2.67741  2.69355  4.24690  2.90347  2.73739  3.18146  2.89801  2.37887  2.77519  2.98518  4.58477  3.61503
          0.03373  3.80214  4.52449  0.61958  0.77255  0.48576  0.95510
     68   1.90507  4.11970  3.37526  3.07145  3.98096  2.98044  4.10563  3.03718  3.04242  2.95241  3.91502  3.26483  3.68905  3.39236  3.33258  2.43361  1.64433  2.69203  5.41969  4.19631     72 t - - -
          2.68618  4.42225  2.77519  2.73123  3.46354  2.40513  3.72494  3.29354  2.67741  2.69355  4.24690  2.90347  2.73739  3.18146  2.89801  2.37887  2.77519  2.98518  4.58477  3.61503
          0.03373  3.80214  4.52449  0.61958  0.77255  0.48576  0.95510
     69   2.75294  4.31681  4.02639  3.68906  3.50055  3.64920  4.50350  2.06001  3.55567  2.20112  3.47820  3.88965  4.21486  3.92133  3.77461  3.14967  3.11700  1.11886  5.27248  3.99893     73 v - - -
          2.68618  4.42225  2.77519  2.73123  3.46354  2.40513  3.72494  3.29354  2.67741  2.69355  4.24690  2.90347  2.73739  3.18146  2.89801  2.37887  2.77519  2.98518  4.58477  3.61503
          0.03373  3.80214  4.52449  0.61958  0.77255  0.48576  0.95510
     70   2.58222  4.36266  3.24138  3.13285  4.27275  0.84642  4.25586  3.85670  3.30433  3.51938  4.49590  3.40611  3.75153  3.63437  3.54656  2.75243  3.05806  3.39878  5.38491  4.37286     74 g - - -
          2.68618  4.42225  2.77519  2.73123  3.46354  2.40513  3.72494  3.29354  2.67741  2.69355  4.24690  2.90347  2.73739  3.18146  2.89801  2.37887  2.77519  2.98518  4.58477  3.61503
          0.03373  3.80214  4.52449  0.61958  0.77255  0.48576  0.95510
     71   2.28335  4.20187  3.14809  2.96231  4.00702  2.93318  4.07329  3.52089  3.03123  3.24724  4.18048  3.19730  3.66655  3.38650  3.31828  1.20234  2.75852  3.07150  5.38556  4.09057     75 s - - -
          2.68618  4.42225  2.77519  2.73123  3.46354  2.40513  3.72494  3.29354  2.67741  2.69355  4.24690  2.90347  2.73739  3.18146  2.89801  2.37887  2.77519  2.98518  4.58477  3.61503
          0.03373  3.80214  4.52449  0.61958  0.77255  0.48576  0.95510
     72   3.14868  4.66615  3.73568  3.45340  2.30094  3.74918  3.59072  3.16799  3.31294  2.63970  3.85085  3.63907  4.22545  3.63590  3.51044  3.29185  3.43548  3.03545  3.94147  1.09136     76 y - - -
          2.68618  4.42225  2.77519  2.73123  3.46354  2.40513  3.72494  3.29354  2.67741  2.69355  4.24690  2.90347  2.73739  3.18146  2.89801  2.37887  2.77519  2.98518  4.58477  3.61503
          0.03373  3.80214  4.52449  0.61958  0.77255  0.48576  0.95510
     73   2.92901  4.76980  3.41279  2.94090  4.10658  3.42831  3.77848  3.64481  2.21664  3.17371  4.17737  3.30519  3.93580  3.00375  1.09171  3.01755  3.20075  3.37222  5.21916  4.05087     77 r - - -
          2.68618  4.42225  2.77519  2.73123  3.46354  2.40513  3.72494  3.29354  2.67741  2.69355  4.24690  2.90347  2.73739  3.18146  2.89801  2.37887  2.77519  2.98518  4.58477  3.61503
          0.03373  3.80214  4.52449  0.61958  0.77255  0.48576  0.95510
     74   2.66785  4.65925  2.67470  2.55395  4.01198  3.13887  3.86899  3.70882  2.76770  3.36427  4.32126  1.28908  3.78809  3.14305  3.11872  2.73865  3.04827  3.33817  5.32627  3.96647     78 n - - -
          2.68618  4.42225  2.77519  2.73123  3.46354  2.40513  3.72494  3.29354  2.67741  2.69355  4.24690  2.90347  2.73739  3.18146  2.89801  2.37887  2.77519  2.98518  4.58477  3.61503
          0.03373  3.80214  4.52449  0.61958  0.77255  0.48576  0.95510
     75   2.92901  4.76980  3.41279  2.94090  4.10658  3.42831  3.77848  3.64481  2.21664  3.17371  4.17737  3.30519  3.93580  3.00375  1.09171  3.01755  3.20075  3.37222  5.21916  4.05087     79 r - - -
          2.68618  4.42225  2.77519  2.73123  3.46354  2.40513  3.72494  3.29354  2.67741  2.69355  4.24690  2.90347  2.73739  3.18146  2.89801  2.37887  2.77519  2.98518  4.58477  3.61503
          0.03373  3.80214  4.52449  0.61958  0.77255  0.48576  0.95510
     76   2.97643  4.41701  4.23218  3.84674  3.32862  3.98758  4.58907  1.16969  3.67335  1.93116  3.27706  4.10201  4.42712  4.02996  3.87807  3.47751  3.27755  1.84927  5.20361  3.93461     80 i - - -
          2.68618  4.42225  2.77519  2.73123  3.46354  2.40513  3.72494  3.29354  2.67741  2.69355  4.24690  2.90347  2.73739  3.18146  2.89801  2.37887  2.77519  2.98518  4.58477  3.61503
          0.03373  3.80214  4.52449  0.61958  0.77255  0.48576  0.95510
     77   2.37797  4.22230  3.36858  3.11938  3.90954  3.06336  4.14168  3.02822  3.06093  2.89412  3.95065  3.33890  3.76221  3.45975  3.32197  2.57864  1.29711  2.73075  5.35367  4.12669     81 t - - -
          2.68618  4.42225  2.77519  2.73123  3.46354  2.40513  3.72494  3.29354  2.67741  2.69355  4.24690  2.90347  2.73739  3.18146  2.89801  2.37887  2.77519  2.98518  4.58477  3.61503
          0.03373  3.80214  4.52449  0.61958  0.77255  0.48576  0.95510
     78   2.91016  4.86767  3.08130  2.71818  4.23796  3.40539  3.72463  3.66321  1.13907  3.24459  4.21147  3.14516  3.91208  2.92134  2.42457  2.95774  3.16955  3.37554  5.32291  4.12614     82 k - - -
          2.68618  4.42225  2.77519  2.73123  3.46354  2.40513  3.72494  3.29354  2.67741  2.69355  4.24690  2.90347  2.73739  3.18146  2.89801  2.37887  2.77519  2.98518  4.58477  3.61503
          0.03373  3.80214  4.52449  0.61958  0.77255  0.48576  0.95510
     79   3.07787  4.56199  4.07562  3.71694  3.11185  3.89113  4.39479  2.31426  3.48530  0.96708  3.16004  3.99901  4.33981  3.87055  3.67217  3.45632  3.37603  2.33297  4.96383  3.67035     83 l - - -
          2.68618  4.42225  2.77519  2.73123  3.46354  2.40513  3.72494  3.29354  2.67741  2.69355  4.24690  2.90347  2.73739  3.18146  2.89801  2.37887  2.77519  2.98518  4.58477  3.61503
          0.03373  3.80214  4.52449  0.61958  0.77255  0.48576  0.95510
     80   2.58222  4.36266  3.24138  3.13285  4.27275  0.84642  4.25586  3.85670  3.30433  3.51938  4.49590  3.40611  3.75153  3.63437  3.54656  2.75243  3.05806  3.39878  5.38491  4.37286     84 g - - -
          2.68618  4.42225  2.77519  2.73123  3.46354  2.40513  3.72494  3.29354  2.67741  2.69355  4.24690  2.90347  2.73739  3.18146  2.89801  2.37887  2.77519  2.98518  4.58477  3.61503
          0.03373  3.80214  4.52449  0.61958  0.77255  0.48576  0.95510
     81   2.66369  4.43085  3.26360  3.09387  4.09200  3.12243  4.17582  3.62082  3.14541  3.25476  4.30282  3.40682  0.96944  3.53643  3.39753  2.82939  3.10013  3.27408  5.29638  4.21228     85 p - - -
          2.68618  4.42225  2.77519  2.73123  3.46354  2.40513  3.72494  3.29354  2.67741  2.69355  4.24690  2.90347  2.73739  3.18146  2.89801  2.37887  2.77519  2.98518  4.58477  3.61503
          0.03373  3.80214  4.52449  0.61958  0.77255  0.48576  0.95510
     82   2.28335  4.20187  3.14809  2.96231  4.00702  2.93318  4.07329  3.52089  3.03123  3.24724  4.18048  3.19730  3.66655  3.38650  3.31828  1.20234  2.75852  3.07150  5.38556  4.09057     86 s - - -
          2.68618  4.42225  2.77519  2.73123  3.46354  2.40513  3.72494  3.29354  2.67741  2.69355  4.24690  2.90347  2.73739  3.18146  2.89801  2.37887  2.77519  2.98518  4.58477  3.61503
          0.03373  3.80214  4.52449  0.61958  0.77255  0.48576  0.95510
     83   2.91016  4.86767  3.08130  2.71818  4.23796  3.40539  3.72463  3.66321  1.13907  3.24459  4.21147  3.14516  3.91208  2.92134  2.42457  2.95774  3.16955  3.37554  5.32291  4.12614     87 k - - -
          2.68618  4.42225  2.77519  2.73123  3.46354  2.40513  3.72494  3.29354  2.67741  2.69355  4.24690  2.90347  2.73739  3.18146  2.89801  2.37887  2.77519  2.98518  4.58477  3.61503
          0.03373  3.80214  4.52449  0.61958  0.77255  0.48576  0.95510
     84   2.66369  4.43085  3.26360  3.09387  4.09200  3.12243  4.17582  3.62082  3.14541  3.25476  4.30282  3.40682  0.96944  3.53643  3.39753  2.82939  3.10013  3.27408  5.29638  4.21228     88 p - - -
          2.68618  4.42225  2.77519  2.73123  3.46354  2.40513  3.72494  3.29354  2.67741  2.69355  4.24690  2.90347  2.73739  3.18146  2.89801  2.37887  2.77519  2.98518  4.58477  3.61503
          0.03373  3.80214  4.52449  0.61958  0.77255  0.48576  0.95510
     85   2.66785  4.65925  2.67470  2.55395  4.01198  3.13887  3.86899  3.70882  2.76770  3.36427  4.32126  1.28908  3.78809  3.14305  3.11872  2.73865  3.04827  3.33817  5.32627  3.96647     89 n - - -
          2.68618  4.42225  2.77519  2.73123  3.46354  2.40513  3.72494  3.29354  2.67741  2.69355  4.24690  2.90347  2.73739  3.18146  2.89801  2.37887  2.77519  2.98518  4.58477  3.61503
          0.03373  3.80214  4.52449  0.61958  0.77255  0.48576  0.95510
     86   3.17126  4.59440  4.14162  3.84419  1.13439  3.87460  3.85030  2.70528  3.75332  2.09248  3.44701  3.94087  4.33598  3.94121  3.89040  3.44388  3.47299  2.69049  4.12304  2.50002     90 f - - -
          2.68618  4.42225  2.77519  2.73123  3.46354  2.40513  3.72494  3.29354  2.67741  2.69355  4.24690  2.90347  2.73739  3.18146  2.89801  2.37887  2.77519  2.98518  4.58477  3.61503
          0.03373  3.80214  4.52449  0.61958  0.77255  0.48576  0.95510
     87   2.97643  4.41701  4.23218  3.84674  3.32862  3.98758  4.58907  1.16969  3.67335  1.93116  3.27706  4.10201  4.42712  4.02996  3.87807  3.47751  3.27755  1.84927  5.20361  3.93461     91 i - - -
          2.68618  4.42225  2.77519  2.73123  3.46354  2.40513  3.72494  3.29354  2.67741  2.69355  4.24690  2.90347  2.73739  3.18146  2.89801  2.37887  2.77519  2.98518  4.58477  3.61503
          0.03373  3.80214  4.52449  0.61958  0.77255  0.48576  0.95510
     88   2.97643  4.41701  4.23218  3.84674  3.32862  3.98758  4.58907  1.16969  3.67335  1.93116  3.27706  4.10201  4.42712  4.02996  3.87807  3.47751  3.27755  1.84927  5.20361  3.93461     92 i - - -
          2.68618  4.42225  2.77519  2.73123  3.46354  2.40513  3.72494  3.29354  2.67741  2.69355  4.24690  2.90347  2.73739  3.18146  2.89801  2.37887  2.77519  2.98518  4.58477  3.61503
          0.03373  3.80214  4.52449  0.61958  0.77255  0.48576  0.95510
     89   2.89497  4.98683  2.46342  1.12997  4.32476  3.23093  3.81396  3.76473  2.68582  3.39405  4.37304  2.89823  3.83274  3.03231  3.08593  2.88574  3.19930  3.45656  5.50980  4.23404     93 e - - -
          2.68618  4.42225  2.77519  2.73123  3.46354  2.40513  3.72494  3.29354  2.67741  2.69355  4.24690  2.90347  2.73739  3.18146  2.89801  2.37887  2.77519  2.98518  4.58477  3.61503
          0.03373  3.80214  4.52449  0.61958  0.77255  0.48576  0.95510
     90   2.91016  4.86767  3.08130  2.71818  4.23796  3.40539  3.72463  3.66321  1.13907  3.24459  4.21147  3.14516  3.91208  2.92134  2.42457  2.95774  3.16955  3.37554  5.32291  4.12614     94 k - - -
          2.68618  4.42225  2.77519  2.73123  3.46354  2.40513  3.72494  3.29354  2.67741  2.69355  4.24690  2.90347  2.73739  3.18146  2.89801  2.37887  2.77519  2.98518  4.58477  3.61503
          0.03373  3.80214  4.52449  0.61958  0.77255  0.48576  0.95510
     91   2.75294  4.31681  4.02639  3.68906  3.50055  3.64920  4.50350  2.06001  3.55567  2.20112  3.47820  3.88965  4.21486  3.92133  3.77461  3.14967  3.11700  1.11886  5.27248  3.99893     95 v - - -
          2.68618  4.42225  2.77519  2.73123  3.46354  2.40513  3.72494  3.29354  2.67741  2.69355  4.24690  2.90347  2.73739  3.18146  2.89801  2.37887  2.77519  2.98518  4.58477  3.61503
          0.03373  3.80214  4.52449  0.61958  0.77255  0.48576  0.95510
     92   1.12022  4.15998  3.39348  3.18346  3.98440  2.98598  4.21351  3.09964  3.19793  2.98423  4.02537  3.35014  3.71873  3.54602  3.45226  2.51166  2.78423  2.76638  5.41870  4.21147     96 a - - -
          2.68618  4.42225  2.77519  2.73123  3.46354  2.40513  3.72494  3.29354  2.67741  2.69355  4.24690  2.90347  2.73739  3.18146  2.89801  2.37887  2.77519  2.98518  4.58477  3.61503
          0.03373  3.80214  4.52449  0.61958  0.77255  0.48576  0.95510
     93   1.12022  4.15998  3.39348  3.18346  3.98440  2.98598  4.21351  3.09964  3.19793  2.98423  4.02537  3.35014  3.71873  3.54602  3.45226  2.51166  2.78423  2.76638  5.41870  4.21147     97 a - - -
          2.68618  4.42225  2.77519  2.73123  3.46354  2.40513  3.72494  3.29354  2.67741  2.69355  4.24690  2.90347  2.73739  3.18146  2.89801  2.37887  2.77519  2.98518  4.58477  3.61503
          0.03373  3.80214  4.52449  0.61958  0.77255  0.48576  0.95510
     94   3.14868  4.66615  3.73568  3.45340  2.30094  3.74918  3.59072  3.16799  3.31294  2.63970  3.85085  3.63907  4.22545  3.63590  3.51044  3.29185  3.43548  3.03545  3.94147  1.09136     98 y - - -
          2.68618  4.42225  2.77519  2.73123  3.46354  2.40513  3.72494  3.29354  2.67741  2.69355  4.24690  2.90347  2.73739  3.18146  2.89801  2.37887  2.77519  2.98518  4.58477  3.61503
          0.03373  3.80214  4.52449  0.61958  0.77255  0.48576  0.95510
     95   1.12022  4.15998  3.39348  3.18346  3.98440  2.98598  4.21351  3.09964  3.19793  2.98423  4.02537  3.35014  3.71873  3.54602  3.45226  2.51166  2.78423  2.76638  5.41870  4.21147     99 a - - -
          2.68618  4.42225  2.77519  2.73123  3.46354  2.40513  3.72494  3.29354  2.67741  2.69355  4.24690  2.90347  2.73739  3.18146  2.89801  2.37887  2.77519  2.98518  4.58477  3.61503
          0.03373  3.80214  4.52449  0.61958  0.77255  0.48576  0.95510
     96   1.12022  4.15998  3.39348  3.18346  3.98440  2.98598  4.21351  3.09964  3.19793  2.98423  4.02537  3.35014  3.71873  3.54602  3.45226  2.51166  2.78423  2.76638  5.41870  4.21147    100 a - - -
          2.68618  4.42225  2.77519  2.73123  3.46354  2.40513  3.72494  3.29354  2.67741  2.69355  4.24690  2.90347  2.73739  3.18146  2.89801  2.37887  2.77519  2.98518  4.58477  3.61503
          0.03373  3.80214  4.52449  0.61958  0.77255  0.48576  0.95510
     97   2.66369  4.43085  3.26360  3.09387  4.09200  3.12243  4.17582  3.62082  3.14541  3.25476  4.30282  3.40682  0.96944  3.53643  3.39753  2.82939  3.10013  3.27408  5.29638  4.21228    101 p - - -
          2.68618  4.42225  2.77519  2.73123  3.46354  2.40513  3.72494  3.29354  2.67741  2.69355  4.24690  2.90347  2.73739  3.18146  2.89801  2.37887  2.77519  2.98518  4.58477  3.61503
          0.03373  3.80214  4.52449  0.61958  0.77255  0.48576  0.95510
     98   2.58222  4.36266  3.24138  3.13285  4.27275  0.84642  4.25586  3.85670  3.30433  3.51938  4.49590  3.40611  3.75153  3.63437  3.54656  2.75243  3.05806  3.39878  5.38491  4.37286    102 g - - -
          2.68618  4.42225  2.77519  2.73123  3.46354  2.40513  3.72494  3.29354  2.67741  2.69355  4.24690  2.90347  2.73739  3.18146  2.89801  2.37887  2.77519  2.98518  4.58477  3.61503
          0.03373  3.80214  4.52449  0.61958  0.77255  0.48576  0.95510
     99   2.91676  5.02931  1.02448  2.29709  4.39762  3.15979  3.87350  3.97039  2.94505  3.59212  4.57037  2.84918  3.80785  3.11379  3.45026  2.88832  3.25446  3.61769  5.57979  4.28435    103 d - - -
          2.68618  4.42225  2.77519  2.73123  3.46354  2.40513  3.72494  3.29354  2.67741  2.69355  4.24690  2.90347  2.73739  3.18146  2.89801  2.37887  2.77519  2.98518  4.58477  3.61503
          0.03373  3.80214  4.52449  0.61958  0.77255  0.48576  0.95510
    100   3.14868  4.66615  3.73568  3.45340  2.30094  3.74918  3.59072  3.16799  3.31294  2.63970  3.85085  3.63907  4.22545  3.63590  3.51044  3.29185  3.43548  3.03545  3.94147  1.09136    104 y - - -
          2.68618  4.42225  2.77519  2.73123  3.46354  2.40513  3.72494  3.29354  2.67741  2.69355  4.24690  2.90347  2.73739  3.18146  2.89801  2.37887  2.77519  2.98518  4.58477  3.61503
          0.03373  3.80214  4.52449  0.61958  0.77255  0.48576  0.95510
    101   2.91016  4.86767  3.08130  2.71818  4.23796  3.40539  3.72463  3.66321  1.13907  3.24459  4.21147  3.14516  3.91208  2.92134  2.42457  2.95774  3.16955  3.37554  5.32291  4.12614    105 k - - -
          2.68618  4.42225  2.77519  2.73123  3.46354  2.40513  3.72494  3.29354  2.67741  2.69355  4.24690  2.90347  2.73739  3.18146  2.89801  2.37887  2.77519  2.98518  4.58477  3.61503
          0.03373  3.80214  4.52449  0.61958  0.77255  0.48576  0.95510
    102   2.75294  4.31681  4.02639  3.68906  3.50055  3.64920  4.50350  2.06001  3.55567  2.20112  3.47820  3.88965  4.21486  3.92133  3.77461  3.14967  3.11700  1.11886  5.27248  3.99893    106 v - - -
          2.68618  4.42225  2.77519  2.73123  3.46354  2.40513  3.72494  3.29354  2.67741  2.69355  4.24690  2.90347  2.73739  3.18146  2.89801  2.37887  2.77519  2.98518  4.58477  3.61503
          0.03373  3.80214  4.52449  0.61958  0.77255  0.48576  0.95510
    103   2.75294  4.31681  4.02639  3.68906  3.50055  3.64920  4.50350  2.06001  3.55567  2.20112  3.47820  3.88965  4.21486  3.92133  3.77461  3.14967  3.11700  1.11886  5.27248  3.99893    107 v - - -
          2.68618  4.42225  2.77519  2.73123  3.46354  2.40513  3.72494  3.29354  2.67741  2.69355  4.24690  2.90347  2.73739  3.18146  2.89801  2.37887  2.77519  2.98518  4.58477  3.61503
          0.03373  3.80214  4.52449  0.61958  0.77255  0.48576  0.95510
    104   3.07787  4.56199  4.07562  3.71694  3.11185  3.89113  4.39479  2.31426  3.48530  0.96708  3.16004  3.99901  4.33981  3.87055  3.67217  3.45632  3.37603  2.33297  4.96383  3.67035    108 l - - -
          2.68618  4.42225  2.77519  2.73123  3.46354  2.40513  3.72494  3.29354  2.67741  2.69355  4.24690  2.90347  2.73739  3.18146  2.89801  2.37887  2.77519  2.98518  4.58477  3.61503
          0.03373  3.80214  4.52449  0.61958  0.77255  0.48576  0.95510
    105   2.66785  4.65925  2.67470  2.55395  4.01198  3.13887  3.86899  3.70882  2.76770  3.36427  4.32126  1.28908  3.78809  3.14305  3.11872  2.73865  3.04827  3.33817  5.32627  3.96647    109 n - - -
          2.68618  4.42225  2.77519  2.73123  3.46354  2.40513  3.72494  3.29354  2.67741  2.69355  4.24690  2.90347  2.73739  3.18146  2.89801  2.37887  2.77519  2.98518  4.58477  3.61503
          0.03373  3.80214  4.52449  0.61958  0.77255  0.48576  0.95510
    106   2.91676  5.02931  1.02448  2.29709  4.39762  3.15979  3.87350  3.97039  2.94505  3.59212  4.57037  2.84918  3.80785  3.11379  3.45026  2.88832  3.25446  3.61769  5.57979  4.28435    110 d - - -
          2.68618  4.42225  2.77519  2.73123  3.46354  2.40513  3.72494  3.29354  2.67741  2.69355  4.24690  2.90347  2.73739  3.18146  2.89801  2.37887  2.77519  2.98518  4.58477  3.61503
          0.03373  3.80214  4.52449  0.61958  0.77255  0.48576  0.95510
    107   3.17126  4.59440  4.14162  3.84419  1.13439  3.87460  3.85030  2.70528  3.75332  2.09248  3.44701  3.94087  4.33598  3.94121  3.89040  3.44388  3.47299  2.69049  4.12304  2.50002    111 f - - -
          2.68618  4.42225  2.77519  2.73123  3.46354  2.40513  3.72494  3.29354  2.67741  2.69355  4.24690  2.90347  2.73739  3.18146  2.89801  2.37887  2.77519  2.98518  4.58477  3.61503
          0.03373  3.80214  4.52449  0.61958  0.77255  0.48576  0.95510
    108   2.91016  4.86767  3.08130  2.71818  4.23796  3.40539  3.72463  3.66321  1.13907  3.24459  4.21147  3.14516  3.91208  2.92134  2.42457  2.95774  3.16955  3.37554  5.32291  4.12614    112 k - - -
          2.68618  4.42225  2.77519  2.73123  3.46354  2.40513  3.72494  3.29354  2.67741  2.69355  4.24690  2.90347  2.73739  3.18146  2.89801  2.37887  2.77519  2.98518  4.58477  3.61503
          0.03373  3.80214  4.52449  0.61958  0.77255  0.48576  0.95510
    109   2.37797  4.22230  3.36858  3.11938  3.90954  3.06336  4.14168  3.02822  3.06093  2.89412  3.95065  3.33890  3.76221  3.45975  3.32197  2.57864  1.29711  2.73075  5.35367  4.12669    113 t - - -
          2.68618  4.42225  2.77519  2.73123  3.46354  2.40513  3.72494  3.29354  2.67741  2.69355  4.24690  2.90347  2.73739  3.18146  2.89801  2.37887  2.77519  2.98518  4.58477  3.61503
          0.03373  3.80214  4.52449  0.61958  0.77255  0.48576  0.95510
    110   2.58222  4.36266  3.24138  3.13285  4.27275  0.84642  4.25586  3.85670  3.30433  3.51938  4.49590  3.40611  3.75153  3.63437  3.54656  2.75243  3.05806  3.39878  5.38491  4.37286    114 g - - -
          2.68618  4.42225  2.77519  2.73123  3.46354  2.40513  3.72494  3.29354  2.67741  2.69355  4.24690  2.90347  2.73739  3.18146  2.89801  2.37887  2.77519  2.98518  4.58477  3.61503
          0.03373  3.80214  4.52449  0.61958  0.77255  0.48576  0.95510
    111   2.97643  4.41701  4.23218  3.84674  3.32862  3.98758  4.58907  1.16969  3.67335  1.93116  3.27706  4.10201  4.42712  4.02996  3.87807  3.47751  3.27755  1.84927  5.20361  3.93461    115 i - - -
          2.68618  4.42225  2.77519  2.73123  3.46354  2.40513  3.72494  3.29354  2.67741  2.69355  4.24690  2.90347  2.73739  3.18146  2.89801  2.37887  2.77519  2.98518  4.58477  3.61503
          0.03373  3.80214  4.52449  0.61958  0.77255  0.48576  0.95510
    112   2.82839  4.80868  2.86014  2.61572  3.96733  3.32141  3.77274  3.58901  2.44192  3.09820  4.12996  3.07410  3.87508  1.36483  2.72669  2.88002  3.12633  3.32366  5.25285  3.94247    116 q - - -
          2.68618  4.42225  2.77519  2.73123  3.46354  2.40513  3.72494  3.29354  2.67741  2.69355  4.24690  2.90347  2.73739  3.18146  2.89801  2.37887  2.77519  2.98518  4.58477  3.61503
          0.03373  3.80214  4.52449  0.61958  0.77255  0.48576  0.95510
    113   2.75294  4.31681  4.02639  3.68906  3.50055  3.64920  4.50350  2.06001  3.55567  2.20112  3.47820  3.88965  4.21486  3.92133  3.77461  3.14967  3.11700  1.11886  5.27248  3.99893    117 v - - -
          2.68618  4.42225  2.77519  2.73123  3.46354  2.40513  3.72494  3.29354  2.67741  2.69355  4.24690  2.90347  2.73739  3.18146  2.89801  2.37887  2.77519  2.98518  4.58477  3.61503
          0.03373  3.80214  4.52449  0.61958  0.77255  0.48576  0.95510
    114   2.75294  4.31681  4.02639  3.68906  3.50055  3.64920  4.50350  2.06001  3.55567  2.20112  3.47820  3.88965  4.21486  3.92133  3.77461  3.14967  3.11700  1.11886  5.27248  3.99893    118 v - - -
          2.68618  4.42225  2.77519  2.73123  3.46354  2.40513  3.72494  3.29354  2.67741  2.69355  4.24690  2.90347  2.73739  3.18146  2.89801  2.37887  2.77519  2.98518  4.58477  3.61503
          0.03373  3.80214  4.52449  0.61958  0.77255  0.48576  0.95510
    115   2.91676  5.02931  1.02448  2.29709  4.39762  3.15979  3.87350  3.97039  2.94505  3.59212  4.57037  2.84918  3.80785  3.11379  3.45026  2.88832  3.25446  3.61769  5.57979  4.28435    119 d - - -
          2.68618  4.42225  2.77519  2.73123  3.46354  2.40513  3.72494  3.29354  2.67741  2.69355  4.24690  2.90347  2.73739  3.18146  2.89801  2.37887  2.77519  2.98518  4.58477  3.61503
          0.03373  3.80214  4.52449  0.61958  0.77255  0.48576  0.95510
    116   2.89497  4.98683  2.46342  1.12997  4.32476  3.23093  3.81396  3.76473  2.68582  3.39405  4.37304  2.89823  3.83274  3.03231  3.08593  2.88574  3.19930  3.45656  5.50980  4.23404    120 e - - -
          2.68618  4.42225  2.77519  2.73123  3.46354  2.40513  3.72494  3.29354  2.67741  2.69355  4.24690  2.90347  2.73739  3.18146  2.89801  2.37887  2.77519  2.98518  4.58477  3.61503
          0.03373  3.80214  4.52449  0.61958  0.77255  0.48576  0.95510
    117   2.58222  4.36266  3.24138  3.13285  4.27275  0.84642  4.25586  3.85670  3.30433  3.51938  4.49590  3.40611  3.75153  3.63437  3.54656  2.75243  3.05806  3.39878  5.38491  4.37286    121 g - - -
          2.68618  4.42225  2.77519  2.73123  3.46354  2.40513  3.72494  3.29354  2.67741  2.69355  4.24690  2.90347  2.73739  3.18146  2.89801  2.37887  2.77519  2.98518  4.58477  3.61503
          0.03373  3.80214  4.52449  0.61958  0.77255  0.48576  0.95510
    118   2.28335  4.20187  3.14809  2.96231  4.00702  2.93318  4.07329  3.52089  3.03123  3.24724  4.18048  3.19730  3.66655  3.38650  3.31828  1.20234  2.75852  3.07150  5.38556  4.09057    122 s - - -
          2.68618  4.42225  2.77519  2.73123  3.46354  2.40513  3.72494  3.29354  2.67741  2.69355  4.24690  2.90347  2.73739  3.18146  2.89801  2.37887  2.77519  2.98518  4.58477  3.61503
          0.03373  3.80214  4.52449  0.61958  0.77255  0.48576  0.95510
    119   3.14868  4.66615  3.73568  3.45340  2.30094  3.74918  3.59072  3.16799  3.31294  2.63970  3.85085  3.63907  4.22545  3.63590  3.51044  3.29185  3.43548  3.03545  3.94147  1.09136    123 y - - -
          2.68618  4.42225  2.77519  2.73123  3.46354  2.40513  3.72494  3.29354  2.67741  2.69355  4.24690  2.90347  2.73739  3.18146  2.89801  2.37887  2.77519  2.98518  4.58477  3.61503
          0.03373  3.80214  4.52449  0.61958  0.77255  0.48576  0.95510
    120   1.12022  4.15998  3.39348  3.18346  3.98440  2.98598  4.21351  3.09964  3.19793  2.98423  4.02537  3.35014  3.71873  3.54602  3.45226  2.51166  2.78423  2.76638  5.41870  4.21147    124 a - - -
          2.68618  4.42225  2.77519  2.73123  3.46354  2.40513  3.72494  3.29354  2.67741  2.69355  4.24690  2.90347  2.73739  3.18146  2.89801  2.37887  2.77519  2.98518  4.58477  3.61503
          0.03373  3.80214  4.52449  0.61958  0.77255  0.48576  0.95510
    121   2.92315  4.75033  3.06197  2.81646  3.23915  3.39125  1.30002  3.61494  2.66163  3.11714  4.15592  3.22799  3.94078  3.18226  2.93075  2.99496  3.22481  3.35158  4.70489  3.19234    125 h - - -
          2.68618  4.42225  2.77519  2.73123  3.46354  2.40513  3.72494  3.29354  2.67741  2.69355  4.24690  2.90347  2.73739  3.18146  2.89801  2.37887  2.77519  2.98518  4.58477  3.61503
          0.03373  3.80214  4.52449  0.61958  0.77255  0.48576  0.95510
    122   2.92901  4.76980  3.41279  2.94090  4.10658  3.42831  3.77848  3.64481  2.21664  3.17371  4.17737  3.30519  3.93580  3.00375  1.09171  3.01755  3.20075  3.37222  5.21916  4.05087    126 r - - -
          2.68618  4.42225  2.77519  2.73123  3.46354  2.40513  3.72494  3.29354  2.67741  2.69355  4.24690  2.90347  2.73739  3.18146  2.89801  2.37887  2.77519  2.98518  4.58477  3.61503
          0.03373  3.80214  4.52449  0.61958  0.77255  0.48576  0.95510
    123   1.12022  4.15998  3.39348  3.18346  3.98440  2.98598  4.21351  3.09964  3.19793  2.98423  4.02537  3.35014  3.71873  3.54602  3.45226  2.51166  2.78423  2.76638  5.41870  4.21147    127 a - - -
          2.68618  4.42225  2.77519  2.73123  3.46354  2.40513  3.72494  3.29354  2.67741  2.69355  4.24690  2.90347  2.73739  3.18146  2.89801  2.37887  2.77519  2.98518  4.58477  3.61503
          0.03373  3.80214  4.52449  0.61958  0.77255  0.48576  0.95510
    124   1.12022  4.15998  3.39348  3.18346  3.98440  2.98598  4.21351  3.09964  3.19793  2.98423  4.02537  3.35014  3.71873  3.54602  3.45226  2.51166  2.78423  2.76638  5.41870  4.21147    128 a - - -
          2.68618  4.42225  2.77519  2.73123  3.46354  2.40513  3.72494  3.29354  2.67741  2.69355  4.24690  2.90347  2.73739  3.18146  2.89801  2.37887  2.77519  2.98518  4.58477  3.61503
          0.03373  3.80214  4.52449  0.61958  0.77255  0.48576  0.95510
    125   1.54915  4.13993  3.61989  3.25440  3.76202  3.15369  4.19951  2.57553  3.18559  2.61820  3.69614  3.43318  3.82183  3.52107  3.46376  2.58905  2.76848  1.99729  5.32966  4.09493    129 a - - -
          2.68618  4.42225  2.77519  2.73123  3.46354  2.40513  3.72494  3.29354  2.67741  2.69355  4.24690  2.90347  2.73739  3.18146  2.89801  2.37887  2.77519  2.98518  4.58477  3.61503
          0.03373  3.80214  4.52449  0.61958  0.77255  0.48576  0.95510
    126   2.58222  4.36266  3.24138  3.13285  4.27275  0.84642  4.25586  3.85670  3.30433  3.51938  4.49590  3.40611  3.75153  3.63437  3.54656  2.75243  3.05806  3.39878  5.38491  4.37286    130 g - - -
          2.68618  4.42225  2.77519  2.73123  3.46354  2.40513  3.72494  3.29354  2.67741  2.69355  4.24690  2.90347  2.73739  3.18146  2.89801  2.37887  2.77519  2.98518  4.58477  3.61503
          0.03373  3.80214  4.52449  0.61958  0.77255  0.48576  0.95510
    127   2.97643  4.41701  4.23218  3.84674  3.32862  3.98758  4.58907  1.16969  3.67335  1.93116  3.27706  4.10201  4.42712  4.02996  3.87807  3.47751  3.27755  1.84927  5.20361  3.93461    131 i - - -
          2.68618  4.42225  2.77519  2.73123  3.46354  2.40513  3.72494  3.29354  2.67741  2.69355  4.24690  2.90347  2.73739  3.18146  2.89801  2.37887  2.77519  2.98518  4.58477  3.61503
          0.03373  3.80214  4.52449  0.61958  0.77255  0.48576  0.95510
    128   2.66346  4.38170  3.50891  3.09568  3.37419  3.48996  4.00665  2.62306  2.94912  1.51277  3.39995  3.43981  2.89605  3.35093  3.23056  2.89981  2.97329  2.50180  4.99768  3.71828    132 l - - -
          2.68618  4.42225  2.77519  2.73123  3.46354  2.40513  3.72494  3.29354  2.67741  2.69355  4.24690  2.90347  2.73739  3.18146  2.89801  2.37887  2.77519  2.98518  4.58477  3.61503
          0.03373  3.80214  4.52449  0.61958  0.77255  0.48576  0.95510
    129   3.14868  4.66615  3.73568  3.45340  2.30094  3.74918  3.59072  3.16799  3.31294  2.63970  3.85085  3.63907  4.22545  3.63590  3.51044  3.29185  3.43548  3.03545  3.94147  1.09136    133 y - - -
          2.68618  4.42225  2.77519  2.73123  3.46354  2.40513  3.72494  3.29354  2.67741  2.69355  4.24690  2.90347  2.73739  3.18146  2.89801  2.37887  2.77519  2.98518  4.58477  3.61503
          0.03373  3.80214  4.52449  0.61958  0.77255  0.48576  0.95510
    130   2.66369  4.43085  3.26360  3.09387  4.09200  3.12243  4.17582  3.62082  3.14541  3.25476  4.30282  3.40682  0.96944  3.53643  3.39753  2.82939  3.10013  3.27408  5.29638  4.21228    134 p - - -
          2.68618  4.42225  2.77519  2.73123  3.46354  2.40513  3.72494  3.29354  2.67741  2.69355  4.24690  2.90347  2.73739  3.18146  2.89801  2.37887  2.77519  2.98518  4.58477  3.61503
          0.03373  3.80214  4.52449  0.61958  0.77255  0.48576  0.95510
    131   2.66369  4.43085  3.26360  3.09387  4.09200  3.12243  4.17582  3.62082  3.14541  3.25476  4.30282  3.40682  0.96944  3.53643  3.39753  2.82939  3.10013  3.27408  5.29638  4.21228    135 p - - -
          2.68618  4.42225  2.77519  2.73123  3.46354  2.40513  3.72494  3.29354  2.67741  2.69355  4.24690  2.90347  2.73739  3.18146  2.89801  2.37887  2.77519  2.98518  4.58477  3.61503
          0.03373  3.80214  4.52449  0.61958  0.77255  0.48576  0.95510
    132   1.12022  4.15998  3.39348  3.18346  3.98440  2.98598  4.21351  3.09964  3.19793  2.98423  4.02537  3.35014  3.71873  3.54602  3.45226  2.51166  2.78423  2.76638  5.41870  4.21147    136 a - - -
          2.68618  4.42225  2.77519  2.73123  3.46354  2.40513  3.72494  3.29354  2.67741  2.69355  4.24690  2.90347  2.73739  3.18146  2.89801  2.37887  2.77519  2.98518  4.58477  3.61503
          0.03373  3.80214  4.52449  0.61958  0.77255  0.48576  0.95510
    133   1.12022  4.15998  3.39348  3.18346  3.98440  2.98598  4.21351  3.09964  3.19793  2.98423  4.02537  3.35014  3.71873  3.54602  3.45226  2.51166  2.78423  2.76638  5.41870  4.21147    137 a - - -
          2.68618  4.42225  2.77519  2.73123  3.46354  2.40513  3.72494  3.29354  2.67741  2.69355  4.24690  2.90347  2.73739  3.18146  2.89801  2.37887  2.77519  2.98518  4.58477  3.61503
          0.03373  3.80214  4.52449  0.61958  0.77255  0.48576  0.95510
    134   2.82839  4.80868  2.86014  2.61572  3.96733  3.32141  3.77274  3.58901  2.44192  3.09820  4.12996  3.07410  3.87508  1.36483  2.72669  2.88002  3.12633  3.32366  5.25285  3.94247    138 q - - -
          2.68618  4.42225  2.77519  2.73123  3.46354  2.40513  3.72494  3.29354  2.67741  2.69355  4.24690  2.90347  2.73739  3.18146  2.89801  2.37887  2.77519  2.98518  4.58477  3.61503
          0.03373  3.80214  4.52449  0.61958  0.77255  0.48576  0.95510
    135   3.00522  4.41249  4.39971  3.87186  3.19814  4.19057  4.57615  1.42740  3.70586  1.68520  2.53077  4.15899  4.49427  3.98116  3.91708  3.54233  3.25528  1.88549  5.14232  3.96403    139 i - - -
          2.68618  4.42225  2.77519  2.73123  3.46354  2.40513  3.72494  3.29354  2.67741  2.69355  4.24690  2.90347  2.73739  3.18146  2.89801  2.37887  2.77519  2.98518  4.58477  3.61503
          0.03373  3.80214  4.52449  0.61958  0.77255  0.48576  0.95510
    136   3.17126  4.59440  4.14162  3.84419  1.13439  3.87460  3.85030  2.70528  3.75332  2.09248  3.44701  3.94087  4.33598  3.94121  3.89040  3.44388  3.47299  2.69049  4.12304  2.50002    140 f - - -
          2.68618  4.42225  2.77519  2.73123  3.46354  2.40513  3.72494  3.29354  2.67741  2.69355  4.24690  2.90347  2.73739  3.18146  2.89801  2.37887  2.77519  2.98518  4.58477  3.61503
          0.03373  3.80214  4.52449  0.61958  0.77255  0.48576  0.95510
    137   3.14868  4.66615  3.73568  3.45340  2.30094  3.74918  3.59072  3.16799  3.31294  2.63970  3.85085  3.63907  4.22545  3.63590  3.51044  3.29185  3.43548  3.03545  3.94147  1.09136    141 y - - -
          2.68618  4.42225  2.77519  2.73123  3.46354  2.40513  3.72494  3.29354  2.67741  2.69355  4.24690  2.90347  2.73739  3.18146  2.89801  2.37887  2.77519  2.98518  4.58477  3.61503
          0.03373  3.80214  4.52449  0.61958  0.77255  0.48576  0.95510
    138   2.58222  4.36266  3.24138  3.13285  4.27275  0.84642  4.25586  3.85670  3.30433  3.51938  4.49590  3.40611  3.75153  3.63437  3.54656  2.75243  3.05806  3.39878  5.38491  4.37286    142 g - - -
          2.68618  4.42225  2.77519  2.73123  3.46354  2.40513  3.72494  3.29354  2.67741  2.69355  4.24690  2.90347  2.73739  3.18146  2.89801  2.37887  2.77519  2.98518  4.58477  3.61503
          0.03373  3.80214  4.52449  0.61958  0.77255  0.48576  0.95510
    139   2.97643  4.41701  4.23218  3.84674  3.32862  3.98758  4.58907  1.16969  3.67335  1.93116  3.27706  4.10201  4.42712  4.02996  3.87807  3.47751  3.27755  1.84927  5.20361  3.93461    143 i - - -
          2.68618  4.42225  2.77519  2.73123  3.46354  2.40513  3.72494  3.29354  2.67741  2.69355  4.24690  2.90347  2.73739  3.18146  2.89801  2.37887  2.77519  2.98518  4.58477  3.61503
          0.03373  3.80214  4.52449  0.61958  0.77255  0.48576  0.95510
    140   2.28335  4.20187  3.14809  2.96231  4.00702  2.93318  4.07329  3.52089  3.03123  3.24724  4.18048  3.19730  3.66655  3.38650  3.31828  1.20234  2.75852  3.07150  5.38556  4.09057    144 s - - -
          2.68618  4.42225  2.77519  2.73123  3.46354  2.40513  3.72494  3.29354  2.67741  2.69355  4.24690  2.90347  2.73739  3.18146  2.89801  2.37887  2.77519  2.98518  4.58477  3.61503
          0.03373  3.80214  4.52449  0.61958  0.77255  0.48576  0.95510
    141   1.12022  4.15998  3.39348  3.18346  3.98440  2.98598  4.21351  3.09964  3.19793  2.98423  4.02537  3.35014  3.71873  3.54602  3.45226  2.51166  2.78423  2.76638  5.41870  4.21147    145 a - - -
          2.68618  4.42225  2.77519  2.73123  3.46354  2.40513  3.72494  3.29354  2.67741  2.69355  4.24690  2.90347  2.73739  3.18146  2.89801  2.37887  2.77519  2.98518  4.58477  3.61503
          0.03373  3.80214  4.52449  0.61958  0.77255  0.48576  0.95510
    142   2.37797  4.22230  3.36858  3.11938  3.90954  3.06336  4.14168  3.02822  3.06093  2.89412  3.95065  3.33890  3.76221  3.45975  3.32197  2.57864  1.29711  2.73075  5.35367  4.12669    146 t - - -
          2.68618  4.42225  2.77519  2.73123  3.46354  2.40513  3.72494  3.29354  2.67741  2.69355  4.24690  2.90347  2.73739  3.18146  2.89801  2.37887  2.77519  2.98518  4.58477  3.61503
          0.03373  3.80214  4.52449  0.61958  0.77255  0.48576  0.95510
    143   2.58222  4.36266  3.24138  3.13285  4.27275  0.84642  4.25586  3.85670  3.30433  3.51938  4.49590  3.40611  3.75153  3.63437  3.54656  2.75243  3.05806  3.39878  5.38491  4.37286    147 g - - -
          2.68618  4.42225  2.77519  2.73123  3.46354  2.40513  3.72494  3.29354  2.67741  2.69355  4.24690  2.90347  2.73739  3.18146  2.89801  2.37887  2.77519  2.98518  4.58477  3.61503
          0.03373  3.80214  4.52449  0.61958  0.77255  0.48576  0.95510
    144   2.37797  4.22230  3.36858  3.11938  3.90954  3.06336  4.14168  3.02822  3.06093  2.89412  3.95065  3.33890  3.76221  3.45975  3.32197  2.57864  1.29711  2.73075  5.35367  4.12669    148 t - - -
          2.68618  4.42225  2.77519  2.73123  3.46354  2.40513  3.72494  3.29354  2.67741  2.69355  4.24690  2.90347  2.73739  3.18146  2.89801  2.37887  2.77519  2.98518  4.58477  3.61503
          0.03373  3.80214  4.52449  0.61958  0.77255  0.48576  0.95510
    145   3.07787  4.56199  4.07562  3.71694  3.11185  3.89113  4.39479  2.31426  3.48530  0.96708  3.16004  3.99901  4.33981  3.87055  3.67217  3.45632  3.37603  2.33297  4.96383  3.67035    149 l - - -
          2.68618  4.42225  2.77519  2.73123  3.46354  2.40513  3.72494  3.29354  2.67741  2.69355  4.24690  2.90347  2.73739  3.18146  2.89801  2.37887  2.77519  2.98518  4.58477  3.61503
          0.03373  3.80214  4.52449  0.61958  0.77255  0.48576  0.95510
    146   2.66785  4.65925  2.67470  2.55395  4.01198  3.13887  3.86899  3.70882  2.76770  3.36427  4.32126  1.28908  3.78809  3.14305  3.11872  2.73865  3.04827  3.33817  5.32627  3.96647    150 n - - -
          2.68618  4.42225  2.77519  2.73123  3.46354  2.40513  3.72494  3.29354  2.67741  2.69355  4.24690  2.90347  2.73739  3.18146  2.89801  2.37887  2.77519  2.98518  4.58477  3.61503
          0.03373  3.80214  4.52449  0.61958  0.77255  0.48576  0.95510
    147   2.37797  4.22230  3.36858  3.11938  3.90954  3.06336  4.14168  3.02822  3.06093  2.89412  3.95065  3.33890  3.76221  3.45975  3.32197  2.57864  1.29711  2.73075  5.35367  4.12669    151 t - - -
          2.68618  4.42225  2.77519  2.73123  3.46354  2.40513  3.72494  3.29354  2.67741  2.69355  4.24690  2.90347  2.73739  3.18146  2.89801  2.37887  2.77519  2.98518  4.58477  3.61503
          0.03373  3.80214  4.52449  0.61958  0.77255  0.48576  0.95510
    148   2.97643  4.41701  4.23218  3.84674  3.32862  3.98758  4.58907  1.16969  3.67335  1.93116  3.27706  4.10201  4.42712  4.02996  3.87807  3.47751  3.27755  1.84927  5.20361  3.93461    152 i - - -
          2.68618  4.42225  2.77519  2.73123  3.46354  2.40513  3.72494  3.29354  2.67741  2.69355  4.24690  2.90347  2.73739  3.18146  2.89801  2.37887  2.77519  2.98518  4.58477  3.61503
          0.03373  3.80214  4.52449  0.61958  0.77255  0.48576  0.95510
    149   2.37797  4.22230  3.36858  3.11938  3.90954  3.06336  4.14168  3.02822  3.06093  2.89412  3.95065  3.33890  3.76221  3.45975  3.32197  2.57864  1.29711  2.73075  5.35367  4.12669    153 t - - -
          2.68618  4.42225  2.77519  2.73123  3.46354  2.40513  3.72494  3.29354  2.67741  2.69355  4.24690  2.90347  2.73739  3.18146  2.89801  2.37887  2.77519  2.98518  4.58477  3.61503
          0.03373  3.80214  4.52449  0.61958  0.77255  0.48576  0.95510
    150   2.37797  4.22230  3.36858  3.11938  3.90954  3.06336  4.14168  3.02822  3.06093  2.89412  3.95065  3.33890  3.76221  3.45975  3.32197  2.57864  1.29711  2.73075  5.35367  4.12669    154 t - - -
          2.68618  4.42225  2.77519  2.73123  3.46354  2.40513  3.72494  3.29354  2.67741  2.69355  4.24690  2.90347  2.73739  3.18146  2.89801  2.37887  2.77519  2.98518  4.58477  3.61503
          0.03373  3.80214  4.52449  0.61958  0.77255  0.48576  0.95510
    151   2.37797  4.22230  3.36858  3.11938  3.90954  3.06336  4.14168  3.02822  3.06093  2.89412  3.95065  3.33890  3.76221  3.45975  3.32197  2.57864  1.29711  2.73075  5.35367  4.12669    155 t - - -
          2.68618  4.42225  2.77519  2.73123  3.46354  2.40513  3.72494  3.29354  2.67741  2.69355  4.24690  2.90347  2.73739  3.18146  2.89801  2.37887  2.77519  2.98518  4.58477  3.61503
          0.03373  3.80214  4.52449  0.61958  0.77255  0.48576  0.95510
    152   1.12022  4.15998  3.39348  3.18346  3.98440  2.98598  4.21351  3.09964  3.19793  2.98423  4.02537  3.35014  3.71873  3.54602  3.45226  2.51166  2.78423  2.76638  5.41870  4.21147    156 a - - -
          2.68618  4.42225  2.77519  2.73123  3.46354  2.40513  3.72494  3.29354  2.67741  2.69355  4.24690  2.90347  2.73739  3.18146  2.89801  2.37887  2.77519  2.98518  4.58477  3.61503
          0.03373  3.80214  4.52449  0.61958  0.77255  0.48576  0.95510
    153   2.91016  4.86767  3.08130  2.71818  4.23796  3.40539  3.72463  3.66321  1.13907  3.24459  4.21147  3.14516  3.91208  2.92134  2.42457  2.95774  3.16955  3.37554  5.32291  4.12614    157 k - - -
          2.68618  4.42225  2.77519  2.73123  3.46354  2.40513  3.72494  3.29354  2.67741  2.69355  4.24690  2.90347  2.73739  3.18146  2.89801  2.37887  2.77519  2.98518  4.58477  3.61503
          0.03373  3.80214  4.52449  0.61958  0.77255  0.48576  0.95510
    154   2.91676  5.02931  1.02448  2.29709  4.39762  3.15979  3.87350  3.97039  2.94505  3.59212  4.57037  2.84918  3.80785  3.11379  3.45026  2.88832  3.25446  3.61769  5.57979  4.28435    158 d - - -
          2.68618  4.42225  2.77519  2.73123  3.46354  2.40513  3.72494  3.29354  2.67741  2.69355  4.24690  2.90347  2.73739  3.18146  2.89801  2.37887  2.77519  2.98518  4.58477  3.61503
          0.03373  3.80214  4.52449  0.61958  0.77255  0.48576  0.95510
    155   2.66369  4.43085  3.26360  3.09387  4.09200  3.12243  4.17582  3.62082  3.14541  3.25476  4.30282  3.40682  0.96944  3.53643  3.39753  2.82939  3.10013  3.27408  5.29638  4.21228    159 p - - -
          2.68618  4.42225  2.77519  2.73123  3.46354  2.40513  3.72494  3.29354  2.67741  2.69355  4.24690  2.90347  2.73739  3.18146  2.89801  2.37887  2.77519  2.98518  4.58477  3.61503
          0.03373  3.80214  4.52449  0.61958  0.77255  0.48576  0.95510
    156   2.75294  4.31681  4.02639  3.68906  3.50055  3.64920  4.50350  2.06001  3.55567  2.20112  3.47820  3.88965  4.21486  3.92133  3.77461  3.14967  3.11700  1.11886  5.27248  3.99893    160 v - - -
          2.68618  4.42225  2.77519  2.73123  3.46354  2.40513  3.72494  3.29354  2.67741  2.69355  4.24690  2.90347  2.73739  3.18146  2.89801  2.37887  2.77519  2.98518  4.58477  3.61503
          0.03373  3.80214  4.52449  0.61958  0.77255  0.48576  0.95510
    157   2.66369  4.43085  3.26360  3.09387  4.09200  3.12243  4.17582  3.62082  3.14541  3.25476  4.30282  3.40682  0.96944  3.53643  3.39753  2.82939  3.10013  3.27408  5.29638  4.21228    161 p - - -
          2.68618  4.42225  2.77519  2.73123  3.46354  2.40513  3.72494  3.29354  2.67741  2.69355  4.24690  2.90347  2.73739  3.18146  2.89801  2.37887  2.77519  2.98518  4.58477  3.61503
          0.03373  3.80214  4.52449  0.61958  0.77255  0.48576  0.95510
    158   2.75294  4.31681  4.02639  3.68906  3.50055  3.64920  4.50350  2.06001  3.55567  2.20112  3.47820  3.88965  4.21486  3.92133  3.77461  3.14967  3.11700  1.11886  5.27248  3.99893    162 v - - -
          2.68618  4.42225  2.77519  2.73123  3.46354  2.40513  3.72494  3.29354  2.67741  2.69355  4.24690  2.90347  2.73739  3.18146  2.89801  2.37887  2.77519  2.98518  4.58477  3.61503
          0.03373  3.80214  4.52449  0.61958  0.77255  0.48576  0.95510
    159   2.75294  4.31681  4.02639  3.68906  3.50055  3.64920  4.50350  2.06001  3.55567  2.20112  3.47820  3.88965  4.21486  3.92133  3.77461  3.14967  3.11700  1.11886  5.27248  3.99893    163 v - - -
          2.68618  4.42225  2.77519  2.73123  3.46354  2.40513  3.72494  3.29354  2.67741  2.69355  4.24690  2.90347  2.73739  3.18146  2.89801  2.37887  2.77519  2.98518  4.58477  3.61503
          0.03373  3.80214  4.52449  0.61958  0.77255  0.48576  0.95510
    160   2.92901  4.76980  3.41279  2.94090  4.10658  3.42831  3.77848  3.64481  2.21664  3.17371  4.17737  3.30519  3.93580  3.00375  1.09171  3.01755  3.20075  3.37222  5.21916  4.05087    164 r - - -
          2.68618  4.42225  2.77519  2.73123  3.46354  2.40513  3.72494  3.29354  2.67741  2.69355  4.24690  2.90347  2.73739  3.18146  2.89801  2.37887  2.77519  2.98518  4.58477  3.61503
          0.03373  3.80214  4.52449  0.61958  0.77255  0.48576  0.95510
    161   1.12022  4.15998  3.39348  3.18346  3.98440  2.98598  4.21351  3.09964  3.19793  2.98423  4.02537  3.35014  3.71873  3.54602  3.45226  2.51166  2.78423  2.76638  5.41870  4.21147    165 a - - -
          2.68618  4.42225  2.77519  2.73123  3.46354  2.40513  3.72494  3.29354  2.67741  2.69355  4.24690  2.90347  2.73739  3.18146  2.89801  2.37887  2.77519  2.98518  4.58477  3.61503
          0.03373  3.80214  4.52449  0.61958  0.77255  0.48576  0.95510
    162   3.07787  4.56199  4.07562  3.71694  3.11185  3.89113  4.39479  2.31426  3.48530  0.96708  3.16004  3.99901  4.33981  3.87055  3.67217  3.45632  3.37603  2.33297  4.96383  3.67035    166 l - - -
          2.68618  4.42225  2.77519  2.73123  3.46354  2.40513  3.72494  3.29354  2.67741  2.69355  4.24690  2.90347  2.73739  3.18146  2.89801  2.37887  2.77519  2.98518  4.58477  3.61503
          0.03373  3.80214  4.52449  0.61958  0.77255  0.48576  0.95510
    163   2.75294  4.31681  4.02639  3.68906  3.50055  3.64920  4.50350  2.06001  3.55567  2.20112  3.47820  3.88965  4.21486  3.92133  3.77461  3.14967  3.11700  1.11886  5.27248  3.99893    167 v - - -
          2.68618  4.42225  2.77519  2.73123  3.46354  2.40513  3.72494  3.29354  2.67741  2.69355  4.24690  2.90347  2.73739  3.18146  2.89801  2.37887  2.77519  2.98518  4.58477  3.61503
          0.12273  3.80214  2.37325  0.61958  0.77255  0.48576  0.95510
    164   2.34120  4.18320  3.29981  3.05340  3.84028  3.02523  4.08119  2.94912  2.99312  2.81747  3.88492  3.28352  3.71930  3.39806  3.25503  2.54152  1.46945  2.66138  5.29286  4.05910    168 t - - -
          2.68618  4.42225  2.77519  2.73123  3.46354  2.40513  3.72494  3.29354  2.67741  2.69355  4.24690  2.90347  2.73739  3.18146  2.89801  2.37887  2.77519  2.98518  4.58477  3.61503
          0.03681  3.71622  4.43856  0.61958  0.77255  0.55350  0.85552
    165   3.03394  4.58649  3.61135  3.31813  2.32925  3.65071  3.56713  3.06585  3.18000  2.55883  3.75995  3.53964  4.13192  3.52433  3.39322  3.18418  3.32201  2.93009  3.96464  1.27302    169 y - - -
          2.68618  4.42225  2.77519  2.73123  3.46354  2.40513  3.72494  3.29354  2.67741  2.69355  4.24690  2.90347  2.73739  3.18146  2.89801  2.37887  2.77519  2.98518  4.58477  3.61503
          0.03681  3.71622  4.43856  0.61958  0.77255  0.55350  0.85552
    166   3.09742  4.52443  3.86530  3.53758  2.53779  3.56536  3.73185  3.12010  3.26494  2.53919  3.76079  3.71972  4.07217  3.66185  3.41897  3.30210  3.39158  3.00629  1.27171  2.54939    170 w - - -
          2.68618  4.42225  2.77519  2.73123  3.46354  2.40513  3.72494  3.29354  2.67741  2.69355  4.24690  2.90347  2.73739  3.18146  2.89801  2.37887  2.77519  2.98518  4.58477  3.61503
          0.03681  3.71622  4.43856  0.61958  0.77255  0.55350  0.85552
    167   2.83133  4.91345  1.17257  2.26402  4.27247  3.10073  3.81137  3.82734  2.86902  3.46777  4.44987  2.80897  3.74364  3.05608  3.35711  2.81726  3.16946  3.48608  5.47139  4.18101    171 d - - -
          2.68618  4.42225  2.77519  2.73123  3.46354  2.40513  3.72494  3.29354  2.67741  2.69355  4.24690  2.90347  2.73739  3.18146  2.89801  2.37887  2.77519  2.98518  4.58477  3.61503
          0.03681  3.71622  4.43856  0.61958  0.77255  0.55350  0.85552
    168   2.25052  4.16469  3.08117  2.89675  3.92164  2.89792  4.00745  3.42617  2.95907  3.16166  4.10684  3.14270  3.62523  3.32299  3.24516  1.35517  2.72013  2.99675  5.30874  4.00582    172 s - - -
          2.68618  4.42225  2.77519  2.73123  3.46354  2.40513  3.72494  3.29354  2.67741  2.69355  4.24690  2.90347  2.73739  3.18146  2.89801  2.37887  2.77519  2.98518  4.58477  3.61503
          0.03681  3.71622  4.43856  0.61958  0.77255  0.55350  0.85552
    169   2.82914  4.88723  2.44529  1.27314  4.21597  3.18089  3.76437  3.63863  2.62571  3.28501  4.27398  2.86610  3.78041  2.98868  3.01185  2.83307  3.13500  3.34180  5.41830  4.14891    173 e - - -
          2.68618  4.42225  2.77519  2.73123  3.46354  2.40513  3.72494  3.29354  2.67741  2.69355  4.24690  2.90347  2.73739  3.18146  2.89801  2.37887  2.77519  2.98518  4.58477  3.61503
          0.03681  3.71622  4.43856  0.61958  0.77255  0.55350  0.85552
    170   2.76911  4.73609  2.81398  2.57439  3.88097  3.26840  3.72840  3.49464  2.40877  3.01210  4.05268  3.02953  3.82488  1.54360  2.69282  2.82744  3.07021  3.23672  5.18570  3.87086    174 q - - -
          2.68618  4.42225  2.77519  2.73123  3.46354  2.40513  3.72494  3.29354  2.67741  2.69355  4.24690  2.90347  2.73739  3.18146  2.89801  2.37887  2.77519  2.98518  4.58477  3.61503
          0.02492  3.70433        *  0.61958  0.77255  0.00000        *
//
