HMMER3/f [3.3.2 | Nov 2020]
NAME  vHMM_21372
LENG  133
ALPH  amino
RF    no
MM    no
CONS  yes
CS    no
MAP   yes
DATE  Sat Feb 27 20:29:43 2021
NSEQ  2
EFFN  0.496094
CKSUM 1948966340
STATS LOCAL MSV       -9.8070  0.71146
STATS LOCAL VITERBI  -10.8474  0.71146
STATS LOCAL FORWARD   -4.5340  0.71146
CUTOFF SCORE	206
TAXON	Pleolipoviridae
TXID	1911603
PROTEIN	Vp3
TYPE	Full-length
RANGE	Wide
HMM          A        C        D        E        F        G        H        I        K        L        M        N        P        Q        R        S        T        V        W        Y   
            m->m     m->i     m->d     i->m     i->i     d->m     d->d
  COMPO   2.33882  4.45869  3.12346  2.97231  3.17109  2.80994  3.92237  2.66911  2.99090  2.31552  3.61332  3.20675  3.56896  3.28427  3.18994  2.59951  2.75556  2.37988  4.41055  3.22665
          2.68618  4.42225  2.77519  2.73123  3.46354  2.40513  3.72494  3.29354  2.67741  2.69355  4.24690  2.90347  2.73739  3.18146  2.89801  2.37887  2.77519  2.98518  4.58477  3.61503
          0.03151  3.86887  4.59122  0.61958  0.77255  0.00000        *
      1   2.96634  4.51567  4.04553  3.63871  3.20611  3.83138  4.37468  2.38134  3.40699  1.80131  1.38484  3.91665  4.29195  3.78909  3.61273  3.31508  3.27157  2.38704  5.04646  3.80792      1 m - - -
          2.68618  4.42225  2.77519  2.73123  3.46354  2.40513  3.72494  3.29354  2.67741  2.69355  4.24690  2.90347  2.73739  3.18146  2.89801  2.37887  2.77519  2.98518  4.58477  3.61503
          0.03151  3.86887  4.59122  0.61958  0.77255  0.48576  0.95510
      2   1.01896  4.19021  3.45891  3.25001  4.04877  3.01485  4.27249  3.17373  3.26617  3.05552  4.08771  3.40054  3.75373  3.60766  3.51697  2.54052  2.81763  2.82876  5.47628  4.27612      2 a - - -
          2.68618  4.42225  2.77519  2.73123  3.46354  2.40513  3.72494  3.29354  2.67741  2.69355  4.24690  2.90347  2.73739  3.18146  2.89801  2.37887  2.77519  2.98518  4.58477  3.61503
          0.03151  3.86887  4.59122  0.61958  0.77255  0.48576  0.95510
      3   3.24185  4.73230  3.83290  3.56159  2.29352  3.82593  3.61678  3.25156  3.41921  2.70642  3.92696  3.71899  4.29984  3.72611  3.60366  3.37891  3.52850  3.12194  3.93715  0.97179      3 y - - -
          2.68618  4.42225  2.77519  2.73123  3.46354  2.40513  3.72494  3.29354  2.67741  2.69355  4.24690  2.90347  2.73739  3.18146  2.89801  2.37887  2.77519  2.98518  4.58477  3.61503
          0.03151  3.86887  4.59122  0.61958  0.77255  0.48576  0.95510
      4   2.31318  4.23355  3.20324  3.01881  4.07268  2.96350  4.12878  3.59479  3.09234  3.31528  4.24165  3.24419  3.70200  3.44193  3.37850  1.09649  2.79304  3.13068  5.44545  4.15618      4 s - - -
          2.68618  4.42225  2.77519  2.73123  3.46354  2.40513  3.72494  3.29354  2.67741  2.69355  4.24690  2.90347  2.73739  3.18146  2.89801  2.37887  2.77519  2.98518  4.58477  3.61503
          0.03151  3.86887  4.59122  0.61958  0.77255  0.48576  0.95510
      5   2.77610  4.99042  2.70602  2.40690  4.35039  3.34134  3.64154  3.80652  1.72235  3.35240  4.20581  2.05832  3.84262  2.80167  2.57253  2.77028  3.03098  3.45155  5.47007  4.15025      5 k - - -
          2.68618  4.42225  2.77519  2.73123  3.46354  2.40513  3.72494  3.29354  2.67741  2.69355  4.24690  2.90347  2.73739  3.18146  2.89801  2.37887  2.77519  2.98518  4.58477  3.61503
          0.03151  3.86887  4.59122  0.61958  0.77255  0.48576  0.95510
      6   2.50190  4.57502  2.65152  2.49676  4.30030  1.93071  3.87243  3.81880  2.78348  3.43829  4.29032  1.88823  3.73174  3.08825  3.19229  2.57911  2.89875  3.35915  5.56843  4.24124      6 n - - -
          2.68618  4.42225  2.77519  2.73123  3.46354  2.40513  3.72494  3.29354  2.67741  2.69355  4.24690  2.90347  2.73739  3.18146  2.89801  2.37887  2.77519  2.98518  4.58477  3.61503
          0.03151  3.86887  4.59122  0.61958  0.77255  0.48576  0.95510
      7   1.76815  4.18257  3.78801  3.39114  3.71040  3.32607  4.29307  2.35977  3.31461  2.51980  3.62229  3.57625  3.95509  3.63785  3.58567  2.74822  2.85610  1.60151  5.32633  4.09977      7 v - - -
          2.68618  4.42225  2.77519  2.73123  3.46354  2.40513  3.72494  3.29354  2.67741  2.69355  4.24690  2.90347  2.73739  3.18146  2.89801  2.37887  2.77519  2.98518  4.58477  3.61503
          0.03151  3.86887  4.59122  0.61958  0.77255  0.48576  0.95510
      8   2.56675  4.59690  3.11539  2.67080  4.11152  3.27070  3.72340  3.55638  2.33046  3.16016  4.02439  3.07546  3.80596  2.91238  1.91189  1.92866  2.88418  3.19464  5.32988  4.05409      8 r - - -
          2.68618  4.42225  2.77519  2.73123  3.46354  2.40513  3.72494  3.29354  2.67741  2.69355  4.24690  2.90347  2.73739  3.18146  2.89801  2.37887  2.77519  2.98518  4.58477  3.61503
          0.03151  3.86887  4.59122  0.61958  0.77255  0.48576  0.95510
      9   2.66038  4.43620  3.33343  3.23236  4.37478  0.73468  4.35288  3.97350  3.41315  3.62809  4.60378  3.49772  3.82723  3.73758  3.64961  2.83219  3.14134  3.50251  5.47091  4.47655      9 g - - -
          2.68618  4.42225  2.77519  2.73123  3.46354  2.40513  3.72494  3.29354  2.67741  2.69355  4.24690  2.90347  2.73739  3.18146  2.89801  2.37887  2.77519  2.98518  4.58477  3.61503
          0.03151  3.86887  4.59122  0.61958  0.77255  0.48576  0.95510
     10   2.64481  4.33687  3.67774  3.22669  3.44917  3.54162  4.11685  2.43916  3.06449  1.68981  3.40000  3.53748  4.04884  3.45328  3.34255  2.92129  2.06295  2.29953  5.10423  3.85263     10 l - - -
          2.68618  4.42225  2.77519  2.73123  3.46354  2.40513  3.72494  3.29354  2.67741  2.69355  4.24690  2.90347  2.73739  3.18146  2.89801  2.37887  2.77519  2.98518  4.58477  3.61503
          0.03151  3.86887  4.59122  0.61958  0.77255  0.48576  0.95510
     11   2.98498  4.42338  4.36282  3.86700  3.26344  4.11949  4.58438  1.96494  3.70080  1.41182  3.14327  4.13624  4.48007  3.99802  3.91822  3.49502  3.25727  1.47695  5.18259  3.96104     11 l - - -
          2.68618  4.42225  2.77519  2.73123  3.46354  2.40513  3.72494  3.29354  2.67741  2.69355  4.24690  2.90347  2.73739  3.18146  2.89801  2.37887  2.77519  2.98518  4.58477  3.61503
          0.03151  3.86887  4.59122  0.61958  0.77255  0.48576  0.95510
     12   2.45148  4.52101  2.72906  2.52531  4.20042  3.07257  3.84318  3.71980  2.72463  3.35176  4.19899  1.97700  3.72090  3.05658  3.12192  1.79938  2.84365  3.27320  5.50299  4.15457     12 s - - -
          2.68618  4.42225  2.77519  2.73123  3.46354  2.40513  3.72494  3.29354  2.67741  2.69355  4.24690  2.90347  2.73739  3.18146  2.89801  2.37887  2.77519  2.98518  4.58477  3.61503
          0.03151  3.86887  4.59122  0.61958  0.77255  0.48576  0.95510
     13   2.98569  5.11349  0.92323  2.33260  4.49001  3.20790  3.92781  4.07735  3.01123  3.68631  4.66431  2.88880  3.86043  3.16693  3.52698  2.94843  3.32417  3.71691  5.65932  4.36347     13 d - - -
          2.68618  4.42225  2.77519  2.73123  3.46354  2.40513  3.72494  3.29354  2.67741  2.69355  4.24690  2.90347  2.73739  3.18146  2.89801  2.37887  2.77519  2.98518  4.58477  3.61503
          0.03151  3.86887  4.59122  0.61958  0.77255  0.48576  0.95510
     14   3.24185  4.73230  3.83290  3.56159  2.29352  3.82593  3.61678  3.25156  3.41921  2.70642  3.92696  3.71899  4.29984  3.72611  3.60366  3.37891  3.52850  3.12194  3.93715  0.97179     14 y - - -
          2.68618  4.42225  2.77519  2.73123  3.46354  2.40513  3.72494  3.29354  2.67741  2.69355  4.24690  2.90347  2.73739  3.18146  2.89801  2.37887  2.77519  2.98518  4.58477  3.61503
          0.03151  3.86887  4.59122  0.61958  0.77255  0.48576  0.95510
     15   1.58726  4.12240  3.44772  3.12456  4.02989  2.98426  4.14361  3.12404  3.10181  3.02300  3.95766  3.29734  3.69892  3.43198  3.39562  2.43146  1.80246  2.75593  5.45530  4.23991     15 a - - -
          2.68618  4.42225  2.77519  2.73123  3.46354  2.40513  3.72494  3.29354  2.67741  2.69355  4.24690  2.90347  2.73739  3.18146  2.89801  2.37887  2.77519  2.98518  4.58477  3.61503
          0.03151  3.86887  4.59122  0.61958  0.77255  0.48576  0.95510
     16   2.74416  4.90506  2.65755  2.40192  3.81335  3.31952  2.29753  3.70743  2.44975  3.25974  4.13804  2.04628  3.83944  2.88089  2.82528  2.75169  3.01595  3.36886  5.17318  3.70285     16 n - - -
          2.68618  4.42225  2.77519  2.73123  3.46354  2.40513  3.72494  3.29354  2.67741  2.69355  4.24690  2.90347  2.73739  3.18146  2.89801  2.37887  2.77519  2.98518  4.58477  3.61503
          0.03151  3.86887  4.59122  0.61958  0.77255  0.48576  0.95510
     17   3.15121  4.61453  4.18372  3.82353  3.13429  3.97759  4.48040  2.33812  3.59132  0.87963  3.15832  4.09936  4.41355  3.96051  3.76798  3.54800  3.44561  2.37452  5.01230  3.73479     17 l - - -
          2.68618  4.42225  2.77519  2.73123  3.46354  2.40513  3.72494  3.29354  2.67741  2.69355  4.24690  2.90347  2.73739  3.18146  2.89801  2.37887  2.77519  2.98518  4.58477  3.61503
          0.03151  3.86887  4.59122  0.61958  0.77255  0.48576  0.95510
     18   3.00135  4.84079  3.49163  3.00341  4.19446  3.49008  3.82159  3.73590  2.23582  3.25248  4.25272  3.36343  3.99281  3.04207  0.98390  3.08568  3.26754  3.45999  5.27894  4.12257     18 r - - -
          2.68618  4.42225  2.77519  2.73123  3.46354  2.40513  3.72494  3.29354  2.67741  2.69355  4.24690  2.90347  2.73739  3.18146  2.89801  2.37887  2.77519  2.98518  4.58477  3.61503
          0.03151  3.86887  4.59122  0.61958  0.77255  0.48576  0.95510
     19   2.22512  4.15966  3.28696  2.98190  4.09428  2.95273  4.06032  3.42259  2.98991  3.17756  4.04886  3.20438  3.66475  3.32811  3.30496  1.67687  1.80453  2.97767  5.46245  4.22055     19 s - - -
          2.68618  4.42225  2.77519  2.73123  3.46354  2.40513  3.72494  3.29354  2.67741  2.69355  4.24690  2.90347  2.73739  3.18146  2.89801  2.37887  2.77519  2.98518  4.58477  3.61503
          0.03151  3.86887  4.59122  0.61958  0.77255  0.48576  0.95510
     20   3.12608  4.49226  4.56937  4.05146  3.17132  4.34632  4.70545  1.50391  3.87549  1.29236  3.02369  4.32857  4.61522  4.12862  4.06318  3.71404  3.37150  1.91352  5.17244  3.98315     20 l - - -
          2.68618  4.42225  2.77519  2.73123  3.46354  2.40513  3.72494  3.29354  2.67741  2.69355  4.24690  2.90347  2.73739  3.18146  2.89801  2.37887  2.77519  2.98518  4.58477  3.61503
          0.03151  3.86887  4.59122  0.61958  0.77255  0.48576  0.95510
     21   2.74662  4.50460  3.35339  3.19187  4.18743  3.19232  4.26966  3.73188  3.24886  3.35912  4.40879  3.49896  0.83435  3.63775  3.49483  2.91398  3.18789  3.37767  5.37501  4.30803     21 p - - -
          2.68618  4.42225  2.77519  2.73123  3.46354  2.40513  3.72494  3.29354  2.67741  2.69355  4.24690  2.90347  2.73739  3.18146  2.89801  2.37887  2.77519  2.98518  4.58477  3.61503
          0.03151  3.86887  4.59122  0.61958  0.77255  0.48576  0.95510
     22   1.01896  4.19021  3.45891  3.25001  4.04877  3.01485  4.27249  3.17373  3.26617  3.05552  4.08771  3.40054  3.75373  3.60766  3.51697  2.54052  2.81763  2.82876  5.47628  4.27612     22 a - - -
          2.68618  4.42225  2.77519  2.73123  3.46354  2.40513  3.72494  3.29354  2.67741  2.69355  4.24690  2.90347  2.73739  3.18146  2.89801  2.37887  2.77519  2.98518  4.58477  3.61503
          0.03151  3.86887  4.59122  0.61958  0.77255  0.48576  0.95510
     23   3.15121  4.61453  4.18372  3.82353  3.13429  3.97759  4.48040  2.33812  3.59132  0.87963  3.15832  4.09936  4.41355  3.96051  3.76798  3.54800  3.44561  2.37452  5.01230  3.73479     23 l - - -
          2.68618  4.42225  2.77519  2.73123  3.46354  2.40513  3.72494  3.29354  2.67741  2.69355  4.24690  2.90347  2.73739  3.18146  2.89801  2.37887  2.77519  2.98518  4.58477  3.61503
          0.03151  3.86887  4.59122  0.61958  0.77255  0.48576  0.95510
     24   3.15121  4.61453  4.18372  3.82353  3.13429  3.97759  4.48040  2.33812  3.59132  0.87963  3.15832  4.09936  4.41355  3.96051  3.76798  3.54800  3.44561  2.37452  5.01230  3.73479     24 l - - -
          2.68618  4.42225  2.77519  2.73123  3.46354  2.40513  3.72494  3.29354  2.67741  2.69355  4.24690  2.90347  2.73739  3.18146  2.89801  2.37887  2.77519  2.98518  4.58477  3.61503
          0.03151  3.86887  4.59122  0.61958  0.77255  0.48576  0.95510
     25   2.31318  4.23355  3.20324  3.01881  4.07268  2.96350  4.12878  3.59479  3.09234  3.31528  4.24165  3.24419  3.70200  3.44193  3.37850  1.09649  2.79304  3.13068  5.44545  4.15618     25 s - - -
          2.68618  4.42225  2.77519  2.73123  3.46354  2.40513  3.72494  3.29354  2.67741  2.69355  4.24690  2.90347  2.73739  3.18146  2.89801  2.37887  2.77519  2.98518  4.58477  3.61503
          0.03151  3.86887  4.59122  0.61958  0.77255  0.48576  0.95510
     26   2.50169  4.21263  3.76581  3.34126  3.66555  3.38828  4.24317  2.34067  3.23647  2.47528  3.57857  3.56627  3.98324  3.58146  3.51377  2.79484  1.98873  1.61801  5.27784  4.04727     26 v - - -
          2.68618  4.42225  2.77519  2.73123  3.46354  2.40513  3.72494  3.29354  2.67741  2.69355  4.24690  2.90347  2.73739  3.18146  2.89801  2.37887  2.77519  2.98518  4.58477  3.61503
          0.03151  3.86887  4.59122  0.61958  0.77255  0.48576  0.95510
     27   2.80523  4.34880  4.12036  3.78335  3.54742  3.72018  4.58568  2.05036  3.65108  2.23505  3.51308  3.97377  4.28087  4.01113  3.86393  3.22347  3.16685  1.02944  5.33126  4.06267     27 v - - -
          2.68618  4.42225  2.77519  2.73123  3.46354  2.40513  3.72494  3.29354  2.67741  2.69355  4.24690  2.90347  2.73739  3.18146  2.89801  2.37887  2.77519  2.98518  4.58477  3.61503
          0.03151  3.86887  4.59122  0.61958  0.77255  0.48576  0.95510
     28   3.25374  4.65655  4.23379  3.94757  1.01763  3.94440  3.87559  2.77784  3.85469  2.14871  3.50851  4.01510  4.40305  4.02365  3.97530  3.52387  3.55486  2.76828  4.12568  2.49312     28 f - - -
          2.68618  4.42225  2.77519  2.73123  3.46354  2.40513  3.72494  3.29354  2.67741  2.69355  4.24690  2.90347  2.73739  3.18146  2.89801  2.37887  2.77519  2.98518  4.58477  3.61503
          0.03151  3.86887  4.59122  0.61958  0.77255  0.48576  0.95510
     29   2.80523  4.34880  4.12036  3.78335  3.54742  3.72018  4.58568  2.05036  3.65108  2.23505  3.51308  3.97377  4.28087  4.01113  3.86393  3.22347  3.16685  1.02944  5.33126  4.06267     29 v - - -
          2.68618  4.42225  2.77519  2.73123  3.46354  2.40513  3.72494  3.29354  2.67741  2.69355  4.24690  2.90347  2.73739  3.18146  2.89801  2.37887  2.77519  2.98518  4.58477  3.61503
          0.03151  3.86887  4.59122  0.61958  0.77255  0.48576  0.95510
     30   3.03804  4.44091  4.45448  3.91605  3.16781  4.22242  4.58720  1.56773  3.75524  1.63838  2.08604  4.19612  4.51165  4.00241  3.95213  3.56746  3.28199  1.98646  5.11913  3.96577     30 i - - -
          2.68618  4.42225  2.77519  2.73123  3.46354  2.40513  3.72494  3.29354  2.67741  2.69355  4.24690  2.90347  2.73739  3.18146  2.89801  2.37887  2.77519  2.98518  4.58477  3.61503
          0.03151  3.86887  4.59122  0.61958  0.77255  0.48576  0.95510
     31   1.01896  4.19021  3.45891  3.25001  4.04877  3.01485  4.27249  3.17373  3.26617  3.05552  4.08771  3.40054  3.75373  3.60766  3.51697  2.54052  2.81763  2.82876  5.47628  4.27612     31 a - - -
          2.68618  4.42225  2.77519  2.73123  3.46354  2.40513  3.72494  3.29354  2.67741  2.69355  4.24690  2.90347  2.73739  3.18146  2.89801  2.37887  2.77519  2.98518  4.58477  3.61503
          0.03151  3.86887  4.59122  0.61958  0.77255  0.48576  0.95510
     32   2.66038  4.43620  3.33343  3.23236  4.37478  0.73468  4.35288  3.97350  3.41315  3.62809  4.60378  3.49772  3.82723  3.73758  3.64961  2.83219  3.14134  3.50251  5.47091  4.47655     32 g - - -
          2.68618  4.42225  2.77519  2.73123  3.46354  2.40513  3.72494  3.29354  2.67741  2.69355  4.24690  2.90347  2.73739  3.18146  2.89801  2.37887  2.77519  2.98518  4.58477  3.61503
          0.03151  3.86887  4.59122  0.61958  0.77255  0.48576  0.95510
     33   3.15121  4.61453  4.18372  3.82353  3.13429  3.97759  4.48040  2.33812  3.59132  0.87963  3.15832  4.09936  4.41355  3.96051  3.76798  3.54800  3.44561  2.37452  5.01230  3.73479     33 l - - -
          2.68618  4.42225  2.77519  2.73123  3.46354  2.40513  3.72494  3.29354  2.67741  2.69355  4.24690  2.90347  2.73739  3.18146  2.89801  2.37887  2.77519  2.98518  4.58477  3.61503
          0.03151  3.86887  4.59122  0.61958  0.77255  0.48576  0.95510
     34   3.24185  4.73230  3.83290  3.56159  2.29352  3.82593  3.61678  3.25156  3.41921  2.70642  3.92696  3.71899  4.29984  3.72611  3.60366  3.37891  3.52850  3.12194  3.93715  0.97179     34 y - - -
          2.68618  4.42225  2.77519  2.73123  3.46354  2.40513  3.72494  3.29354  2.67741  2.69355  4.24690  2.90347  2.73739  3.18146  2.89801  2.37887  2.77519  2.98518  4.58477  3.61503
          0.03151  3.86887  4.59122  0.61958  0.77255  0.48576  0.95510
     35   2.87784  4.86350  2.90049  2.65514  4.03160  3.36362  3.81343  3.66177  2.47617  3.16449  4.19242  3.11486  3.91701  1.24045  2.76043  2.92573  3.17480  3.39166  5.30423  3.99773     35 q - - -
          2.68618  4.42225  2.77519  2.73123  3.46354  2.40513  3.72494  3.29354  2.67741  2.69355  4.24690  2.90347  2.73739  3.18146  2.89801  2.37887  2.77519  2.98518  4.58477  3.61503
          0.03151  3.86887  4.59122  0.61958  0.77255  0.48576  0.95510
     36   3.25374  4.65655  4.23379  3.94757  1.01763  3.94440  3.87559  2.77784  3.85469  2.14871  3.50851  4.01510  4.40305  4.02365  3.97530  3.52387  3.55486  2.76828  4.12568  2.49312     36 f - - -
          2.68618  4.42225  2.77519  2.73123  3.46354  2.40513  3.72494  3.29354  2.67741  2.69355  4.24690  2.90347  2.73739  3.18146  2.89801  2.37887  2.77519  2.98518  4.58477  3.61503
          0.03151  3.86887  4.59122  0.61958  0.77255  0.48576  0.95510
     37   2.66038  4.43620  3.33343  3.23236  4.37478  0.73468  4.35288  3.97350  3.41315  3.62809  4.60378  3.49772  3.82723  3.73758  3.64961  2.83219  3.14134  3.50251  5.47091  4.47655     37 g - - -
          2.68618  4.42225  2.77519  2.73123  3.46354  2.40513  3.72494  3.29354  2.67741  2.69355  4.24690  2.90347  2.73739  3.18146  2.89801  2.37887  2.77519  2.98518  4.58477  3.61503
          0.03151  3.86887  4.59122  0.61958  0.77255  0.48576  0.95510
     38   1.50373  4.13328  3.25856  3.03219  4.22142  1.79130  4.15160  3.56413  3.14078  3.31438  4.17650  3.22150  3.64296  3.43258  3.44892  2.37689  2.68564  3.06283  5.56544  4.35647     38 a - - -
          2.68618  4.42225  2.77519  2.73123  3.46354  2.40513  3.72494  3.29354  2.67741  2.69355  4.24690  2.90347  2.73739  3.18146  2.89801  2.37887  2.77519  2.98518  4.58477  3.61503
          0.03151  3.86887  4.59122  0.61958  0.77255  0.48576  0.95510
     39   2.99676  4.36407  4.56120  4.06618  3.45736  4.25634  4.81006  1.38675  3.94269  1.97877  3.28526  4.31118  4.60104  4.22591  4.16131  3.63741  3.26907  1.29789  5.39368  4.18166     39 v - - -
          2.68618  4.42225  2.77519  2.73123  3.46354  2.40513  3.72494  3.29354  2.67741  2.69355  4.24690  2.90347  2.73739  3.18146  2.89801  2.37887  2.77519  2.98518  4.58477  3.61503
          0.03151  3.86887  4.59122  0.61958  0.77255  0.48576  0.95510
     40   2.45148  4.52101  2.72906  2.52531  4.20042  3.07257  3.84318  3.71980  2.72463  3.35176  4.19899  1.97700  3.72090  3.05658  3.12192  1.79938  2.84365  3.27320  5.50299  4.15457     40 s - - -
          2.68618  4.42225  2.77519  2.73123  3.46354  2.40513  3.72494  3.29354  2.67741  2.69355  4.24690  2.90347  2.73739  3.18146  2.89801  2.37887  2.77519  2.98518  4.58477  3.61503
          0.03151  3.86887  4.59122  0.61958  0.77255  0.48576  0.95510
     41   2.79284  5.19699  1.72973  2.15761  4.46465  3.22122  3.67800  3.98429  2.57456  3.51506  4.36659  2.72213  3.78933  2.00350  3.07598  2.72960  3.06831  3.59968  5.66919  4.23475     41 d - - -
          2.68618  4.42225  2.77519  2.73123  3.46354  2.40513  3.72494  3.29354  2.67741  2.69355  4.24690  2.90347  2.73739  3.18146  2.89801  2.37887  2.77519  2.98518  4.58477  3.61503
          0.03151  3.86887  4.59122  0.61958  0.77255  0.48576  0.95510
     42   2.92134  4.37380  4.28994  3.80083  2.02532  3.99290  4.23891  2.16274  3.69004  1.87032  3.16457  3.99987  4.37062  3.90391  3.88455  3.35294  3.19083  1.60242  4.69887  3.26873     42 v - - -
          2.68618  4.42225  2.77519  2.73123  3.46354  2.40513  3.72494  3.29354  2.67741  2.69355  4.24690  2.90347  2.73739  3.18146  2.89801  2.37887  2.77519  2.98518  4.58477  3.61503
          0.03151  3.86887  4.59122  0.61958  0.77255  0.48576  0.95510
     43   2.41073  4.25580  3.42484  3.17664  3.96564  3.09521  4.19425  3.09234  3.11955  2.95596  4.00668  3.38662  3.79867  3.51454  3.37843  2.61195  1.17802  2.78770  5.40376  4.18226     43 t - - -
          2.68618  4.42225  2.77519  2.73123  3.46354  2.40513  3.72494  3.29354  2.67741  2.69355  4.24690  2.90347  2.73739  3.18146  2.89801  2.37887  2.77519  2.98518  4.58477  3.61503
          0.03151  3.86887  4.59122  0.61958  0.77255  0.48576  0.95510
     44   3.02829  4.44799  4.33062  3.94625  3.37173  4.06268  4.67502  1.08237  3.77432  1.95847  3.30762  4.19210  4.49422  4.12297  3.97130  3.55761  3.32751  1.84575  5.26184  3.99984     44 i - - -
          2.68618  4.42225  2.77519  2.73123  3.46354  2.40513  3.72494  3.29354  2.67741  2.69355  4.24690  2.90347  2.73739  3.18146  2.89801  2.37887  2.77519  2.98518  4.58477  3.61503
          0.03151  3.86887  4.59122  0.61958  0.77255  0.48576  0.95510
     45   2.50169  4.21263  3.76581  3.34126  3.66555  3.38828  4.24317  2.34067  3.23647  2.47528  3.57857  3.56627  3.98324  3.58146  3.51377  2.79484  1.98873  1.61801  5.27784  4.04727     45 v - - -
          2.68618  4.42225  2.77519  2.73123  3.46354  2.40513  3.72494  3.29354  2.67741  2.69355  4.24690  2.90347  2.73739  3.18146  2.89801  2.37887  2.77519  2.98518  4.58477  3.61503
          0.03151  3.86887  4.59122  0.61958  0.77255  0.48576  0.95510
     46   3.32955  4.70554  4.08562  3.79080  2.66253  3.72608  3.89535  3.35297  3.51308  2.74849  3.98694  3.94058  4.24351  3.90088  3.64207  3.53329  3.62976  3.24321  0.89258  2.66481     46 w - - -
          2.68618  4.42225  2.77519  2.73123  3.46354  2.40513  3.72494  3.29354  2.67741  2.69355  4.24690  2.90347  2.73739  3.18146  2.89801  2.37887  2.77519  2.98518  4.58477  3.61503
          0.03151  3.86887  4.59122  0.61958  0.77255  0.48576  0.95510
     47   3.15121  4.61453  4.18372  3.82353  3.13429  3.97759  4.48040  2.33812  3.59132  0.87963  3.15832  4.09936  4.41355  3.96051  3.76798  3.54800  3.44561  2.37452  5.01230  3.73479     47 l - - -
          2.68618  4.42225  2.77519  2.73123  3.46354  2.40513  3.72494  3.29354  2.67741  2.69355  4.24690  2.90347  2.73739  3.18146  2.89801  2.37887  2.77519  2.98518  4.58477  3.61503
          0.03151  3.86887  4.59122  0.61958  0.77255  0.48576  0.95510
     48   2.45148  4.52101  2.72906  2.52531  4.20042  3.07257  3.84318  3.71980  2.72463  3.35176  4.19899  1.97700  3.72090  3.05658  3.12192  1.79938  2.84365  3.27320  5.50299  4.15457     48 s - - -
          2.68618  4.42225  2.77519  2.73123  3.46354  2.40513  3.72494  3.29354  2.67741  2.69355  4.24690  2.90347  2.73739  3.18146  2.89801  2.37887  2.77519  2.98518  4.58477  3.61503
          0.03151  3.86887  4.59122  0.61958  0.77255  0.48576  0.95510
     49   2.72040  4.71689  2.70623  2.59133  4.07984  3.18152  3.91801  3.78941  2.82139  3.43668  4.39193  1.16444  3.83319  3.19074  3.17595  2.78771  3.10213  3.41199  5.38616  4.02842     49 n - - -
          2.68618  4.42225  2.77519  2.73123  3.46354  2.40513  3.72494  3.29354  2.67741  2.69355  4.24690  2.90347  2.73739  3.18146  2.89801  2.37887  2.77519  2.98518  4.58477  3.61503
          0.03151  3.86887  4.59122  0.61958  0.77255  0.48576  0.95510
     50   3.24185  4.73230  3.83290  3.56159  2.29352  3.82593  3.61678  3.25156  3.41921  2.70642  3.92696  3.71899  4.29984  3.72611  3.60366  3.37891  3.52850  3.12194  3.93715  0.97179     50 y - - -
          2.68618  4.42225  2.77519  2.73123  3.46354  2.40513  3.72494  3.29354  2.67741  2.69355  4.24690  2.90347  2.73739  3.18146  2.89801  2.37887  2.77519  2.98518  4.58477  3.61503
          0.03151  3.86887  4.59122  0.61958  0.77255  0.48576  0.95510
     51   2.41073  4.25580  3.42484  3.17664  3.96564  3.09521  4.19425  3.09234  3.11955  2.95596  4.00668  3.38662  3.79867  3.51454  3.37843  2.61195  1.17802  2.78770  5.40376  4.18226     51 t - - -
          2.68618  4.42225  2.77519  2.73123  3.46354  2.40513  3.72494  3.29354  2.67741  2.69355  4.24690  2.90347  2.73739  3.18146  2.89801  2.37887  2.77519  2.98518  4.58477  3.61503
          0.03151  3.86887  4.59122  0.61958  0.77255  0.48576  0.95510
     52   3.12608  4.49226  4.56937  4.05146  3.17132  4.34632  4.70545  1.50391  3.87549  1.29236  3.02369  4.32857  4.61522  4.12862  4.06318  3.71404  3.37150  1.91352  5.17244  3.98315     52 l - - -
          2.68618  4.42225  2.77519  2.73123  3.46354  2.40513  3.72494  3.29354  2.67741  2.69355  4.24690  2.90347  2.73739  3.18146  2.89801  2.37887  2.77519  2.98518  4.58477  3.61503
          0.03151  3.86887  4.59122  0.61958  0.77255  0.48576  0.95510
     53   2.41073  4.25580  3.42484  3.17664  3.96564  3.09521  4.19425  3.09234  3.11955  2.95596  4.00668  3.38662  3.79867  3.51454  3.37843  2.61195  1.17802  2.78770  5.40376  4.18226     53 t - - -
          2.68618  4.42225  2.77519  2.73123  3.46354  2.40513  3.72494  3.29354  2.67741  2.69355  4.24690  2.90347  2.73739  3.18146  2.89801  2.37887  2.77519  2.98518  4.58477  3.61503
          0.03151  3.86887  4.59122  0.61958  0.77255  0.48576  0.95510
     54   2.21903  4.18592  3.10674  2.90136  4.26593  1.81422  4.08871  3.73198  3.05760  3.40470  4.23879  3.14688  3.63727  3.35043  3.39147  1.60709  2.69884  3.18259  5.58771  4.34145     54 s - - -
          2.68618  4.42225  2.77519  2.73123  3.46354  2.40513  3.72494  3.29354  2.67741  2.69355  4.24690  2.90347  2.73739  3.18146  2.89801  2.37887  2.77519  2.98518  4.58477  3.61503
          0.03151  3.86887  4.59122  0.61958  0.77255  0.48576  0.95510
     55   2.58951  4.62967  2.92769  2.56988  4.03328  3.28206  3.73658  3.40151  2.45479  3.03721  3.94782  3.01953  3.81217  2.08642  2.79485  2.67135  2.07051  3.09000  5.32995  4.03181     55 t - - -
          2.68618  4.42225  2.77519  2.73123  3.46354  2.40513  3.72494  3.29354  2.67741  2.69355  4.24690  2.90347  2.73739  3.18146  2.89801  2.37887  2.77519  2.98518  4.58477  3.61503
          0.03151  3.86887  4.59122  0.61958  0.77255  0.48576  0.95510
     56   2.99084  4.80896  3.12213  2.88168  3.28216  3.44442  1.15012  3.69321  2.72483  3.18764  4.23029  3.29117  3.99673  3.24786  2.99077  3.06156  3.29408  3.42841  4.74726  3.23311     56 h - - -
          2.68618  4.42225  2.77519  2.73123  3.46354  2.40513  3.72494  3.29354  2.67741  2.69355  4.24690  2.90347  2.73739  3.18146  2.89801  2.37887  2.77519  2.98518  4.58477  3.61503
          0.03151  3.86887  4.59122  0.61958  0.77255  0.48576  0.95510
     57   1.01896  4.19021  3.45891  3.25001  4.04877  3.01485  4.27249  3.17373  3.26617  3.05552  4.08771  3.40054  3.75373  3.60766  3.51697  2.54052  2.81763  2.82876  5.47628  4.27612     57 a - - -
          2.68618  4.42225  2.77519  2.73123  3.46354  2.40513  3.72494  3.29354  2.67741  2.69355  4.24690  2.90347  2.73739  3.18146  2.89801  2.37887  2.77519  2.98518  4.58477  3.61503
          0.03151  3.86887  4.59122  0.61958  0.77255  0.48576  0.95510
     58   2.90160  4.37458  4.25895  3.73837  3.25820  4.01038  4.46814  2.04465  3.58626  1.80568  2.14179  4.01336  4.38063  3.87247  3.81229  3.36301  3.17070  1.55082  5.12486  3.94069     58 v - - -
          2.68618  4.42225  2.77519  2.73123  3.46354  2.40513  3.72494  3.29354  2.67741  2.69355  4.24690  2.90347  2.73739  3.18146  2.89801  2.37887  2.77519  2.98518  4.58477  3.61503
          0.03151  3.86887  4.59122  0.61958  0.77255  0.48576  0.95510
     59   2.51538  4.26617  3.47865  3.08693  3.60110  2.14246  4.04179  1.87117  3.03043  2.56892  3.60155  3.39383  3.91341  3.38064  3.33054  2.75540  2.86349  2.41574  5.12147  3.86299     59 i - - -
          2.68618  4.42225  2.77519  2.73123  3.46354  2.40513  3.72494  3.29354  2.67741  2.69355  4.24690  2.90347  2.73739  3.18146  2.89801  2.37887  2.77519  2.98518  4.58477  3.61503
          0.03151  3.86887  4.59122  0.61958  0.77255  0.48576  0.95510
     60   1.01896  4.19021  3.45891  3.25001  4.04877  3.01485  4.27249  3.17373  3.26617  3.05552  4.08771  3.40054  3.75373  3.60766  3.51697  2.54052  2.81763  2.82876  5.47628  4.27612     60 a - - -
          2.68618  4.42225  2.77519  2.73123  3.46354  2.40513  3.72494  3.29354  2.67741  2.69355  4.24690  2.90347  2.73739  3.18146  2.89801  2.37887  2.77519  2.98518  4.58477  3.61503
          0.03151  3.86887  4.59122  0.61958  0.77255  0.48576  0.95510
     61   2.31318  4.23355  3.20324  3.01881  4.07268  2.96350  4.12878  3.59479  3.09234  3.31528  4.24165  3.24419  3.70200  3.44193  3.37850  1.09649  2.79304  3.13068  5.44545  4.15618     61 s - - -
          2.68618  4.42225  2.77519  2.73123  3.46354  2.40513  3.72494  3.29354  2.67741  2.69355  4.24690  2.90347  2.73739  3.18146  2.89801  2.37887  2.77519  2.98518  4.58477  3.61503
          0.03151  3.86887  4.59122  0.61958  0.77255  0.48576  0.95510
     62   3.03804  4.44091  4.45448  3.91605  3.16781  4.22242  4.58720  1.56773  3.75524  1.63838  2.08604  4.19612  4.51165  4.00241  3.95213  3.56746  3.28199  1.98646  5.11913  3.96577     62 i - - -
          2.68618  4.42225  2.77519  2.73123  3.46354  2.40513  3.72494  3.29354  2.67741  2.69355  4.24690  2.90347  2.73739  3.18146  2.89801  2.37887  2.77519  2.98518  4.58477  3.61503
          0.03151  3.86887  4.59122  0.61958  0.77255  0.48576  0.95510
     63   1.50373  4.13328  3.25856  3.03219  4.22142  1.79130  4.15160  3.56413  3.14078  3.31438  4.17650  3.22150  3.64296  3.43258  3.44892  2.37689  2.68564  3.06283  5.56544  4.35647     63 a - - -
          2.68618  4.42225  2.77519  2.73123  3.46354  2.40513  3.72494  3.29354  2.67741  2.69355  4.24690  2.90347  2.73739  3.18146  2.89801  2.37887  2.77519  2.98518  4.58477  3.61503
          0.03151  3.86887  4.59122  0.61958  0.77255  0.48576  0.95510
     64   1.53286  4.11014  3.32287  3.05248  4.15512  2.89737  4.12959  3.48704  3.10169  3.24865  4.11231  3.22624  3.63841  3.40902  3.40713  1.62374  2.65807  3.00340  5.52548  4.29555     64 a - - -
          2.68618  4.42225  2.77519  2.73123  3.46354  2.40513  3.72494  3.29354  2.67741  2.69355  4.24690  2.90347  2.73739  3.18146  2.89801  2.37887  2.77519  2.98518  4.58477  3.61503
          0.03151  3.86887  4.59122  0.61958  0.77255  0.48576  0.95510
     65   3.24185  4.73230  3.83290  3.56159  2.29352  3.82593  3.61678  3.25156  3.41921  2.70642  3.92696  3.71899  4.29984  3.72611  3.60366  3.37891  3.52850  3.12194  3.93715  0.97179     65 y - - -
          2.68618  4.42225  2.77519  2.73123  3.46354  2.40513  3.72494  3.29354  2.67741  2.69355  4.24690  2.90347  2.73739  3.18146  2.89801  2.37887  2.77519  2.98518  4.58477  3.61503
          0.03151  3.86887  4.59122  0.61958  0.77255  0.48576  0.95510
     66   1.88067  4.31177  3.68001  3.25498  3.47617  3.49096  4.15347  2.44376  3.13019  1.68809  3.42928  3.54436  4.02934  3.49621  3.40848  2.88651  2.94944  2.29576  5.13518  3.88349     66 l - - -
          2.68618  4.42225  2.77519  2.73123  3.46354  2.40513  3.72494  3.29354  2.67741  2.69355  4.24690  2.90347  2.73739  3.18146  2.89801  2.37887  2.77519  2.98518  4.58477  3.61503
          0.03151  3.86887  4.59122  0.61958  0.77255  0.48576  0.95510
     67   2.98498  4.42338  4.36282  3.86700  3.26344  4.11949  4.58438  1.96494  3.70080  1.41182  3.14327  4.13624  4.48007  3.99802  3.91822  3.49502  3.25727  1.47695  5.18259  3.96104     67 l - - -
          2.68618  4.42225  2.77519  2.73123  3.46354  2.40513  3.72494  3.29354  2.67741  2.69355  4.24690  2.90347  2.73739  3.18146  2.89801  2.37887  2.77519  2.98518  4.58477  3.61503
          0.03151  3.86887  4.59122  0.61958  0.77255  0.48576  0.95510
     68   1.01896  4.19021  3.45891  3.25001  4.04877  3.01485  4.27249  3.17373  3.26617  3.05552  4.08771  3.40054  3.75373  3.60766  3.51697  2.54052  2.81763  2.82876  5.47628  4.27612     68 a - - -
          2.68618  4.42225  2.77519  2.73123  3.46354  2.40513  3.72494  3.29354  2.67741  2.69355  4.24690  2.90347  2.73739  3.18146  2.89801  2.37887  2.77519  2.98518  4.58477  3.61503
          0.03151  3.86887  4.59122  0.61958  0.77255  0.48576  0.95510
     69   3.25374  4.65655  4.23379  3.94757  1.01763  3.94440  3.87559  2.77784  3.85469  2.14871  3.50851  4.01510  4.40305  4.02365  3.97530  3.52387  3.55486  2.76828  4.12568  2.49312     69 f - - -
          2.68618  4.42225  2.77519  2.73123  3.46354  2.40513  3.72494  3.29354  2.67741  2.69355  4.24690  2.90347  2.73739  3.18146  2.89801  2.37887  2.77519  2.98518  4.58477  3.61503
          0.03151  3.86887  4.59122  0.61958  0.77255  0.48576  0.95510
     70   1.01896  4.19021  3.45891  3.25001  4.04877  3.01485  4.27249  3.17373  3.26617  3.05552  4.08771  3.40054  3.75373  3.60766  3.51697  2.54052  2.81763  2.82876  5.47628  4.27612     70 a - - -
          2.68618  4.42225  2.77519  2.73123  3.46354  2.40513  3.72494  3.29354  2.67741  2.69355  4.24690  2.90347  2.73739  3.18146  2.89801  2.37887  2.77519  2.98518  4.58477  3.61503
          0.03151  3.86887  4.59122  0.61958  0.77255  0.48576  0.95510
     71   2.31318  4.23355  3.20324  3.01881  4.07268  2.96350  4.12878  3.59479  3.09234  3.31528  4.24165  3.24419  3.70200  3.44193  3.37850  1.09649  2.79304  3.13068  5.44545  4.15618     71 s - - -
          2.68618  4.42225  2.77519  2.73123  3.46354  2.40513  3.72494  3.29354  2.67741  2.69355  4.24690  2.90347  2.73739  3.18146  2.89801  2.37887  2.77519  2.98518  4.58477  3.61503
          0.03151  3.86887  4.59122  0.61958  0.77255  0.48576  0.95510
     72   2.31318  4.23355  3.20324  3.01881  4.07268  2.96350  4.12878  3.59479  3.09234  3.31528  4.24165  3.24419  3.70200  3.44193  3.37850  1.09649  2.79304  3.13068  5.44545  4.15618     72 s - - -
          2.68618  4.42225  2.77519  2.73123  3.46354  2.40513  3.72494  3.29354  2.67741  2.69355  4.24690  2.90347  2.73739  3.18146  2.89801  2.37887  2.77519  2.98518  4.58477  3.61503
          0.03151  3.86887  4.59122  0.61958  0.77255  0.48576  0.95510
     73   2.94915  5.05953  2.48601  1.03050  4.40528  3.27171  3.85816  3.85847  2.73823  3.47615  4.45032  2.93079  3.87611  3.07388  3.14673  2.93189  3.25335  3.54267  5.57753  4.29974     73 e - - -
          2.68618  4.42225  2.77519  2.73123  3.46354  2.40513  3.72494  3.29354  2.67741  2.69355  4.24690  2.90347  2.73739  3.18146  2.89801  2.37887  2.77519  2.98518  4.58477  3.61503
          0.03151  3.86887  4.59122  0.61958  0.77255  0.48576  0.95510
     74   2.41073  4.25580  3.42484  3.17664  3.96564  3.09521  4.19425  3.09234  3.11955  2.95596  4.00668  3.38662  3.79867  3.51454  3.37843  2.61195  1.17802  2.78770  5.40376  4.18226     74 t - - -
          2.68618  4.42225  2.77519  2.73123  3.46354  2.40513  3.72494  3.29354  2.67741  2.69355  4.24690  2.90347  2.73739  3.18146  2.89801  2.37887  2.77519  2.98518  4.58477  3.61503
          0.03151  3.86887  4.59122  0.61958  0.77255  0.48576  0.95510
     75   2.96387  5.05544  3.35241  2.72794  4.47593  3.58565  3.57332  3.83614  1.47340  3.30856  4.18529  3.13566  3.96892  2.71555  1.61022  2.97070  3.14277  3.52492  5.37499  4.19374     75 k - - -
          2.68618  4.42225  2.77519  2.73123  3.46354  2.40513  3.72494  3.29354  2.67741  2.69355  4.24690  2.90347  2.73739  3.18146  2.89801  2.37887  2.77519  2.98518  4.58477  3.61503
          0.03151  3.86887  4.59122  0.61958  0.77255  0.48576  0.95510
     76   2.58139  4.68070  2.78576  2.48926  4.12979  3.22457  3.72723  3.61750  2.47370  3.21411  4.07991  2.95357  3.78321  2.05635  2.83462  1.92966  2.90150  3.24986  5.39474  4.06043     76 s - - -
          2.68618  4.42225  2.77519  2.73123  3.46354  2.40513  3.72494  3.29354  2.67741  2.69355  4.24690  2.90347  2.73739  3.18146  2.89801  2.37887  2.77519  2.98518  4.58477  3.61503
          0.03151  3.86887  4.59122  0.61958  0.77255  0.48576  0.95510
     77   3.25374  4.65655  4.23379  3.94757  1.01763  3.94440  3.87559  2.77784  3.85469  2.14871  3.50851  4.01510  4.40305  4.02365  3.97530  3.52387  3.55486  2.76828  4.12568  2.49312     77 f - - -
          2.68618  4.42225  2.77519  2.73123  3.46354  2.40513  3.72494  3.29354  2.67741  2.69355  4.24690  2.90347  2.73739  3.18146  2.89801  2.37887  2.77519  2.98518  4.58477  3.61503
          0.03151  3.86887  4.59122  0.61958  0.77255  0.48576  0.95510
     78   2.61437  4.78843  1.84190  2.32944  4.26364  3.17985  3.75992  3.60705  2.68214  3.29916  4.17233  2.84517  3.76772  2.94474  3.16181  2.64366  2.03658  3.24766  5.55178  4.18294     78 d - - -
          2.68618  4.42225  2.77519  2.73123  3.46354  2.40513  3.72494  3.29354  2.67741  2.69355  4.24690  2.90347  2.73739  3.18146  2.89801  2.37887  2.77519  2.98518  4.58477  3.61503
          0.03151  3.86887  4.59122  0.61958  0.77255  0.48576  0.95510
     79   2.74653  4.98247  2.56490  2.33398  4.26601  3.28369  3.66526  3.81052  2.39169  3.35748  4.21829  2.02826  3.81747  2.02233  2.76750  2.73636  3.02028  3.44950  5.47346  4.09771     79 q - - -
          2.68618  4.42225  2.77519  2.73123  3.46354  2.40513  3.72494  3.29354  2.67741  2.69355  4.24690  2.90347  2.73739  3.18146  2.89801  2.37887  2.77519  2.98518  4.58477  3.61503
          0.03151  3.86887  4.59122  0.61958  0.77255  0.48576  0.95510
     80   3.24185  4.73230  3.83290  3.56159  2.29352  3.82593  3.61678  3.25156  3.41921  2.70642  3.92696  3.71899  4.29984  3.72611  3.60366  3.37891  3.52850  3.12194  3.93715  0.97179     80 y - - -
          2.68618  4.42225  2.77519  2.73123  3.46354  2.40513  3.72494  3.29354  2.67741  2.69355  4.24690  2.90347  2.73739  3.18146  2.89801  2.37887  2.77519  2.98518  4.58477  3.61503
          0.03151  3.86887  4.59122  0.61958  0.77255  0.48576  0.95510
     81   2.86579  4.98438  3.15102  2.62684  4.31071  3.50627  3.59351  3.74738  2.00345  3.23946  4.12100  3.06844  3.92043  1.99242  1.72770  2.87901  3.07266  3.43531  5.34951  4.10630     81 r - - -
          2.68618  4.42225  2.77519  2.73123  3.46354  2.40513  3.72494  3.29354  2.67741  2.69355  4.24690  2.90347  2.73739  3.18146  2.89801  2.37887  2.77519  2.98518  4.58477  3.61503
          0.03151  3.86887  4.59122  0.61958  0.77255  0.48576  0.95510
     82   2.98569  5.11349  0.92323  2.33260  4.49001  3.20790  3.92781  4.07735  3.01123  3.68631  4.66431  2.88880  3.86043  3.16693  3.52698  2.94843  3.32417  3.71691  5.65932  4.36347     82 d - - -
          2.68618  4.42225  2.77519  2.73123  3.46354  2.40513  3.72494  3.29354  2.67741  2.69355  4.24690  2.90347  2.73739  3.18146  2.89801  2.37887  2.77519  2.98518  4.58477  3.61503
          0.03151  3.86887  4.59122  0.61958  0.77255  0.48576  0.95510
     83   1.87388  4.26561  3.72067  3.29093  2.09876  3.47811  4.00808  2.58321  3.23522  2.28940  3.41996  3.53857  4.00746  3.51708  3.50543  2.86177  2.92492  2.42225  4.75649  3.34334     83 a - - -
          2.68618  4.42225  2.77519  2.73123  3.46354  2.40513  3.72494  3.29354  2.67741  2.69355  4.24690  2.90347  2.73739  3.18146  2.89801  2.37887  2.77519  2.98518  4.58477  3.61503
          0.03151  3.86887  4.59122  0.61958  0.77255  0.48576  0.95510
     84   2.94915  5.05953  2.48601  1.03050  4.40528  3.27171  3.85816  3.85847  2.73823  3.47615  4.45032  2.93079  3.87611  3.07388  3.14673  2.93189  3.25335  3.54267  5.57753  4.29974     84 e - - -
          2.68618  4.42225  2.77519  2.73123  3.46354  2.40513  3.72494  3.29354  2.67741  2.69355  4.24690  2.90347  2.73739  3.18146  2.89801  2.37887  2.77519  2.98518  4.58477  3.61503
          0.03151  3.86887  4.59122  0.61958  0.77255  0.48576  0.95510
     85   2.96879  4.93248  3.14454  2.76664  4.31809  3.45866  3.75714  3.74713  1.04321  3.31298  4.27459  3.19128  3.95923  2.94880  2.43086  3.01099  3.22231  3.45511  5.37420  4.18644     85 k - - -
          2.68618  4.42225  2.77519  2.73123  3.46354  2.40513  3.72494  3.29354  2.67741  2.69355  4.24690  2.90347  2.73739  3.18146  2.89801  2.37887  2.77519  2.98518  4.58477  3.61503
          0.03151  3.86887  4.59122  0.61958  0.77255  0.48576  0.95510
     86   2.80523  4.34880  4.12036  3.78335  3.54742  3.72018  4.58568  2.05036  3.65108  2.23505  3.51308  3.97377  4.28087  4.01113  3.86393  3.22347  3.16685  1.02944  5.33126  4.06267     86 v - - -
          2.68618  4.42225  2.77519  2.73123  3.46354  2.40513  3.72494  3.29354  2.67741  2.69355  4.24690  2.90347  2.73739  3.18146  2.89801  2.37887  2.77519  2.98518  4.58477  3.61503
          0.03151  3.86887  4.59122  0.61958  0.77255  0.48576  0.95510
     87   3.15121  4.61453  4.18372  3.82353  3.13429  3.97759  4.48040  2.33812  3.59132  0.87963  3.15832  4.09936  4.41355  3.96051  3.76798  3.54800  3.44561  2.37452  5.01230  3.73479     87 l - - -
          2.68618  4.42225  2.77519  2.73123  3.46354  2.40513  3.72494  3.29354  2.67741  2.69355  4.24690  2.90347  2.73739  3.18146  2.89801  2.37887  2.77519  2.98518  4.58477  3.61503
          0.03151  3.86887  4.59122  0.61958  0.77255  0.48576  0.95510
     88   3.02829  4.44799  4.33062  3.94625  3.37173  4.06268  4.67502  1.08237  3.77432  1.95847  3.30762  4.19210  4.49422  4.12297  3.97130  3.55761  3.32751  1.84575  5.26184  3.99984     88 i - - -
          2.68618  4.42225  2.77519  2.73123  3.46354  2.40513  3.72494  3.29354  2.67741  2.69355  4.24690  2.90347  2.73739  3.18146  2.89801  2.37887  2.77519  2.98518  4.58477  3.61503
          0.03151  3.86887  4.59122  0.61958  0.77255  0.48576  0.95510
     89   1.01896  4.19021  3.45891  3.25001  4.04877  3.01485  4.27249  3.17373  3.26617  3.05552  4.08771  3.40054  3.75373  3.60766  3.51697  2.54052  2.81763  2.82876  5.47628  4.27612     89 a - - -
          2.68618  4.42225  2.77519  2.73123  3.46354  2.40513  3.72494  3.29354  2.67741  2.69355  4.24690  2.90347  2.73739  3.18146  2.89801  2.37887  2.77519  2.98518  4.58477  3.61503
          0.03151  3.86887  4.59122  0.61958  0.77255  0.48576  0.95510
     90   1.76815  4.18257  3.78801  3.39114  3.71040  3.32607  4.29307  2.35977  3.31461  2.51980  3.62229  3.57625  3.95509  3.63785  3.58567  2.74822  2.85610  1.60151  5.32633  4.09977     90 v - - -
          2.68618  4.42225  2.77519  2.73123  3.46354  2.40513  3.72494  3.29354  2.67741  2.69355  4.24690  2.90347  2.73739  3.18146  2.89801  2.37887  2.77519  2.98518  4.58477  3.61503
          0.03151  3.86887  4.59122  0.61958  0.77255  0.48576  0.95510
     91   2.66038  4.43620  3.33343  3.23236  4.37478  0.73468  4.35288  3.97350  3.41315  3.62809  4.60378  3.49772  3.82723  3.73758  3.64961  2.83219  3.14134  3.50251  5.47091  4.47655     91 g - - -
          2.68618  4.42225  2.77519  2.73123  3.46354  2.40513  3.72494  3.29354  2.67741  2.69355  4.24690  2.90347  2.73739  3.18146  2.89801  2.37887  2.77519  2.98518  4.58477  3.61503
          0.03151  3.86887  4.59122  0.61958  0.77255  0.48576  0.95510
     92   2.74662  4.50460  3.35339  3.19187  4.18743  3.19232  4.26966  3.73188  3.24886  3.35912  4.40879  3.49896  0.83435  3.63775  3.49483  2.91398  3.18789  3.37767  5.37501  4.30803     92 p - - -
          2.68618  4.42225  2.77519  2.73123  3.46354  2.40513  3.72494  3.29354  2.67741  2.69355  4.24690  2.90347  2.73739  3.18146  2.89801  2.37887  2.77519  2.98518  4.58477  3.61503
          0.03151  3.86887  4.59122  0.61958  0.77255  0.48576  0.95510
     93   1.53286  4.11014  3.32287  3.05248  4.15512  2.89737  4.12959  3.48704  3.10169  3.24865  4.11231  3.22624  3.63841  3.40902  3.40713  1.62374  2.65807  3.00340  5.52548  4.29555     93 a - - -
          2.68618  4.42225  2.77519  2.73123  3.46354  2.40513  3.72494  3.29354  2.67741  2.69355  4.24690  2.90347  2.73739  3.18146  2.89801  2.37887  2.77519  2.98518  4.58477  3.61503
          0.03151  3.86887  4.59122  0.61958  0.77255  0.48576  0.95510
     94   2.98498  4.42338  4.36282  3.86700  3.26344  4.11949  4.58438  1.96494  3.70080  1.41182  3.14327  4.13624  4.48007  3.99802  3.91822  3.49502  3.25727  1.47695  5.18259  3.96104     94 l - - -
          2.68618  4.42225  2.77519  2.73123  3.46354  2.40513  3.72494  3.29354  2.67741  2.69355  4.24690  2.90347  2.73739  3.18146  2.89801  2.37887  2.77519  2.98518  4.58477  3.61503
          0.03151  3.86887  4.59122  0.61958  0.77255  0.48576  0.95510
     95   2.99676  4.36407  4.56120  4.06618  3.45736  4.25634  4.81006  1.38675  3.94269  1.97877  3.28526  4.31118  4.60104  4.22591  4.16131  3.63741  3.26907  1.29789  5.39368  4.18166     95 v - - -
          2.68618  4.42225  2.77519  2.73123  3.46354  2.40513  3.72494  3.29354  2.67741  2.69355  4.24690  2.90347  2.73739  3.18146  2.89801  2.37887  2.77519  2.98518  4.58477  3.61503
          0.03151  3.86887  4.59122  0.61958  0.77255  0.48576  0.95510
     96   3.15121  4.61453  4.18372  3.82353  3.13429  3.97759  4.48040  2.33812  3.59132  0.87963  3.15832  4.09936  4.41355  3.96051  3.76798  3.54800  3.44561  2.37452  5.01230  3.73479     96 l - - -
          2.68618  4.42225  2.77519  2.73123  3.46354  2.40513  3.72494  3.29354  2.67741  2.69355  4.24690  2.90347  2.73739  3.18146  2.89801  2.37887  2.77519  2.98518  4.58477  3.61503
          0.03151  3.86887  4.59122  0.61958  0.77255  0.48576  0.95510
     97   1.50373  4.13328  3.25856  3.03219  4.22142  1.79130  4.15160  3.56413  3.14078  3.31438  4.17650  3.22150  3.64296  3.43258  3.44892  2.37689  2.68564  3.06283  5.56544  4.35647     97 a - - -
          2.68618  4.42225  2.77519  2.73123  3.46354  2.40513  3.72494  3.29354  2.67741  2.69355  4.24690  2.90347  2.73739  3.18146  2.89801  2.37887  2.77519  2.98518  4.58477  3.61503
          0.03151  3.86887  4.59122  0.61958  0.77255  0.48576  0.95510
     98   2.73621  4.75419  2.81310  1.89692  3.48593  3.41163  3.65591  3.32743  2.56353  2.94447  3.87376  2.99460  3.88101  2.94279  2.95183  2.79030  2.98405  3.06663  4.93851  2.30901     98 e - - -
          2.68618  4.42225  2.77519  2.73123  3.46354  2.40513  3.72494  3.29354  2.67741  2.69355  4.24690  2.90347  2.73739  3.18146  2.89801  2.37887  2.77519  2.98518  4.58477  3.61503
          0.03151  3.86887  4.59122  0.61958  0.77255  0.48576  0.95510
     99   2.80656  5.13221  2.46528  1.72984  4.41730  3.29643  3.64883  3.87656  2.38378  3.40511  4.26575  2.80091  3.82164  2.01614  2.78119  2.76289  3.05920  3.52256  5.57068  4.20162     99 e - - -
          2.68618  4.42225  2.77519  2.73123  3.46354  2.40513  3.72494  3.29354  2.67741  2.69355  4.24690  2.90347  2.73739  3.18146  2.89801  2.37887  2.77519  2.98518  4.58477  3.61503
          0.03151  3.86887  4.59122  0.61958  0.77255  0.48576  0.95510
    100   3.24185  4.73230  3.83290  3.56159  2.29352  3.82593  3.61678  3.25156  3.41921  2.70642  3.92696  3.71899  4.29984  3.72611  3.60366  3.37891  3.52850  3.12194  3.93715  0.97179    100 y - - -
          2.68618  4.42225  2.77519  2.73123  3.46354  2.40513  3.72494  3.29354  2.67741  2.69355  4.24690  2.90347  2.73739  3.18146  2.89801  2.37887  2.77519  2.98518  4.58477  3.61503
          0.03151  3.86887  4.59122  0.61958  0.77255  0.48576  0.95510
    101   2.66670  4.28161  3.85218  3.38599  3.51022  3.64140  4.25344  1.67906  3.25843  2.25637  3.41641  3.67261  4.13433  3.60962  3.53362  3.01409  2.09281  2.01110  5.18526  3.95359    101 i - - -
          2.68618  4.42225  2.77519  2.73123  3.46354  2.40513  3.72494  3.29354  2.67741  2.69355  4.24690  2.90347  2.73739  3.18146  2.89801  2.37887  2.77519  2.98518  4.58477  3.61503
          0.03151  3.86887  4.59122  0.61958  0.77255  0.48576  0.95510
    102   2.58951  4.62967  2.92769  2.56988  4.03328  3.28206  3.73658  3.40151  2.45479  3.03721  3.94782  3.01953  3.81217  2.08642  2.79485  2.67135  2.07051  3.09000  5.32995  4.03181    102 t - - -
          2.68618  4.42225  2.77519  2.73123  3.46354  2.40513  3.72494  3.29354  2.67741  2.69355  4.24690  2.90347  2.73739  3.18146  2.89801  2.37887  2.77519  2.98518  4.58477  3.61503
          0.03151  3.86887  4.59122  0.61958  0.77255  0.48576  0.95510
    103   2.71562  4.91489  2.52148  1.70667  4.31000  3.24108  3.72566  3.73755  2.56445  3.33599  4.20608  2.85120  2.24451  2.90477  2.99767  2.71921  3.00874  3.38275  5.52951  4.18927    103 e - - -
          2.68618  4.42225  2.77519  2.73123  3.46354  2.40513  3.72494  3.29354  2.67741  2.69355  4.24690  2.90347  2.73739  3.18146  2.89801  2.37887  2.77519  2.98518  4.58477  3.61503
          0.03151  3.86887  4.59122  0.61958  0.77255  0.48576  0.95510
    104   2.80523  4.34880  4.12036  3.78335  3.54742  3.72018  4.58568  2.05036  3.65108  2.23505  3.51308  3.97377  4.28087  4.01113  3.86393  3.22347  3.16685  1.02944  5.33126  4.06267    104 v - - -
          2.68618  4.42225  2.77519  2.73123  3.46354  2.40513  3.72494  3.29354  2.67741  2.69355  4.24690  2.90347  2.73739  3.18146  2.89801  2.37887  2.77519  2.98518  4.58477  3.61503
          0.03151  3.86887  4.59122  0.61958  0.77255  0.48576  0.95510
    105   2.41073  4.25580  3.42484  3.17664  3.96564  3.09521  4.19425  3.09234  3.11955  2.95596  4.00668  3.38662  3.79867  3.51454  3.37843  2.61195  1.17802  2.78770  5.40376  4.18226    105 t - - -
          2.68618  4.42225  2.77519  2.73123  3.46354  2.40513  3.72494  3.29354  2.67741  2.69355  4.24690  2.90347  2.73739  3.18146  2.89801  2.37887  2.77519  2.98518  4.58477  3.61503
          0.03151  3.86887  4.59122  0.61958  0.77255  0.48576  0.95510
    106   2.98569  5.11349  0.92323  2.33260  4.49001  3.20790  3.92781  4.07735  3.01123  3.68631  4.66431  2.88880  3.86043  3.16693  3.52698  2.94843  3.32417  3.71691  5.65932  4.36347    106 d - - -
          2.68618  4.42225  2.77519  2.73123  3.46354  2.40513  3.72494  3.29354  2.67741  2.69355  4.24690  2.90347  2.73739  3.18146  2.89801  2.37887  2.77519  2.98518  4.58477  3.61503
          0.03151  3.86887  4.59122  0.61958  0.77255  0.48576  0.95510
    107   3.15121  4.61453  4.18372  3.82353  3.13429  3.97759  4.48040  2.33812  3.59132  0.87963  3.15832  4.09936  4.41355  3.96051  3.76798  3.54800  3.44561  2.37452  5.01230  3.73479    107 l - - -
          2.68618  4.42225  2.77519  2.73123  3.46354  2.40513  3.72494  3.29354  2.67741  2.69355  4.24690  2.90347  2.73739  3.18146  2.89801  2.37887  2.77519  2.98518  4.58477  3.61503
          0.03151  3.86887  4.59122  0.61958  0.77255  0.48576  0.95510
    108   3.12608  4.49226  4.56937  4.05146  3.17132  4.34632  4.70545  1.50391  3.87549  1.29236  3.02369  4.32857  4.61522  4.12862  4.06318  3.71404  3.37150  1.91352  5.17244  3.98315    108 l - - -
          2.68618  4.42225  2.77519  2.73123  3.46354  2.40513  3.72494  3.29354  2.67741  2.69355  4.24690  2.90347  2.73739  3.18146  2.89801  2.37887  2.77519  2.98518  4.58477  3.61503
          0.03151  3.86887  4.59122  0.61958  0.77255  0.48576  0.95510
    109   2.65549  4.53555  3.09753  2.73966  3.54043  3.40769  3.80027  2.98470  2.66732  1.96117  3.71613  2.16051  3.90953  3.09258  3.00022  2.79431  2.94602  2.76704  5.02558  3.64328    109 l - - -
          2.68618  4.42225  2.77519  2.73123  3.46354  2.40513  3.72494  3.29354  2.67741  2.69355  4.24690  2.90347  2.73739  3.18146  2.89801  2.37887  2.77519  2.98518  4.58477  3.61503
          0.03151  3.86887  4.59122  0.61958  0.77255  0.48576  0.95510
    110   2.63559  4.67347  3.03165  2.61121  4.11711  3.33568  3.70588  3.41442  1.77837  3.08850  3.97767  3.05034  3.83781  2.88713  2.62045  2.71325  2.08521  3.10197  5.34126  4.07503    110 k - - -
          2.68618  4.42225  2.77519  2.73123  3.46354  2.40513  3.72494  3.29354  2.67741  2.69355  4.24690  2.90347  2.73739  3.18146  2.89801  2.37887  2.77519  2.98518  4.58477  3.61503
          0.03151  3.86887  4.59122  0.61958  0.77255  0.48576  0.95510
    111   2.64481  4.33687  3.67774  3.22669  3.44917  3.54162  4.11685  2.43916  3.06449  1.68981  3.40000  3.53748  4.04884  3.45328  3.34255  2.92129  2.06295  2.29953  5.10423  3.85263    111 l - - -
          2.68618  4.42225  2.77519  2.73123  3.46354  2.40513  3.72494  3.29354  2.67741  2.69355  4.24690  2.90347  2.73739  3.18146  2.89801  2.37887  2.77519  2.98518  4.58477  3.61503
          0.03151  3.86887  4.59122  0.61958  0.77255  0.48576  0.95510
    112   2.21903  4.18592  3.10674  2.90136  4.26593  1.81422  4.08871  3.73198  3.05760  3.40470  4.23879  3.14688  3.63727  3.35043  3.39147  1.60709  2.69884  3.18259  5.58771  4.34145    112 s - - -
          2.68618  4.42225  2.77519  2.73123  3.46354  2.40513  3.72494  3.29354  2.67741  2.69355  4.24690  2.90347  2.73739  3.18146  2.89801  2.37887  2.77519  2.98518  4.58477  3.61503
          0.03151  3.86887  4.59122  0.61958  0.77255  0.48576  0.95510
    113   2.81477  5.23765  1.62144  2.11122  4.55792  3.16522  3.72127  4.10508  2.71433  3.64857  4.50450  1.87603  3.78184  2.89774  3.27035  2.74077  3.11779  3.69117  5.78150  4.31044    113 d - - -
          2.68618  4.42225  2.77519  2.73123  3.46354  2.40513  3.72494  3.29354  2.67741  2.69355  4.24690  2.90347  2.73739  3.18146  2.89801  2.37887  2.77519  2.98518  4.58477  3.61503
          0.03151  3.86887  4.59122  0.61958  0.77255  0.48576  0.95510
    114   1.59460  4.20944  3.23265  2.94223  4.09494  2.98970  4.05279  3.39590  2.98358  3.14280  4.04336  3.19989  2.07678  3.31625  3.30933  2.44583  2.72473  2.97970  5.46038  4.22726    114 a - - -
          2.68618  4.42225  2.77519  2.73123  3.46354  2.40513  3.72494  3.29354  2.67741  2.69355  4.24690  2.90347  2.73739  3.18146  2.89801  2.37887  2.77519  2.98518  4.58477  3.61503
          0.24506  3.86887  1.62729  0.61958  0.77255  0.48576  0.95510
    115   2.92590  4.45816  3.83925  3.49345  3.07567  3.69495  4.21526  2.28906  3.26288  1.19052  3.19188  3.78654  4.17726  3.68326  3.46759  3.26179  3.23613  2.26854  4.86394  3.53510    115 l - - -
          2.68618  4.42225  2.77519  2.73123  3.46354  2.40513  3.72494  3.29354  2.67741  2.69355  4.24690  2.90347  2.73739  3.18146  2.89801  2.37887  2.77519  2.98518  4.58477  3.61503
          0.03887  3.66268  4.38503  0.61958  0.77255  0.39899  1.11170
    116   2.66038  4.43620  3.33343  3.23236  4.37478  0.73468  4.35288  3.97350  3.41315  3.62809  4.60378  3.49772  3.82723  3.73758  3.64961  2.83219  3.14134  3.50251  5.47091  4.47655    116 g - - -
          2.68618  4.42225  2.77519  2.73123  3.46354  2.40513  3.72494  3.29354  2.67741  2.69355  4.24690  2.90347  2.73739  3.18146  2.89801  2.37887  2.77519  2.98518  4.58477  3.61503
          0.03151  3.86887  4.59122  0.61958  0.77255  0.48576  0.95510
    117   2.58108  4.36030  3.44144  2.97930  3.49918  3.43002  3.93822  2.76340  2.86058  2.36284  2.26795  3.34132  2.38711  3.24193  3.17455  2.79052  2.88784  2.59654  5.05020  3.79891    117 m - - -
          2.68618  4.42225  2.77519  2.73123  3.46354  2.40513  3.72494  3.29354  2.67741  2.69355  4.24690  2.90347  2.73739  3.18146  2.89801  2.37887  2.77519  2.98518  4.58477  3.61503
          0.03151  3.86887  4.59122  0.61958  0.77255  0.48576  0.95510
    118   2.72109  4.51710  3.32955  2.86569  3.51841  3.57213  3.85446  2.03572  2.65363  2.38494  3.49552  3.28860  3.99725  2.22421  2.96105  2.90463  2.97295  2.56059  5.05728  3.76992    118 i - - -
          2.68618  4.42225  2.77519  2.73123  3.46354  2.40513  3.72494  3.29354  2.67741  2.69355  4.24690  2.90347  2.73739  3.18146  2.89801  2.37887  2.77519  2.98518  4.58477  3.61503
          0.03151  3.86887  4.59122  0.61958  0.77255  0.48576  0.95510
    119   1.91790  4.26394  3.86464  3.42055  3.53923  3.59854  4.29336  1.66161  3.32039  2.28219  3.44400  3.68452  4.12061  3.65395  3.59399  2.98604  2.97149  2.00262  5.22091  3.98961    119 i - - -
          2.68618  4.42225  2.77519  2.73123  3.46354  2.40513  3.72494  3.29354  2.67741  2.69355  4.24690  2.90347  2.73739  3.18146  2.89801  2.37887  2.77519  2.98518  4.58477  3.61503
          0.03151  3.86887  4.59122  0.61958  0.77255  0.48576  0.95510
    120   1.01896  4.19021  3.45891  3.25001  4.04877  3.01485  4.27249  3.17373  3.26617  3.05552  4.08771  3.40054  3.75373  3.60766  3.51697  2.54052  2.81763  2.82876  5.47628  4.27612    120 a - - -
          2.68618  4.42225  2.77519  2.73123  3.46354  2.40513  3.72494  3.29354  2.67741  2.69355  4.24690  2.90347  2.73739  3.18146  2.89801  2.37887  2.77519  2.98518  4.58477  3.61503
          0.03151  3.86887  4.59122  0.61958  0.77255  0.48576  0.95510
    121   3.25374  4.65655  4.23379  3.94757  1.01763  3.94440  3.87559  2.77784  3.85469  2.14871  3.50851  4.01510  4.40305  4.02365  3.97530  3.52387  3.55486  2.76828  4.12568  2.49312    121 f - - -
          2.68618  4.42225  2.77519  2.73123  3.46354  2.40513  3.72494  3.29354  2.67741  2.69355  4.24690  2.90347  2.73739  3.18146  2.89801  2.37887  2.77519  2.98518  4.58477  3.61503
          0.03151  3.86887  4.59122  0.61958  0.77255  0.48576  0.95510
    122   2.80523  4.34880  4.12036  3.78335  3.54742  3.72018  4.58568  2.05036  3.65108  2.23505  3.51308  3.97377  4.28087  4.01113  3.86393  3.22347  3.16685  1.02944  5.33126  4.06267    122 v - - -
          2.68618  4.42225  2.77519  2.73123  3.46354  2.40513  3.72494  3.29354  2.67741  2.69355  4.24690  2.90347  2.73739  3.18146  2.89801  2.37887  2.77519  2.98518  4.58477  3.61503
          0.03151  3.86887  4.59122  0.61958  0.77255  0.48576  0.95510
    123   2.98498  4.42338  4.36282  3.86700  3.26344  4.11949  4.58438  1.96494  3.70080  1.41182  3.14327  4.13624  4.48007  3.99802  3.91822  3.49502  3.25727  1.47695  5.18259  3.96104    123 l - - -
          2.68618  4.42225  2.77519  2.73123  3.46354  2.40513  3.72494  3.29354  2.67741  2.69355  4.24690  2.90347  2.73739  3.18146  2.89801  2.37887  2.77519  2.98518  4.58477  3.61503
          0.03151  3.86887  4.59122  0.61958  0.77255  0.48576  0.95510
    124   2.22512  4.15966  3.28696  2.98190  4.09428  2.95273  4.06032  3.42259  2.98991  3.17756  4.04886  3.20438  3.66475  3.32811  3.30496  1.67687  1.80453  2.97767  5.46245  4.22055    124 s - - -
          2.68618  4.42225  2.77519  2.73123  3.46354  2.40513  3.72494  3.29354  2.67741  2.69355  4.24690  2.90347  2.73739  3.18146  2.89801  2.37887  2.77519  2.98518  4.58477  3.61503
          0.03151  3.86887  4.59122  0.61958  0.77255  0.48576  0.95510
    125   2.80523  4.34880  4.12036  3.78335  3.54742  3.72018  4.58568  2.05036  3.65108  2.23505  3.51308  3.97377  4.28087  4.01113  3.86393  3.22347  3.16685  1.02944  5.33126  4.06267    125 v - - -
          2.68618  4.42225  2.77519  2.73123  3.46354  2.40513  3.72494  3.29354  2.67741  2.69355  4.24690  2.90347  2.73739  3.18146  2.89801  2.37887  2.77519  2.98518  4.58477  3.61503
          0.03151  3.86887  4.59122  0.61958  0.77255  0.48576  0.95510
    126   2.80523  4.34880  4.12036  3.78335  3.54742  3.72018  4.58568  2.05036  3.65108  2.23505  3.51308  3.97377  4.28087  4.01113  3.86393  3.22347  3.16685  1.02944  5.33126  4.06267    126 v - - -
          2.68618  4.42225  2.77519  2.73123  3.46354  2.40513  3.72494  3.29354  2.67741  2.69355  4.24690  2.90347  2.73739  3.18146  2.89801  2.37887  2.77519  2.98518  4.58477  3.61503
          0.03151  3.86887  4.59122  0.61958  0.77255  0.48576  0.95510
    127   1.53286  4.11014  3.32287  3.05248  4.15512  2.89737  4.12959  3.48704  3.10169  3.24865  4.11231  3.22624  3.63841  3.40902  3.40713  1.62374  2.65807  3.00340  5.52548  4.29555    127 a - - -
          2.68618  4.42225  2.77519  2.73123  3.46354  2.40513  3.72494  3.29354  2.67741  2.69355  4.24690  2.90347  2.73739  3.18146  2.89801  2.37887  2.77519  2.98518  4.58477  3.61503
          0.03151  3.86887  4.59122  0.61958  0.77255  0.48576  0.95510
    128   3.32955  4.70554  4.08562  3.79080  2.66253  3.72608  3.89535  3.35297  3.51308  2.74849  3.98694  3.94058  4.24351  3.90088  3.64207  3.53329  3.62976  3.24321  0.89258  2.66481    128 w - - -
          2.68618  4.42225  2.77519  2.73123  3.46354  2.40513  3.72494  3.29354  2.67741  2.69355  4.24690  2.90347  2.73739  3.18146  2.89801  2.37887  2.77519  2.98518  4.58477  3.61503
          0.03151  3.86887  4.59122  0.61958  0.77255  0.48576  0.95510
    129   2.66038  4.43620  3.33343  3.23236  4.37478  0.73468  4.35288  3.97350  3.41315  3.62809  4.60378  3.49772  3.82723  3.73758  3.64961  2.83219  3.14134  3.50251  5.47091  4.47655    129 g - - -
          2.68618  4.42225  2.77519  2.73123  3.46354  2.40513  3.72494  3.29354  2.67741  2.69355  4.24690  2.90347  2.73739  3.18146  2.89801  2.37887  2.77519  2.98518  4.58477  3.61503
          0.03151  3.86887  4.59122  0.61958  0.77255  0.48576  0.95510
    130   2.80523  4.34880  4.12036  3.78335  3.54742  3.72018  4.58568  2.05036  3.65108  2.23505  3.51308  3.97377  4.28087  4.01113  3.86393  3.22347  3.16685  1.02944  5.33126  4.06267    130 v - - -
          2.68618  4.42225  2.77519  2.73123  3.46354  2.40513  3.72494  3.29354  2.67741  2.69355  4.24690  2.90347  2.73739  3.18146  2.89801  2.37887  2.77519  2.98518  4.58477  3.61503
          0.03151  3.86887  4.59122  0.61958  0.77255  0.48576  0.95510
    131   1.01896  4.19021  3.45891  3.25001  4.04877  3.01485  4.27249  3.17373  3.26617  3.05552  4.08771  3.40054  3.75373  3.60766  3.51697  2.54052  2.81763  2.82876  5.47628  4.27612    131 a - - -
          2.68618  4.42225  2.77519  2.73123  3.46354  2.40513  3.72494  3.29354  2.67741  2.69355  4.24690  2.90347  2.73739  3.18146  2.89801  2.37887  2.77519  2.98518  4.58477  3.61503
          0.03151  3.86887  4.59122  0.61958  0.77255  0.48576  0.95510
    132   2.80523  4.34880  4.12036  3.78335  3.54742  3.72018  4.58568  2.05036  3.65108  2.23505  3.51308  3.97377  4.28087  4.01113  3.86393  3.22347  3.16685  1.02944  5.33126  4.06267    132 v - - -
          2.68618  4.42225  2.77519  2.73123  3.46354  2.40513  3.72494  3.29354  2.67741  2.69355  4.24690  2.90347  2.73739  3.18146  2.89801  2.37887  2.77519  2.98518  4.58477  3.61503
          0.03151  3.86887  4.59122  0.61958  0.77255  0.48576  0.95510
    133   3.00135  4.84079  3.49163  3.00341  4.19446  3.49008  3.82159  3.73590  2.23582  3.25248  4.25272  3.36343  3.99281  3.04207  0.98390  3.08568  3.26754  3.45999  5.27894  4.12257    133 r - - -
          2.68618  4.42225  2.77519  2.73123  3.46354  2.40513  3.72494  3.29354  2.67741  2.69355  4.24690  2.90347  2.73739  3.18146  2.89801  2.37887  2.77519  2.98518  4.58477  3.61503
          0.02132  3.85868        *  0.61958  0.77255  0.00000        *
//
