HMMER3/f [3.3.2 | Nov 2020]
NAME  vHMM_21198
LENG  144
ALPH  amino
RF    no
MM    no
CONS  yes
CS    no
MAP   yes
DATE  Sat Feb 27 13:45:40 2021
NSEQ  4
EFFN  0.464844
CKSUM 2994526644
STATS LOCAL MSV      -10.2402  0.71006
STATS LOCAL VITERBI  -10.8288  0.71006
STATS LOCAL FORWARD   -4.6377  0.71006
CUTOFF SCORE	216.8
TAXON	Fuselloviridae
TXID	10474
PROTEIN	Structural protein
TYPE	Full-length
RANGE	Wide
HMM          A        C        D        E        F        G        H        I        K        L        M        N        P        Q        R        S        T        V        W        Y   
            m->m     m->i     m->d     i->m     i->i     d->m     d->d
  COMPO   2.50856  4.50120  3.20001  2.92145  3.18437  2.91048  4.01983  2.51497  2.76482  2.22839  3.66779  3.12165  3.32919  3.25857  3.06705  2.75812  2.81680  2.39273  4.59739  3.42866
          2.68618  4.42225  2.77519  2.73123  3.46354  2.40513  3.72494  3.29354  2.67741  2.69355  4.24690  2.90347  2.73739  3.18146  2.89801  2.37887  2.77519  2.98518  4.58477  3.61503
          0.23642  3.84512  1.66514  0.61958  0.77255  0.00000        *
      1   2.80561  4.39808  3.80674  3.39702  3.13850  3.65777  4.18506  2.29389  3.17139  1.78402  1.89816  3.69792  4.13032  3.57717  3.40039  3.12463  3.11346  2.26908  4.93998  3.67208      1 l - - -
          2.68618  4.42225  2.77519  2.73123  3.46354  2.40513  3.72494  3.29354  2.67741  2.69355  4.24690  2.90347  2.73739  3.18146  2.89801  2.37887  2.77519  2.98518  4.58477  3.61503
          0.03945  3.64815  4.37050  0.61958  0.77255  0.63319  0.75693
      2   2.76892  4.59514  3.23818  2.82069  3.89163  3.27979  3.70340  3.43008  2.21536  2.98908  4.01156  3.19025  3.80778  2.94961  1.39561  2.87287  3.06028  3.16783  5.07633  3.88281      2 r - - -
          2.68618  4.42225  2.77519  2.73123  3.46354  2.40513  3.72494  3.29354  2.67741  2.69355  4.24690  2.90347  2.73739  3.18146  2.89801  2.37887  2.77519  2.98518  4.58477  3.61503
          0.03945  3.64815  4.37050  0.61958  0.77255  0.63319  0.75693
      3   2.90967  4.44742  3.81297  3.46971  3.07276  3.67218  4.19614  2.28911  3.23933  1.21820  3.19808  3.76365  4.15886  3.66358  3.44551  3.24064  3.22169  2.26421  4.85329  3.52068      3 l - - -
          2.68618  4.42225  2.77519  2.73123  3.46354  2.40513  3.72494  3.29354  2.67741  2.69355  4.24690  2.90347  2.73739  3.18146  2.89801  2.37887  2.77519  2.98518  4.58477  3.61503
          0.03945  3.64815  4.37050  0.61958  0.77255  0.63319  0.75693
      4   2.90967  4.44742  3.81297  3.46971  3.07276  3.67218  4.19614  2.28911  3.23933  1.21820  3.19808  3.76365  4.15886  3.66358  3.44551  3.24064  3.22169  2.26421  4.85329  3.52068      4 l - - -
          2.68618  4.42225  2.77519  2.73123  3.46354  2.40513  3.72494  3.29354  2.67741  2.69355  4.24690  2.90347  2.73739  3.18146  2.89801  2.37887  2.77519  2.98518  4.58477  3.61503
          0.03945  3.64815  4.37050  0.61958  0.77255  0.63319  0.75693
      5   2.76892  4.59514  3.23818  2.82069  3.89163  3.27979  3.70340  3.43008  2.21536  2.98908  4.01156  3.19025  3.80778  2.94961  1.39561  2.87287  3.06028  3.16783  5.07633  3.88281      5 r - - -
          2.68618  4.42225  2.77519  2.73123  3.46354  2.40513  3.72494  3.29354  2.67741  2.69355  4.24690  2.90347  2.73739  3.18146  2.89801  2.37887  2.77519  2.98518  4.58477  3.61503
          0.03945  3.64815  4.37050  0.61958  0.77255  0.63319  0.75693
      6   2.23018  4.13856  3.03088  2.85052  3.85004  2.87335  3.95913  3.34836  2.90626  3.09302  4.05183  3.10429  3.59620  3.27899  3.18949  1.49377  2.69569  2.93679  5.24541  3.93512      6 s - - -
          2.68618  4.42225  2.77519  2.73123  3.46354  2.40513  3.72494  3.29354  2.67741  2.69355  4.24690  2.90347  2.73739  3.18146  2.89801  2.37887  2.77519  2.98518  4.58477  3.61503
          0.03945  3.64815  4.37050  0.61958  0.77255  0.63319  0.75693
      7   2.90967  4.44742  3.81297  3.46971  3.07276  3.67218  4.19614  2.28911  3.23933  1.21820  3.19808  3.76365  4.15886  3.66358  3.44551  3.24064  3.22169  2.26421  4.85329  3.52068      7 l - - -
          2.68618  4.42225  2.77519  2.73123  3.46354  2.40513  3.72494  3.29354  2.67741  2.69355  4.24690  2.90347  2.73739  3.18146  2.89801  2.37887  2.77519  2.98518  4.58477  3.61503
          0.03945  3.64815  4.37050  0.61958  0.77255  0.47437  0.97360
      8   1.88315  4.25469  3.58807  3.13125  3.48723  3.39923  4.05052  2.50054  3.01109  2.27793  2.51829  3.43263  3.93611  3.37219  3.30563  2.77467  2.85651  2.33418  5.09821  3.86538      8 a - - -
          2.68618  4.42225  2.77519  2.73123  3.46354  2.40513  3.72494  3.29354  2.67741  2.69355  4.24690  2.90347  2.73739  3.18146  2.89801  2.37887  2.77519  2.98518  4.58477  3.61503
          0.03437  3.78367  4.50602  0.61958  0.77255  0.53736  0.87777
      9   2.78410  4.93844  2.85012  2.01858  4.27137  3.38788  3.59620  3.67636  2.13051  3.22323  4.09516  2.94895  3.84537  2.75499  1.82891  2.79072  3.01309  3.35653  5.36808  4.09727      9 r - - -
          2.68618  4.42225  2.77519  2.73123  3.46354  2.40513  3.72494  3.29354  2.67741  2.69355  4.24690  2.90347  2.73739  3.18146  2.89801  2.37887  2.77519  2.98518  4.58477  3.61503
          0.03437  3.78367  4.50602  0.61958  0.77255  0.45480  1.00670
     10   2.63789  4.46958  3.34479  2.78748  3.62296  3.53156  3.77310  2.74722  2.04836  2.52619  3.07647  3.21779  3.93038  3.01363  2.86634  2.80920  2.87806  2.19254  5.06907  3.81698     10 k - - -
          2.68618  4.42225  2.77519  2.73123  3.46354  2.40513  3.72494  3.29354  2.67741  2.69355  4.24690  2.90347  2.73739  3.18146  2.89801  2.37887  2.77519  2.98518  4.58477  3.61503
          0.03228  3.84512  4.56746  0.61958  0.77255  0.48576  0.95510
     11   2.84242  4.32158  4.09238  3.56290  2.76373  3.86122  3.94248  1.83849  3.35066  1.99580  3.19479  3.77585  4.22325  3.64285  3.54586  3.19642  3.08502  2.33899  2.49837  2.97568     11 i - - -
          2.68618  4.42225  2.77519  2.73123  3.46354  2.40513  3.72494  3.29354  2.67741  2.69355  4.24690  2.90347  2.73739  3.18146  2.89801  2.37887  2.77519  2.98518  4.58477  3.61503
          0.03228  3.84512  4.56746  0.61958  0.77255  0.48576  0.95510
     12   1.55380  4.10190  3.30155  3.03417  4.13677  2.88893  4.11390  3.46423  3.08393  3.22966  4.09644  3.21206  3.62877  3.39363  3.38911  1.64732  2.64943  2.98573  5.50888  4.27702     12 a - - -
          2.68618  4.42225  2.77519  2.73123  3.46354  2.40513  3.72494  3.29354  2.67741  2.69355  4.24690  2.90347  2.73739  3.18146  2.89801  2.37887  2.77519  2.98518  4.58477  3.61503
          0.03228  3.84512  4.56746  0.61958  0.77255  0.48576  0.95510
     13   2.61156  4.70111  2.88459  2.53005  4.18798  3.26757  3.69296  3.60312  1.79531  3.21066  4.06985  2.98220  3.79939  2.87128  2.65312  1.97734  2.91379  3.24420  5.38804  4.09455     13 k - - -
          2.68618  4.42225  2.77519  2.73123  3.46354  2.40513  3.72494  3.29354  2.67741  2.69355  4.24690  2.90347  2.73739  3.18146  2.89801  2.37887  2.77519  2.98518  4.58477  3.61503
          0.03228  3.84512  4.56746  0.61958  0.77255  0.48576  0.95510
     14   3.12494  4.59553  4.14542  3.78552  3.12592  3.94710  4.44985  2.32892  3.55352  0.90963  3.15810  4.06361  4.38741  3.92841  3.73391  3.51531  3.42058  2.35908  4.99491  3.71178     14 l - - -
          2.68618  4.42225  2.77519  2.73123  3.46354  2.40513  3.72494  3.29354  2.67741  2.69355  4.24690  2.90347  2.73739  3.18146  2.89801  2.37887  2.77519  2.98518  4.58477  3.61503
          0.03228  3.84512  4.56746  0.61958  0.77255  0.48576  0.95510
     15   2.80897  4.96441  2.83804  2.49421  4.33939  3.38033  3.63030  3.78140  1.43331  3.32601  4.19440  2.58051  3.86770  2.79269  2.42580  2.81510  3.05572  3.43989  5.42281  4.13783     15 k - - -
          2.68618  4.42225  2.77519  2.73123  3.46354  2.40513  3.72494  3.29354  2.67741  2.69355  4.24690  2.90347  2.73739  3.18146  2.89801  2.37887  2.77519  2.98518  4.58477  3.61503
          0.03228  3.84512  4.56746  0.61958  0.77255  0.48576  0.95510
     16   2.65446  4.46715  3.25254  2.17358  3.62799  3.55281  3.85645  2.18369  2.73124  2.49292  3.52880  3.23316  3.96625  3.10165  3.10448  2.84514  2.90311  2.19326  5.13462  3.86379     16 e - - -
          2.68618  4.42225  2.77519  2.73123  3.46354  2.40513  3.72494  3.29354  2.67741  2.69355  4.24690  2.90347  2.73739  3.18146  2.89801  2.37887  2.77519  2.98518  4.58477  3.61503
          0.03228  3.84512  4.56746  0.61958  0.77255  0.48576  0.95510
     17   1.60821  4.11466  3.42902  3.10900  4.01595  2.97644  4.13092  3.10238  3.08626  3.00537  3.94411  3.28509  3.69023  3.41891  3.37979  2.42442  1.82991  2.73796  5.44344  4.22692     17 a - - -
          2.68618  4.42225  2.77519  2.73123  3.46354  2.40513  3.72494  3.29354  2.67741  2.69355  4.24690  2.90347  2.73739  3.18146  2.89801  2.37887  2.77519  2.98518  4.58477  3.61503
          0.03228  3.84512  4.56746  0.61958  0.77255  0.48576  0.95510
     18   2.71591  4.86009  2.95865  2.49158  4.13148  3.41579  2.73617  3.57520  1.77031  3.14075  3.98955  2.97171  3.84352  2.75343  2.48079  2.74117  2.64044  3.25663  5.29903  4.00081     18 k - - -
          2.68618  4.42225  2.77519  2.73123  3.46354  2.40513  3.72494  3.29354  2.67741  2.69355  4.24690  2.90347  2.73739  3.18146  2.89801  2.37887  2.77519  2.98518  4.58477  3.61503
          0.03228  3.84512  4.56746  0.61958  0.77255  0.48576  0.95510
     19   2.60715  4.62384  2.82444  2.11774  3.88890  3.33897  3.70560  3.15304  2.54494  2.91603  3.80616  2.66585  3.82096  2.91311  2.94697  2.69157  2.87357  2.19688  5.23746  3.92709     19 e - - -
          2.68618  4.42225  2.77519  2.73123  3.46354  2.40513  3.72494  3.29354  2.67741  2.69355  4.24690  2.90347  2.73739  3.18146  2.89801  2.37887  2.77519  2.98518  4.58477  3.61503
          0.03228  3.84512  4.56746  0.61958  0.77255  0.48576  0.95510
     20   1.30906  4.10473  3.43333  3.14816  4.04413  2.95705  4.17289  3.10844  3.13548  3.02453  3.98029  3.30092  3.68703  3.46785  3.41632  2.41850  2.30041  2.74060  5.48164  4.26686     20 a - - -
          2.68618  4.42225  2.77519  2.73123  3.46354  2.40513  3.72494  3.29354  2.67741  2.69355  4.24690  2.90347  2.73739  3.18146  2.89801  2.37887  2.77519  2.98518  4.58477  3.61503
          0.03228  3.84512  4.56746  0.61958  0.77255  0.48576  0.95510
     21   3.12494  4.59553  4.14542  3.78552  3.12592  3.94710  4.44985  2.32892  3.55352  0.90963  3.15810  4.06361  4.38741  3.92841  3.73391  3.51531  3.42058  2.35908  4.99491  3.71178     21 l - - -
          2.68618  4.42225  2.77519  2.73123  3.46354  2.40513  3.72494  3.29354  2.67741  2.69355  4.24690  2.90347  2.73739  3.18146  2.89801  2.37887  2.77519  2.98518  4.58477  3.61503
          0.03228  3.84512  4.56746  0.61958  0.77255  0.48576  0.95510
     22   2.92450  5.00880  3.23929  2.68732  4.40723  3.53489  3.58642  3.78584  1.31247  3.28141  4.16616  3.10649  3.94391  2.73618  1.95791  2.93753  3.12056  3.47586  5.36351  4.16394     22 k - - -
          2.68618  4.42225  2.77519  2.73123  3.46354  2.40513  3.72494  3.29354  2.67741  2.69355  4.24690  2.90347  2.73739  3.18146  2.89801  2.37887  2.77519  2.98518  4.58477  3.61503
          0.03228  3.84512  4.56746  0.61958  0.77255  0.48576  0.95510
     23   2.78660  4.33716  4.08716  3.74980  3.53050  3.69522  4.55638  2.05290  3.61715  2.22254  3.50017  3.94392  4.25751  3.97909  3.83223  3.19732  3.14898  1.06014  5.31020  4.03995     23 v - - -
          2.68618  4.42225  2.77519  2.73123  3.46354  2.40513  3.72494  3.29354  2.67741  2.69355  4.24690  2.90347  2.73739  3.18146  2.89801  2.37887  2.77519  2.98518  4.58477  3.61503
          0.03228  3.84512  4.56746  0.61958  0.77255  0.48576  0.95510
     24   1.05392  4.17904  3.43535  3.22581  4.02564  3.00423  4.25101  3.14710  3.24137  3.02992  4.06508  3.38217  3.74090  3.58513  3.49355  2.52973  2.80522  2.80625  5.45554  4.25283     24 a - - -
          2.68618  4.42225  2.77519  2.73123  3.46354  2.40513  3.72494  3.29354  2.67741  2.69355  4.24690  2.90347  2.73739  3.18146  2.89801  2.37887  2.77519  2.98518  4.58477  3.61503
          0.03228  3.84512  4.56746  0.61958  0.77255  0.48576  0.95510
     25   2.61156  4.70111  2.88459  2.53005  4.18798  3.26757  3.69296  3.60312  1.79531  3.21066  4.06985  2.98220  3.79939  2.87128  2.65312  1.97734  2.91379  3.24420  5.38804  4.09455     25 k - - -
          2.68618  4.42225  2.77519  2.73123  3.46354  2.40513  3.72494  3.29354  2.67741  2.69355  4.24690  2.90347  2.73739  3.18146  2.89801  2.37887  2.77519  2.98518  4.58477  3.61503
          0.03228  3.84512  4.56746  0.61958  0.77255  0.48576  0.95510
     26   2.79979  5.21137  1.64288  2.10685  4.53173  3.15569  3.71171  4.07759  2.70241  3.62568  4.48261  1.90297  3.77156  2.88919  3.25464  2.72905  3.10332  3.66646  5.75905  4.29142     26 d - - -
          2.68618  4.42225  2.77519  2.73123  3.46354  2.40513  3.72494  3.29354  2.67741  2.69355  4.24690  2.90347  2.73739  3.18146  2.89801  2.37887  2.77519  2.98518  4.58477  3.61503
          0.03228  3.84512  4.56746  0.61958  0.77255  0.48576  0.95510
     27   2.71634  4.47784  3.32062  3.15600  4.15289  3.16691  4.23543  3.69160  3.21102  3.32128  4.37021  3.46528  0.88008  3.60065  3.45936  2.88306  3.15583  3.34005  5.34662  4.27330     27 p - - -
          2.68618  4.42225  2.77519  2.73123  3.46354  2.40513  3.72494  3.29354  2.67741  2.69355  4.24690  2.90347  2.73739  3.18146  2.89801  2.37887  2.77519  2.98518  4.58477  3.61503
          0.03228  3.84512  4.56746  0.61958  0.77255  0.48576  0.95510
     28   2.73678  4.70056  3.22598  2.67223  3.35936  3.52653  3.06466  3.31966  2.30098  2.90183  3.80227  3.10892  3.91249  2.86369  2.04015  2.81059  2.95342  3.05555  4.78646  2.61131     28 r - - -
          2.68618  4.42225  2.77519  2.73123  3.46354  2.40513  3.72494  3.29354  2.67741  2.69355  4.24690  2.90347  2.73739  3.18146  2.89801  2.37887  2.77519  2.98518  4.58477  3.61503
          0.03228  3.84512  4.56746  0.61958  0.77255  0.48576  0.95510
     29   2.92450  5.00880  3.23929  2.68732  4.40723  3.53489  3.58642  3.78584  1.31247  3.28141  4.16616  3.10649  3.94391  2.73618  1.95791  2.93753  3.12056  3.47586  5.36351  4.16394     29 k - - -
          2.68618  4.42225  2.77519  2.73123  3.46354  2.40513  3.72494  3.29354  2.67741  2.69355  4.24690  2.90347  2.73739  3.18146  2.89801  2.37887  2.77519  2.98518  4.58477  3.61503
          0.03228  3.84512  4.56746  0.61958  0.77255  0.48576  0.95510
     30   3.30736  4.69400  4.19453  3.81600  1.77303  4.09776  3.44772  3.08543  3.68729  2.48818  3.72115  3.81514  4.44611  3.81243  3.83759  3.45842  3.54393  2.99297  3.66224  1.17997     30 y - - -
          2.68618  4.42225  2.77519  2.73123  3.46354  2.40513  3.72494  3.29354  2.67741  2.69355  4.24690  2.90347  2.73739  3.18146  2.89801  2.37887  2.77519  2.98518  4.58477  3.61503
          0.03228  3.84512  4.56746  0.61958  0.77255  0.48576  0.95510
     31   3.22409  4.63402  4.20112  3.91072  1.05757  3.91965  3.86601  2.75149  3.81851  2.12803  3.48593  3.98858  4.37910  3.99413  3.94499  3.49523  3.52534  2.74012  4.12377  2.49445     31 f - - -
          2.68618  4.42225  2.77519  2.73123  3.46354  2.40513  3.72494  3.29354  2.67741  2.69355  4.24690  2.90347  2.73739  3.18146  2.89801  2.37887  2.77519  2.98518  4.58477  3.61503
          0.03228  3.84512  4.56746  0.61958  0.77255  0.48576  0.95510
     32   2.44431  4.46435  2.85747  2.59579  4.09071  3.11184  3.83637  3.46432  2.68358  3.17698  4.05321  2.05896  3.73524  3.05475  3.05498  2.55184  1.98222  3.08404  5.41401  4.10122     32 t - - -
          2.68618  4.42225  2.77519  2.73123  3.46354  2.40513  3.72494  3.29354  2.67741  2.69355  4.24690  2.90347  2.73739  3.18146  2.89801  2.37887  2.77519  2.98518  4.58477  3.61503
          0.03228  3.84512  4.56746  0.61958  0.77255  0.48576  0.95510
     33   2.78553  5.05746  2.80728  1.90134  4.40306  3.40695  3.57202  3.80677  1.83299  3.31602  4.14801  2.90657  3.84334  2.71009  2.22931  2.76412  3.00154  3.45836  5.44717  4.15256     33 k - - -
          2.68618  4.42225  2.77519  2.73123  3.46354  2.40513  3.72494  3.29354  2.67741  2.69355  4.24690  2.90347  2.73739  3.18146  2.89801  2.37887  2.77519  2.98518  4.58477  3.61503
          0.03228  3.84512  4.56746  0.61958  0.77255  0.48576  0.95510
     34   2.85031  5.28781  1.95740  1.34984  4.58197  3.18157  3.70561  4.06057  2.67509  3.61571  4.48235  2.67545  3.78643  2.87859  3.21668  2.76512  3.13658  3.67294  5.77643  4.32954     34 e - - -
          2.68618  4.42225  2.77519  2.73123  3.46354  2.40513  3.72494  3.29354  2.67741  2.69355  4.24690  2.90347  2.73739  3.18146  2.89801  2.37887  2.77519  2.98518  4.58477  3.61503
          0.03228  3.84512  4.56746  0.61958  0.77255  0.48576  0.95510
     35   2.85983  4.84401  2.88567  2.64040  4.00883  3.34840  3.79832  3.63578  2.46319  3.14081  4.16986  3.09974  3.90173  1.28350  2.74773  2.90893  3.15701  3.36728  5.28590  3.97797     35 q - - -
          2.68618  4.42225  2.77519  2.73123  3.46354  2.40513  3.72494  3.29354  2.67741  2.69355  4.24690  2.90347  2.73739  3.18146  2.89801  2.37887  2.77519  2.98518  4.58477  3.61503
          0.03228  3.84512  4.56746  0.61958  0.77255  0.48576  0.95510
     36   3.02359  4.43327  4.42121  3.88366  3.16161  4.20067  4.56454  1.58563  3.72221  1.63586  2.11811  4.16834  4.49370  3.97560  3.92405  3.54502  3.26825  1.98260  5.10891  3.95164     36 i - - -
          2.68618  4.42225  2.77519  2.73123  3.46354  2.40513  3.72494  3.29354  2.67741  2.69355  4.24690  2.90347  2.73739  3.18146  2.89801  2.37887  2.77519  2.98518  4.58477  3.61503
          0.03228  3.84512  4.56746  0.61958  0.77255  0.48576  0.95510
     37   2.05601  4.46018  2.92922  2.33805  3.97665  3.19985  3.79450  3.22621  2.65158  2.98907  3.87109  3.02448  3.76361  3.00868  3.03951  2.58500  2.07569  2.90578  5.32015  4.03804     37 a - - -
          2.68618  4.42225  2.77519  2.73123  3.46354  2.40513  3.72494  3.29354  2.67741  2.69355  4.24690  2.90347  2.73739  3.18146  2.89801  2.37887  2.77519  2.98518  4.58477  3.61503
          0.03228  3.84512  4.56746  0.61958  0.77255  0.48576  0.95510
     38   2.92949  5.03393  2.47722  1.06492  4.37683  3.25694  3.84187  3.82532  2.71900  3.44702  4.42265  2.91850  3.86035  3.05836  3.12471  2.91492  3.23365  3.51214  5.55359  4.27627     38 e - - -
          2.68618  4.42225  2.77519  2.73123  3.46354  2.40513  3.72494  3.29354  2.67741  2.69355  4.24690  2.90347  2.73739  3.18146  2.89801  2.37887  2.77519  2.98518  4.58477  3.61503
          0.03228  3.84512  4.56746  0.61958  0.77255  0.48576  0.95510
     39   1.05392  4.17904  3.43535  3.22581  4.02564  3.00423  4.25101  3.14710  3.24137  3.02992  4.06508  3.38217  3.74090  3.58513  3.49355  2.52973  2.80522  2.80625  5.45554  4.25283     39 a - - -
          2.68618  4.42225  2.77519  2.73123  3.46354  2.40513  3.72494  3.29354  2.67741  2.69355  4.24690  2.90347  2.73739  3.18146  2.89801  2.37887  2.77519  2.98518  4.58477  3.61503
          0.03228  3.84512  4.56746  0.61958  0.77255  0.48576  0.95510
     40   2.65327  4.25430  3.69736  3.16939  3.09137  3.65051  3.88973  2.10679  3.04589  2.24526  3.30020  3.49326  4.04494  3.36622  3.32510  2.94935  2.61374  2.30278  4.67873  2.39222     40 i - - -
          2.68618  4.42225  2.77519  2.73123  3.46354  2.40513  3.72494  3.29354  2.67741  2.69355  4.24690  2.90347  2.73739  3.18146  2.89801  2.37887  2.77519  2.98518  4.58477  3.61503
          0.03228  3.84512  4.56746  0.61958  0.77255  0.48576  0.95510
     41   2.94792  5.02053  3.33844  2.72651  4.42987  3.56947  3.57272  3.79489  1.60531  3.27925  4.16149  3.13195  3.95929  2.71927  1.51163  2.96154  3.13162  3.48833  5.35405  4.17076     41 r - - -
          2.68618  4.42225  2.77519  2.73123  3.46354  2.40513  3.72494  3.29354  2.67741  2.69355  4.24690  2.90347  2.73739  3.18146  2.89801  2.37887  2.77519  2.98518  4.58477  3.61503
          0.03228  3.84512  4.56746  0.61958  0.77255  0.48576  0.95510
     42   3.00986  4.43667  4.29611  3.91117  3.35615  4.03642  4.64462  1.11244  3.73875  1.94820  3.29619  4.16037  4.47059  4.09008  3.93847  3.52938  3.30965  1.84618  5.24106  3.97675     42 i - - -
          2.68618  4.42225  2.77519  2.73123  3.46354  2.40513  3.72494  3.29354  2.67741  2.69355  4.24690  2.90347  2.73739  3.18146  2.89801  2.37887  2.77519  2.98518  4.58477  3.61503
          0.03228  3.84512  4.56746  0.61958  0.77255  0.48576  0.95510
     43   3.22409  4.63402  4.20112  3.91072  1.05757  3.91965  3.86601  2.75149  3.81851  2.12803  3.48593  3.98858  4.37910  3.99413  3.94499  3.49523  3.52534  2.74012  4.12377  2.49445     43 f - - -
          2.68618  4.42225  2.77519  2.73123  3.46354  2.40513  3.72494  3.29354  2.67741  2.69355  4.24690  2.90347  2.73739  3.18146  2.89801  2.37887  2.77519  2.98518  4.58477  3.61503
          0.03228  3.84512  4.56746  0.61958  0.77255  0.48576  0.95510
     44   3.31011  4.67775  4.23921  3.83406  1.95477  4.09301  3.40200  3.20478  3.62179  2.61726  3.79085  3.80268  4.43286  3.78615  3.75725  3.45100  3.53585  3.07687  2.06123  1.38949     44 y - - -
          2.68618  4.42225  2.77519  2.73123  3.46354  2.40513  3.72494  3.29354  2.67741  2.69355  4.24690  2.90347  2.73739  3.18146  2.89801  2.37887  2.77519  2.98518  4.58477  3.61503
          0.03228  3.84512  4.56746  0.61958  0.77255  0.48576  0.95510
     45   2.85983  4.84401  2.88567  2.64040  4.00883  3.34840  3.79832  3.63578  2.46319  3.14081  4.16986  3.09974  3.90173  1.28350  2.74773  2.90893  3.15701  3.36728  5.28590  3.97797     45 q - - -
          2.68618  4.42225  2.77519  2.73123  3.46354  2.40513  3.72494  3.29354  2.67741  2.69355  4.24690  2.90347  2.73739  3.18146  2.89801  2.37887  2.77519  2.98518  4.58477  3.61503
          0.03228  3.84512  4.56746  0.61958  0.77255  0.48576  0.95510
     46   2.39143  4.19608  3.58517  3.19884  3.75728  3.20297  4.15216  2.63816  3.09447  2.62717  3.69942  3.41739  3.84864  3.46126  3.37872  2.62818  1.61403  2.13388  5.30806  4.06487     46 t - - -
          2.68618  4.42225  2.77519  2.73123  3.46354  2.40513  3.72494  3.29354  2.67741  2.69355  4.24690  2.90347  2.73739  3.18146  2.89801  2.37887  2.77519  2.98518  4.58477  3.61503
          0.03228  3.84512  4.56746  0.61958  0.77255  0.48576  0.95510
     47   3.29122  4.67546  4.05002  3.74961  2.63978  3.70007  3.86739  3.31399  3.47254  2.71345  3.94902  3.90427  4.21561  3.86161  3.60560  3.49516  3.59032  3.20357  0.94232  2.64337     47 w - - -
          2.68618  4.42225  2.77519  2.73123  3.46354  2.40513  3.72494  3.29354  2.67741  2.69355  4.24690  2.90347  2.73739  3.18146  2.89801  2.37887  2.77519  2.98518  4.58477  3.61503
          0.03228  3.84512  4.56746  0.61958  0.77255  0.48576  0.95510
     48   2.96083  5.08389  0.95808  2.31909  4.45739  3.19049  3.90789  4.03947  2.98698  3.65284  4.63070  2.87394  3.84139  3.14725  3.49919  2.92653  3.29894  3.68169  5.63128  4.33527     48 d - - -
          2.68618  4.42225  2.77519  2.73123  3.46354  2.40513  3.72494  3.29354  2.67741  2.69355  4.24690  2.90347  2.73739  3.18146  2.89801  2.37887  2.77519  2.98518  4.58477  3.61503
          0.03228  3.84512  4.56746  0.61958  0.77255  0.48576  0.95510
     49   2.63187  4.40959  3.30001  3.19615  4.33816  0.77259  4.31776  3.93145  3.37367  3.58894  4.56475  3.46440  3.79985  3.70005  3.61237  2.80307  3.11100  3.46508  5.44019  4.43927     49 g - - -
          2.68618  4.42225  2.77519  2.73123  3.46354  2.40513  3.72494  3.29354  2.67741  2.69355  4.24690  2.90347  2.73739  3.18146  2.89801  2.37887  2.77519  2.98518  4.58477  3.61503
          0.03228  3.84512  4.56746  0.61958  0.77255  0.48576  0.95510
     50   2.79979  5.21137  1.64288  2.10685  4.53173  3.15569  3.71171  4.07759  2.70241  3.62568  4.48261  1.90297  3.77156  2.88919  3.25464  2.72905  3.10332  3.66646  5.75905  4.29142     50 d - - -
          2.68618  4.42225  2.77519  2.73123  3.46354  2.40513  3.72494  3.29354  2.67741  2.69355  4.24690  2.90347  2.73739  3.18146  2.89801  2.37887  2.77519  2.98518  4.58477  3.61503
          0.03228  3.84512  4.56746  0.61958  0.77255  0.48576  0.95510
     51   3.00986  4.43667  4.29611  3.91117  3.35615  4.03642  4.64462  1.11244  3.73875  1.94820  3.29619  4.16037  4.47059  4.09008  3.93847  3.52938  3.30965  1.84618  5.24106  3.97675     51 i - - -
          2.68618  4.42225  2.77519  2.73123  3.46354  2.40513  3.72494  3.29354  2.67741  2.69355  4.24690  2.90347  2.73739  3.18146  2.89801  2.37887  2.77519  2.98518  4.58477  3.61503
          0.03228  3.84512  4.56746  0.61958  0.77255  0.48576  0.95510
     52   2.98920  4.38157  4.48924  4.01014  3.39515  4.19712  4.75305  1.24126  3.86504  1.91252  3.24174  4.25788  4.56058  4.16306  4.08146  3.58820  3.26849  1.56073  5.33964  4.11786     52 i - - -
          2.68618  4.42225  2.77519  2.73123  3.46354  2.40513  3.72494  3.29354  2.67741  2.69355  4.24690  2.90347  2.73739  3.18146  2.89801  2.37887  2.77519  2.98518  4.58477  3.61503
          0.03228  3.84512  4.56746  0.61958  0.77255  0.48576  0.95510
     53   2.55637  4.58189  3.10497  2.66519  4.09328  3.25952  3.71777  3.53878  2.32811  3.14554  4.01194  3.06847  3.79698  2.90893  1.93526  1.94969  2.87516  3.17866  5.31682  4.04042     53 r - - -
          2.68618  4.42225  2.77519  2.73123  3.46354  2.40513  3.72494  3.29354  2.67741  2.69355  4.24690  2.90347  2.73739  3.18146  2.89801  2.37887  2.77519  2.98518  4.58477  3.61503
          0.03228  3.84512  4.56746  0.61958  0.77255  0.48576  0.95510
     54   2.30216  4.22200  3.18326  2.99813  4.04925  2.95242  4.10856  3.56833  3.07004  3.29082  4.21945  3.22705  3.68904  3.42158  3.35667  1.13305  2.78031  3.10943  5.42401  4.13272     54 s - - -
          2.68618  4.42225  2.77519  2.73123  3.46354  2.40513  3.72494  3.29354  2.67741  2.69355  4.24690  2.90347  2.73739  3.18146  2.89801  2.37887  2.77519  2.98518  4.58477  3.61503
          0.03228  3.84512  4.56746  0.61958  0.77255  0.48576  0.95510
     55   1.05392  4.17904  3.43535  3.22581  4.02564  3.00423  4.25101  3.14710  3.24137  3.02992  4.06508  3.38217  3.74090  3.58513  3.49355  2.52973  2.80522  2.80625  5.45554  4.25283     55 a - - -
          2.68618  4.42225  2.77519  2.73123  3.46354  2.40513  3.72494  3.29354  2.67741  2.69355  4.24690  2.90347  2.73739  3.18146  2.89801  2.37887  2.77519  2.98518  4.58477  3.61503
          0.03228  3.84512  4.56746  0.61958  0.77255  0.48576  0.95510
     56   2.94037  4.98131  3.33461  2.74624  4.37753  3.55537  3.59192  3.75562  1.75285  3.25592  4.15000  3.14599  3.96005  2.74632  1.39676  2.96518  3.13444  3.45498  5.33858  4.15207     56 r - - -
          2.68618  4.42225  2.77519  2.73123  3.46354  2.40513  3.72494  3.29354  2.67741  2.69355  4.24690  2.90347  2.73739  3.18146  2.89801  2.37887  2.77519  2.98518  4.58477  3.61503
          0.03228  3.84512  4.56746  0.61958  0.77255  0.48576  0.95510
     57   2.94792  5.02053  3.33844  2.72651  4.42987  3.56947  3.57272  3.79489  1.60531  3.27925  4.16149  3.13195  3.95929  2.71927  1.51163  2.96154  3.13162  3.48833  5.35405  4.17076     57 r - - -
          2.68618  4.42225  2.77519  2.73123  3.46354  2.40513  3.72494  3.29354  2.67741  2.69355  4.24690  2.90347  2.73739  3.18146  2.89801  2.37887  2.77519  2.98518  4.58477  3.61503
          0.03228  3.84512  4.56746  0.61958  0.77255  0.48576  0.95510
     58   3.22409  4.63402  4.20112  3.91072  1.05757  3.91965  3.86601  2.75149  3.81851  2.12803  3.48593  3.98858  4.37910  3.99413  3.94499  3.49523  3.52534  2.74012  4.12377  2.49445     58 f - - -
          2.68618  4.42225  2.77519  2.73123  3.46354  2.40513  3.72494  3.29354  2.67741  2.69355  4.24690  2.90347  2.73739  3.18146  2.89801  2.37887  2.77519  2.98518  4.58477  3.61503
          0.03228  3.84512  4.56746  0.61958  0.77255  0.48576  0.95510
     59   2.78660  4.33716  4.08716  3.74980  3.53050  3.69522  4.55638  2.05290  3.61715  2.22254  3.50017  3.94392  4.25751  3.97909  3.83223  3.19732  3.14898  1.06014  5.31020  4.03995     59 v - - -
          2.68618  4.42225  2.77519  2.73123  3.46354  2.40513  3.72494  3.29354  2.67741  2.69355  4.24690  2.90347  2.73739  3.18146  2.89801  2.37887  2.77519  2.98518  4.58477  3.61503
          0.03228  3.84512  4.56746  0.61958  0.77255  0.48576  0.95510
     60   2.92949  5.03393  2.47722  1.06492  4.37683  3.25694  3.84187  3.82532  2.71900  3.44702  4.42265  2.91850  3.86035  3.05836  3.12471  2.91492  3.23365  3.51214  5.55359  4.27627     60 e - - -
          2.68618  4.42225  2.77519  2.73123  3.46354  2.40513  3.72494  3.29354  2.67741  2.69355  4.24690  2.90347  2.73739  3.18146  2.89801  2.37887  2.77519  2.98518  4.58477  3.61503
          0.03228  3.84512  4.56746  0.61958  0.77255  0.48576  0.95510
     61   2.90548  4.37331  4.26911  3.80591  3.37007  4.00211  4.56316  1.91492  3.63608  1.80905  3.28272  4.06061  4.42303  3.97457  3.86663  3.39954  3.20091  1.23410  5.23873  3.97251     61 v - - -
          2.68618  4.42225  2.77519  2.73123  3.46354  2.40513  3.72494  3.29354  2.67741  2.69355  4.24690  2.90347  2.73739  3.18146  2.89801  2.37887  2.77519  2.98518  4.58477  3.61503
          0.03228  3.84512  4.56746  0.61958  0.77255  0.48576  0.95510
     62   1.05392  4.17904  3.43535  3.22581  4.02564  3.00423  4.25101  3.14710  3.24137  3.02992  4.06508  3.38217  3.74090  3.58513  3.49355  2.52973  2.80522  2.80625  5.45554  4.25283     62 a - - -
          2.68618  4.42225  2.77519  2.73123  3.46354  2.40513  3.72494  3.29354  2.67741  2.69355  4.24690  2.90347  2.73739  3.18146  2.89801  2.37887  2.77519  2.98518  4.58477  3.61503
          0.03228  3.84512  4.56746  0.61958  0.77255  0.48576  0.95510
     63   2.61156  4.70111  2.88459  2.53005  4.18798  3.26757  3.69296  3.60312  1.79531  3.21066  4.06985  2.98220  3.79939  2.87128  2.65312  1.97734  2.91379  3.24420  5.38804  4.09455     63 k - - -
          2.68618  4.42225  2.77519  2.73123  3.46354  2.40513  3.72494  3.29354  2.67741  2.69355  4.24690  2.90347  2.73739  3.18146  2.89801  2.37887  2.77519  2.98518  4.58477  3.61503
          0.03228  3.84512  4.56746  0.61958  0.77255  0.48576  0.95510
     64   1.92972  4.61805  2.98459  2.60521  4.11059  3.27883  3.73162  3.40062  1.81861  3.09334  3.98546  3.03868  3.81146  2.92011  2.69647  2.67588  2.89808  3.07844  5.35566  4.08535     64 k - - -
          2.68618  4.42225  2.77519  2.73123  3.46354  2.40513  3.72494  3.29354  2.67741  2.69355  4.24690  2.90347  2.73739  3.18146  2.89801  2.37887  2.77519  2.98518  4.58477  3.61503
          0.03228  3.84512  4.56746  0.61958  0.77255  0.48576  0.95510
     65   2.70137  4.69643  2.69428  2.57718  4.05572  3.16610  3.89994  3.76056  2.80154  3.41065  4.36634  1.20742  3.81679  3.17295  3.15502  2.76980  3.08251  3.38553  5.36483  4.00626     65 n - - -
          2.68618  4.42225  2.77519  2.73123  3.46354  2.40513  3.72494  3.29354  2.67741  2.69355  4.24690  2.90347  2.73739  3.18146  2.89801  2.37887  2.77519  2.98518  4.58477  3.61503
          0.03228  3.84512  4.56746  0.61958  0.77255  0.48576  0.95510
     66   2.71634  4.47784  3.32062  3.15600  4.15289  3.16691  4.23543  3.69160  3.21102  3.32128  4.37021  3.46528  0.88008  3.60065  3.45936  2.88306  3.15583  3.34005  5.34662  4.27330     66 p - - -
          2.68618  4.42225  2.77519  2.73123  3.46354  2.40513  3.72494  3.29354  2.67741  2.69355  4.24690  2.90347  2.73739  3.18146  2.89801  2.37887  2.77519  2.98518  4.58477  3.61503
          0.03228  3.84512  4.56746  0.61958  0.77255  0.48576  0.95510
     67   2.92450  5.00880  3.23929  2.68732  4.40723  3.53489  3.58642  3.78584  1.31247  3.28141  4.16616  3.10649  3.94391  2.73618  1.95791  2.93753  3.12056  3.47586  5.36351  4.16394     67 k - - -
          2.68618  4.42225  2.77519  2.73123  3.46354  2.40513  3.72494  3.29354  2.67741  2.69355  4.24690  2.90347  2.73739  3.18146  2.89801  2.37887  2.77519  2.98518  4.58477  3.61503
          0.03228  3.84512  4.56746  0.61958  0.77255  0.48576  0.95510
     68   3.12755  4.53737  4.44617  3.93980  3.08839  4.26796  4.59818  1.86734  3.73421  1.08404  2.97240  4.23177  4.55634  4.01524  3.92910  3.64228  3.37693  2.06595  5.08510  3.87038     68 l - - -
          2.68618  4.42225  2.77519  2.73123  3.46354  2.40513  3.72494  3.29354  2.67741  2.69355  4.24690  2.90347  2.73739  3.18146  2.89801  2.37887  2.77519  2.98518  4.58477  3.61503
          0.03228  3.84512  4.56746  0.61958  0.77255  0.48576  0.95510
     69   2.39866  4.24356  3.40446  3.15564  3.94535  3.08363  4.17496  3.06918  3.09806  2.93362  3.98620  3.36915  3.78536  3.49435  3.35785  2.59966  1.21914  2.76708  5.38558  4.16209     69 t - - -
          2.68618  4.42225  2.77519  2.73123  3.46354  2.40513  3.72494  3.29354  2.67741  2.69355  4.24690  2.90347  2.73739  3.18146  2.89801  2.37887  2.77519  2.98518  4.58477  3.61503
          0.03228  3.84512  4.56746  0.61958  0.77255  0.48576  0.95510
     70   2.93809  5.03043  3.29973  2.70157  4.44026  3.55974  3.57037  3.80706  1.39850  3.28914  4.16698  3.11529  3.95131  2.71491  1.77522  2.94707  3.12327  3.49591  5.36369  4.17392     70 k - - -
          2.68618  4.42225  2.77519  2.73123  3.46354  2.40513  3.72494  3.29354  2.67741  2.69355  4.24690  2.90347  2.73739  3.18146  2.89801  2.37887  2.77519  2.98518  4.58477  3.61503
          0.03228  3.84512  4.56746  0.61958  0.77255  0.48576  0.95510
     71   2.63187  4.40959  3.30001  3.19615  4.33816  0.77259  4.31776  3.93145  3.37367  3.58894  4.56475  3.46440  3.79985  3.70005  3.61237  2.80307  3.11100  3.46508  5.44019  4.43927     71 g - - -
          2.68618  4.42225  2.77519  2.73123  3.46354  2.40513  3.72494  3.29354  2.67741  2.69355  4.24690  2.90347  2.73739  3.18146  2.89801  2.37887  2.77519  2.98518  4.58477  3.61503
          0.03228  3.84512  4.56746  0.61958  0.77255  0.48576  0.95510
     72   2.92949  5.03393  2.47722  1.06492  4.37683  3.25694  3.84187  3.82532  2.71900  3.44702  4.42265  2.91850  3.86035  3.05836  3.12471  2.91492  3.23365  3.51214  5.55359  4.27627     72 e - - -
          2.68618  4.42225  2.77519  2.73123  3.46354  2.40513  3.72494  3.29354  2.67741  2.69355  4.24690  2.90347  2.73739  3.18146  2.89801  2.37887  2.77519  2.98518  4.58477  3.61503
          0.03228  3.84512  4.56746  0.61958  0.77255  0.48576  0.95510
     73   1.23600  4.11313  3.29485  3.06589  4.16324  2.39563  4.15517  3.46264  3.14483  3.24976  4.13122  3.23910  3.64241  3.44840  3.43775  2.38059  2.68143  2.99218  5.52219  4.31753     73 a - - -
          2.68618  4.42225  2.77519  2.73123  3.46354  2.40513  3.72494  3.29354  2.67741  2.69355  4.24690  2.90347  2.73739  3.18146  2.89801  2.37887  2.77519  2.98518  4.58477  3.61503
          0.03228  3.84512  4.56746  0.61958  0.77255  0.48576  0.95510
     74   2.23860  4.15374  3.28919  3.00345  4.03576  2.96437  4.06627  3.30593  2.98992  3.11026  4.01221  3.21944  3.67627  3.34744  3.28735  2.12151  1.50405  2.89751  5.42716  4.18091     74 t - - -
          2.68619  4.42226  2.77520  2.73124  3.46354  2.40513  3.72495  3.29334  2.67741  2.69355  4.24690  2.90347  2.73740  3.18147  2.89801  2.37887  2.77520  2.98519  4.58477  3.61504
          0.09581  2.51359  4.56746  0.45253  1.01064  0.48576  0.95510
     75   2.70137  4.69643  2.69428  2.57718  4.05572  3.16610  3.89994  3.76056  2.80154  3.41065  4.36634  1.20742  3.81679  3.17295  3.15502  2.76980  3.08251  3.38553  5.36483  4.00626     76 n - - -
          2.68618  4.42225  2.77519  2.73123  3.46354  2.40513  3.72494  3.29354  2.67741  2.69355  4.24690  2.90347  2.73739  3.18146  2.89801  2.37887  2.77519  2.98518  4.58477  3.61503
          0.03228  3.84512  4.56746  0.61958  0.77255  0.48576  0.95510
     76   3.00986  4.43667  4.29611  3.91117  3.35615  4.03642  4.64462  1.11244  3.73875  1.94820  3.29619  4.16037  4.47059  4.09008  3.93847  3.52938  3.30965  1.84618  5.24106  3.97675     77 i - - -
          2.68618  4.42225  2.77519  2.73123  3.46354  2.40513  3.72494  3.29354  2.67741  2.69355  4.24690  2.90347  2.73739  3.18146  2.89801  2.37887  2.77519  2.98518  4.58477  3.61503
          0.03228  3.84512  4.56746  0.61958  0.77255  0.48576  0.95510
     77   2.63187  4.40959  3.30001  3.19615  4.33816  0.77259  4.31776  3.93145  3.37367  3.58894  4.56475  3.46440  3.79985  3.70005  3.61237  2.80307  3.11100  3.46508  5.44019  4.43927     78 g - - -
          2.68618  4.42225  2.77519  2.73123  3.46354  2.40513  3.72494  3.29354  2.67741  2.69355  4.24690  2.90347  2.73739  3.18146  2.89801  2.37887  2.77519  2.98518  4.58477  3.61503
          0.03228  3.84512  4.56746  0.61958  0.77255  0.48576  0.95510
     78   2.00276  4.19313  3.83993  3.44692  3.67268  3.39756  4.33718  2.23885  3.36254  2.44433  3.57725  3.63556  4.01023  3.69074  3.62594  2.82128  2.89308  1.44301  5.32674  4.09747     79 v - - -
          2.68618  4.42225  2.77519  2.73123  3.46354  2.40513  3.72494  3.29354  2.67741  2.69355  4.24690  2.90347  2.73739  3.18146  2.89801  2.37887  2.77519  2.98518  4.58477  3.61503
          0.03228  3.84512  4.56746  0.61958  0.77255  0.48576  0.95510
     79   3.12117  4.50621  4.50800  3.99114  3.12651  4.30903  4.65052  1.67345  3.80661  1.18775  2.98808  4.27805  4.58250  4.06751  3.99891  3.67576  3.36661  1.97719  5.12736  3.93285     80 l - - -
          2.68618  4.42225  2.77519  2.73123  3.46354  2.40513  3.72494  3.29354  2.67741  2.69355  4.24690  2.90347  2.73739  3.18146  2.89801  2.37887  2.77519  2.98518  4.58477  3.61503
          0.03228  3.84512  4.56746  0.61958  0.77255  0.48576  0.95510
     80   3.12494  4.59553  4.14542  3.78552  3.12592  3.94710  4.44985  2.32892  3.55352  0.90963  3.15810  4.06361  4.38741  3.92841  3.73391  3.51531  3.42058  2.35908  4.99491  3.71178     81 l - - -
          2.68618  4.42225  2.77519  2.73123  3.46354  2.40513  3.72494  3.29354  2.67741  2.69355  4.24690  2.90347  2.73739  3.18146  2.89801  2.37887  2.77519  2.98518  4.58477  3.61503
          0.03228  3.84512  4.56746  0.61958  0.77255  0.48576  0.95510
     81   2.63187  4.40959  3.30001  3.19615  4.33816  0.77259  4.31776  3.93145  3.37367  3.58894  4.56475  3.46440  3.79985  3.70005  3.61237  2.80307  3.11100  3.46508  5.44019  4.43927     82 g - - -
          2.68618  4.42225  2.77519  2.73123  3.46354  2.40513  3.72494  3.29354  2.67741  2.69355  4.24690  2.90347  2.73739  3.18146  2.89801  2.37887  2.77519  2.98518  4.58477  3.61503
          0.03228  3.84512  4.56746  0.61958  0.77255  0.48576  0.95510
     82   3.12494  4.59553  4.14542  3.78552  3.12592  3.94710  4.44985  2.32892  3.55352  0.90963  3.15810  4.06361  4.38741  3.92841  3.73391  3.51531  3.42058  2.35908  4.99491  3.71178     83 l - - -
          2.68618  4.42225  2.77519  2.73123  3.46354  2.40513  3.72494  3.29354  2.67741  2.69355  4.24690  2.90347  2.73739  3.18146  2.89801  2.37887  2.77519  2.98518  4.58477  3.61503
          0.03228  3.84512  4.56746  0.61958  0.77255  0.48576  0.95510
     83   3.22409  4.63402  4.20112  3.91072  1.05757  3.91965  3.86601  2.75149  3.81851  2.12803  3.48593  3.98858  4.37910  3.99413  3.94499  3.49523  3.52534  2.74012  4.12377  2.49445     84 f - - -
          2.68618  4.42225  2.77519  2.73123  3.46354  2.40513  3.72494  3.29354  2.67741  2.69355  4.24690  2.90347  2.73739  3.18146  2.89801  2.37887  2.77519  2.98518  4.58477  3.61503
          0.03228  3.84512  4.56746  0.61958  0.77255  0.48576  0.95510
     84   3.00986  4.43667  4.29611  3.91117  3.35615  4.03642  4.64462  1.11244  3.73875  1.94820  3.29619  4.16037  4.47059  4.09008  3.93847  3.52938  3.30965  1.84618  5.24106  3.97675     85 i - - -
          2.68618  4.42225  2.77519  2.73123  3.46354  2.40513  3.72494  3.29354  2.67741  2.69355  4.24690  2.90347  2.73739  3.18146  2.89801  2.37887  2.77519  2.98518  4.58477  3.61503
          0.03228  3.84512  4.56746  0.61958  0.77255  0.48576  0.95510
     85   3.22409  4.63402  4.20112  3.91072  1.05757  3.91965  3.86601  2.75149  3.81851  2.12803  3.48593  3.98858  4.37910  3.99413  3.94499  3.49523  3.52534  2.74012  4.12377  2.49445     86 f - - -
          2.68618  4.42225  2.77519  2.73123  3.46354  2.40513  3.72494  3.29354  2.67741  2.69355  4.24690  2.90347  2.73739  3.18146  2.89801  2.37887  2.77519  2.98518  4.58477  3.61503
          0.03228  3.84512  4.56746  0.61958  0.77255  0.48576  0.95510
     86   3.00986  4.43667  4.29611  3.91117  3.35615  4.03642  4.64462  1.11244  3.73875  1.94820  3.29619  4.16037  4.47059  4.09008  3.93847  3.52938  3.30965  1.84618  5.24106  3.97675     87 i - - -
          2.68618  4.42225  2.77519  2.73123  3.46354  2.40513  3.72494  3.29354  2.67741  2.69355  4.24690  2.90347  2.73739  3.18146  2.89801  2.37887  2.77519  2.98518  4.58477  3.61503
          0.03228  3.84512  4.56746  0.61958  0.77255  0.48576  0.95510
     87   3.12494  4.59553  4.14542  3.78552  3.12592  3.94710  4.44985  2.32892  3.55352  0.90963  3.15810  4.06361  4.38741  3.92841  3.73391  3.51531  3.42058  2.35908  4.99491  3.71178     88 l - - -
          2.68618  4.42225  2.77519  2.73123  3.46354  2.40513  3.72494  3.29354  2.67741  2.69355  4.24690  2.90347  2.73739  3.18146  2.89801  2.37887  2.77519  2.98518  4.58477  3.61503
          0.03228  3.84512  4.56746  0.61958  0.77255  0.48576  0.95510
     88   3.00986  4.43667  4.29611  3.91117  3.35615  4.03642  4.64462  1.11244  3.73875  1.94820  3.29619  4.16037  4.47059  4.09008  3.93847  3.52938  3.30965  1.84618  5.24106  3.97675     89 i - - -
          2.68618  4.42225  2.77519  2.73123  3.46354  2.40513  3.72494  3.29354  2.67741  2.69355  4.24690  2.90347  2.73739  3.18146  2.89801  2.37887  2.77519  2.98518  4.58477  3.61503
          0.03228  3.84512  4.56746  0.61958  0.77255  0.48576  0.95510
     89   2.63187  4.40959  3.30001  3.19615  4.33816  0.77259  4.31776  3.93145  3.37367  3.58894  4.56475  3.46440  3.79985  3.70005  3.61237  2.80307  3.11100  3.46508  5.44019  4.43927     90 g - - -
          2.68618  4.42225  2.77519  2.73123  3.46354  2.40513  3.72494  3.29354  2.67741  2.69355  4.24690  2.90347  2.73739  3.18146  2.89801  2.37887  2.77519  2.98518  4.58477  3.61503
          0.03228  3.84512  4.56746  0.61958  0.77255  0.48576  0.95510
     90   3.00986  4.43667  4.29611  3.91117  3.35615  4.03642  4.64462  1.11244  3.73875  1.94820  3.29619  4.16037  4.47059  4.09008  3.93847  3.52938  3.30965  1.84618  5.24106  3.97675     91 i - - -
          2.68618  4.42225  2.77519  2.73123  3.46354  2.40513  3.72494  3.29354  2.67741  2.69355  4.24690  2.90347  2.73739  3.18146  2.89801  2.37887  2.77519  2.98518  4.58477  3.61503
          0.03228  3.84512  4.56746  0.61958  0.77255  0.48576  0.95510
     91   2.78660  4.33716  4.08716  3.74980  3.53050  3.69522  4.55638  2.05290  3.61715  2.22254  3.50017  3.94392  4.25751  3.97909  3.83223  3.19732  3.14898  1.06014  5.31020  4.03995     92 v - - -
          2.68618  4.42225  2.77519  2.73123  3.46354  2.40513  3.72494  3.29354  2.67741  2.69355  4.24690  2.90347  2.73739  3.18146  2.89801  2.37887  2.77519  2.98518  4.58477  3.61503
          0.03228  3.84512  4.56746  0.61958  0.77255  0.48576  0.95510
     92   3.12494  4.59553  4.14542  3.78552  3.12592  3.94710  4.44985  2.32892  3.55352  0.90963  3.15810  4.06361  4.38741  3.92841  3.73391  3.51531  3.42058  2.35908  4.99491  3.71178     93 l - - -
          2.68618  4.42225  2.77519  2.73123  3.46354  2.40513  3.72494  3.29354  2.67741  2.69355  4.24690  2.90347  2.73739  3.18146  2.89801  2.37887  2.77519  2.98518  4.58477  3.61503
          0.03228  3.84512  4.56746  0.61958  0.77255  0.48576  0.95510
     93   3.12494  4.59553  4.14542  3.78552  3.12592  3.94710  4.44985  2.32892  3.55352  0.90963  3.15810  4.06361  4.38741  3.92841  3.73391  3.51531  3.42058  2.35908  4.99491  3.71178     94 l - - -
          2.68618  4.42225  2.77519  2.73123  3.46354  2.40513  3.72494  3.29354  2.67741  2.69355  4.24690  2.90347  2.73739  3.18146  2.89801  2.37887  2.77519  2.98518  4.58477  3.61503
          0.03228  3.84512  4.56746  0.61958  0.77255  0.48576  0.95510
     94   2.71634  4.47784  3.32062  3.15600  4.15289  3.16691  4.23543  3.69160  3.21102  3.32128  4.37021  3.46528  0.88008  3.60065  3.45936  2.88306  3.15583  3.34005  5.34662  4.27330     95 p - - -
          2.68618  4.42225  2.77519  2.73123  3.46354  2.40513  3.72494  3.29354  2.67741  2.69355  4.24690  2.90347  2.73739  3.18146  2.89801  2.37887  2.77519  2.98518  4.58477  3.61503
          0.03228  3.84512  4.56746  0.61958  0.77255  0.48576  0.95510
     95   2.78660  4.33716  4.08716  3.74980  3.53050  3.69522  4.55638  2.05290  3.61715  2.22254  3.50017  3.94392  4.25751  3.97909  3.83223  3.19732  3.14898  1.06014  5.31020  4.03995     96 v - - -
          2.68618  4.42225  2.77519  2.73123  3.46354  2.40513  3.72494  3.29354  2.67741  2.69355  4.24690  2.90347  2.73739  3.18146  2.89801  2.37887  2.77519  2.98518  4.58477  3.61503
          0.03228  3.84512  4.56746  0.61958  0.77255  0.48576  0.95510
     96   3.00986  4.43667  4.29611  3.91117  3.35615  4.03642  4.64462  1.11244  3.73875  1.94820  3.29619  4.16037  4.47059  4.09008  3.93847  3.52938  3.30965  1.84618  5.24106  3.97675     97 i - - -
          2.68618  4.42225  2.77519  2.73123  3.46354  2.40513  3.72494  3.29354  2.67741  2.69355  4.24690  2.90347  2.73739  3.18146  2.89801  2.37887  2.77519  2.98518  4.58477  3.61503
          0.03228  3.84512  4.56746  0.61958  0.77255  0.48576  0.95510
     97   2.59562  4.23278  3.92122  3.52070  3.62535  3.52633  4.39040  2.12350  3.40008  2.35212  3.52410  3.72532  4.10507  3.75146  3.65317  2.94803  2.55377  1.29605  5.32618  4.09079     98 v - - -
          2.68618  4.42225  2.77519  2.73123  3.46354  2.40513  3.72494  3.29354  2.67741  2.69355  4.24690  2.90347  2.73739  3.18146  2.89801  2.37887  2.77519  2.98518  4.58477  3.61503
          0.03228  3.84512  4.56746  0.61958  0.77255  0.48576  0.95510
     98   2.30216  4.22200  3.18326  2.99813  4.04925  2.95242  4.10856  3.56833  3.07004  3.29082  4.21945  3.22705  3.68904  3.42158  3.35667  1.13305  2.78031  3.10943  5.42401  4.13272     99 s - - -
          2.68618  4.42225  2.77519  2.73123  3.46354  2.40513  3.72494  3.29354  2.67741  2.69355  4.24690  2.90347  2.73739  3.18146  2.89801  2.37887  2.77519  2.98518  4.58477  3.61503
          0.03228  3.84512  4.56746  0.61958  0.77255  0.48576  0.95510
     99   2.85983  4.84401  2.88567  2.64040  4.00883  3.34840  3.79832  3.63578  2.46319  3.14081  4.16986  3.09974  3.90173  1.28350  2.74773  2.90893  3.15701  3.36728  5.28590  3.97797    100 q - - -
          2.68618  4.42225  2.77519  2.73123  3.46354  2.40513  3.72494  3.29354  2.67741  2.69355  4.24690  2.90347  2.73739  3.18146  2.89801  2.37887  2.77519  2.98518  4.58477  3.61503
          0.03228  3.84512  4.56746  0.61958  0.77255  0.48576  0.95510
    100   2.78660  4.33716  4.08716  3.74980  3.53050  3.69522  4.55638  2.05290  3.61715  2.22254  3.50017  3.94392  4.25751  3.97909  3.83223  3.19732  3.14898  1.06014  5.31020  4.03995    101 v - - -
          2.68618  4.42225  2.77519  2.73123  3.46354  2.40513  3.72494  3.29354  2.67741  2.69355  4.24690  2.90347  2.73739  3.18146  2.89801  2.37887  2.77519  2.98518  4.58477  3.61503
          0.03228  3.84512  4.56746  0.61958  0.77255  0.48576  0.95510
    101   2.70137  4.69643  2.69428  2.57718  4.05572  3.16610  3.89994  3.76056  2.80154  3.41065  4.36634  1.20742  3.81679  3.17295  3.15502  2.76980  3.08251  3.38553  5.36483  4.00626    102 n - - -
          2.68618  4.42225  2.77519  2.73123  3.46354  2.40513  3.72494  3.29354  2.67741  2.69355  4.24690  2.90347  2.73739  3.18146  2.89801  2.37887  2.77519  2.98518  4.58477  3.61503
          0.03228  3.84512  4.56746  0.61958  0.77255  0.48576  0.95510
    102   2.70137  4.69643  2.69428  2.57718  4.05572  3.16610  3.89994  3.76056  2.80154  3.41065  4.36634  1.20742  3.81679  3.17295  3.15502  2.76980  3.08251  3.38553  5.36483  4.00626    103 n - - -
          2.68618  4.42225  2.77519  2.73123  3.46354  2.40513  3.72494  3.29354  2.67741  2.69355  4.24690  2.90347  2.73739  3.18146  2.89801  2.37887  2.77519  2.98518  4.58477  3.61503
          0.03228  3.84512  4.56746  0.61958  0.77255  0.48576  0.95510
    103   3.12494  4.59553  4.14542  3.78552  3.12592  3.94710  4.44985  2.32892  3.55352  0.90963  3.15810  4.06361  4.38741  3.92841  3.73391  3.51531  3.42058  2.35908  4.99491  3.71178    104 l - - -
          2.68618  4.42225  2.77519  2.73123  3.46354  2.40513  3.72494  3.29354  2.67741  2.69355  4.24690  2.90347  2.73739  3.18146  2.89801  2.37887  2.77519  2.98518  4.58477  3.61503
          0.03228  3.84512  4.56746  0.61958  0.77255  0.48576  0.95510
    104   2.39866  4.24356  3.40446  3.15564  3.94535  3.08363  4.17496  3.06918  3.09806  2.93362  3.98620  3.36915  3.78536  3.49435  3.35785  2.59966  1.21914  2.76708  5.38558  4.16209    105 t - - -
          2.68618  4.42225  2.77519  2.73123  3.46354  2.40513  3.72494  3.29354  2.67741  2.69355  4.24690  2.90347  2.73739  3.18146  2.89801  2.37887  2.77519  2.98518  4.58477  3.61503
          0.03228  3.84512  4.56746  0.61958  0.77255  0.48576  0.95510
    105   2.30216  4.22200  3.18326  2.99813  4.04925  2.95242  4.10856  3.56833  3.07004  3.29082  4.21945  3.22705  3.68904  3.42158  3.35667  1.13305  2.78031  3.10943  5.42401  4.13272    106 s - - -
          2.68618  4.42225  2.77519  2.73123  3.46354  2.40513  3.72494  3.29354  2.67741  2.69355  4.24690  2.90347  2.73739  3.18146  2.89801  2.37887  2.77519  2.98518  4.58477  3.61503
          0.03228  3.84512  4.56746  0.61958  0.77255  0.48576  0.95510
    106   2.63187  4.40959  3.30001  3.19615  4.33816  0.77259  4.31776  3.93145  3.37367  3.58894  4.56475  3.46440  3.79985  3.70005  3.61237  2.80307  3.11100  3.46508  5.44019  4.43927    107 g - - -
          2.68618  4.42225  2.77519  2.73123  3.46354  2.40513  3.72494  3.29354  2.67741  2.69355  4.24690  2.90347  2.73739  3.18146  2.89801  2.37887  2.77519  2.98518  4.58477  3.61503
          0.03228  3.84512  4.56746  0.61958  0.77255  0.48576  0.95510
    107   2.39866  4.24356  3.40446  3.15564  3.94535  3.08363  4.17496  3.06918  3.09806  2.93362  3.98620  3.36915  3.78536  3.49435  3.35785  2.59966  1.21914  2.76708  5.38558  4.16209    108 t - - -
          2.68618  4.42225  2.77519  2.73123  3.46354  2.40513  3.72494  3.29354  2.67741  2.69355  4.24690  2.90347  2.73739  3.18146  2.89801  2.37887  2.77519  2.98518  4.58477  3.61503
          0.03228  3.84512  4.56746  0.61958  0.77255  0.48576  0.95510
    108   1.94840  4.11764  3.32418  2.99263  4.09764  2.92367  4.05798  3.40860  3.00601  3.16481  4.01991  3.19907  3.63746  3.32330  3.32791  1.69334  2.03376  2.95293  5.45993  4.23609    109 s - - -
          2.68618  4.42225  2.77519  2.73123  3.46354  2.40513  3.72494  3.29354  2.67741  2.69355  4.24690  2.90347  2.73739  3.18146  2.89801  2.37887  2.77519  2.98518  4.58477  3.61503
          0.03228  3.84512  4.56746  0.61958  0.77255  0.48576  0.95510
    109   2.71634  4.47784  3.32062  3.15600  4.15289  3.16691  4.23543  3.69160  3.21102  3.32128  4.37021  3.46528  0.88008  3.60065  3.45936  2.88306  3.15583  3.34005  5.34662  4.27330    110 p - - -
          2.68618  4.42225  2.77519  2.73123  3.46354  2.40513  3.72494  3.29354  2.67741  2.69355  4.24690  2.90347  2.73739  3.18146  2.89801  2.37887  2.77519  2.98518  4.58477  3.61503
          0.03228  3.84512  4.56746  0.61958  0.77255  0.48576  0.95510
    110   2.57318  4.66679  2.77746  2.48467  4.11239  3.21503  3.72126  3.60079  2.46842  3.19961  4.06823  2.94751  3.77551  2.08247  2.82710  1.95078  2.89434  3.23526  5.38129  4.04721    111 s - - -
          2.68618  4.42225  2.77519  2.73123  3.46354  2.40513  3.72494  3.29354  2.67741  2.69355  4.24690  2.90347  2.73739  3.18146  2.89801  2.37887  2.77519  2.98518  4.58477  3.61503
          0.03228  3.84512  4.56746  0.61958  0.77255  0.48576  0.95510
    111   2.78660  4.33716  4.08716  3.74980  3.53050  3.69522  4.55638  2.05290  3.61715  2.22254  3.50017  3.94392  4.25751  3.97909  3.83223  3.19732  3.14898  1.06014  5.31020  4.03995    112 v - - -
          2.68618  4.42225  2.77519  2.73123  3.46354  2.40513  3.72494  3.29354  2.67741  2.69355  4.24690  2.90347  2.73739  3.18146  2.89801  2.37887  2.77519  2.98518  4.58477  3.61503
          0.03228  3.84512  4.56746  0.61958  0.77255  0.48576  0.95510
    112   2.39866  4.24356  3.40446  3.15564  3.94535  3.08363  4.17496  3.06918  3.09806  2.93362  3.98620  3.36915  3.78536  3.49435  3.35785  2.59966  1.21914  2.76708  5.38558  4.16209    113 t - - -
          2.68618  4.42225  2.77519  2.73123  3.46354  2.40513  3.72494  3.29354  2.67741  2.69355  4.24690  2.90347  2.73739  3.18146  2.89801  2.37887  2.77519  2.98518  4.58477  3.61503
          0.03228  3.84512  4.56746  0.61958  0.77255  0.48576  0.95510
    113   2.63187  4.40959  3.30001  3.19615  4.33816  0.77259  4.31776  3.93145  3.37367  3.58894  4.56475  3.46440  3.79985  3.70005  3.61237  2.80307  3.11100  3.46508  5.44019  4.43927    114 g - - -
          2.68618  4.42225  2.77519  2.73123  3.46354  2.40513  3.72494  3.29354  2.67741  2.69355  4.24690  2.90347  2.73739  3.18146  2.89801  2.37887  2.77519  2.98518  4.58477  3.61503
          0.03228  3.84512  4.56746  0.61958  0.77255  0.48576  0.95510
    114   2.39866  4.24356  3.40446  3.15564  3.94535  3.08363  4.17496  3.06918  3.09806  2.93362  3.98620  3.36915  3.78536  3.49435  3.35785  2.59966  1.21914  2.76708  5.38558  4.16209    115 t - - -
          2.68618  4.42225  2.77519  2.73123  3.46354  2.40513  3.72494  3.29354  2.67741  2.69355  4.24690  2.90347  2.73739  3.18146  2.89801  2.37887  2.77519  2.98518  4.58477  3.61503
          0.03228  3.84512  4.56746  0.61958  0.77255  0.48576  0.95510
    115   2.70137  4.69643  2.69428  2.57718  4.05572  3.16610  3.89994  3.76056  2.80154  3.41065  4.36634  1.20742  3.81679  3.17295  3.15502  2.76980  3.08251  3.38553  5.36483  4.00626    116 n - - -
          2.68618  4.42225  2.77519  2.73123  3.46354  2.40513  3.72494  3.29354  2.67741  2.69355  4.24690  2.90347  2.73739  3.18146  2.89801  2.37887  2.77519  2.98518  4.58477  3.61503
          0.03228  3.84512  4.56746  0.61958  0.77255  0.48576  0.95510
    116   1.05392  4.17904  3.43535  3.22581  4.02564  3.00423  4.25101  3.14710  3.24137  3.02992  4.06508  3.38217  3.74090  3.58513  3.49355  2.52973  2.80522  2.80625  5.45554  4.25283    117 a - - -
          2.68618  4.42225  2.77519  2.73123  3.46354  2.40513  3.72494  3.29354  2.67741  2.69355  4.24690  2.90347  2.73739  3.18146  2.89801  2.37887  2.77519  2.98518  4.58477  3.61503
          0.03228  3.84512  4.56746  0.61958  0.77255  0.48576  0.95510
    117   2.39866  4.24356  3.40446  3.15564  3.94535  3.08363  4.17496  3.06918  3.09806  2.93362  3.98620  3.36915  3.78536  3.49435  3.35785  2.59966  1.21914  2.76708  5.38558  4.16209    118 t - - -
          2.68618  4.42225  2.77519  2.73123  3.46354  2.40513  3.72494  3.29354  2.67741  2.69355  4.24690  2.90347  2.73739  3.18146  2.89801  2.37887  2.77519  2.98518  4.58477  3.61503
          0.03228  3.84512  4.56746  0.61958  0.77255  0.48576  0.95510
    118   3.12494  4.59553  4.14542  3.78552  3.12592  3.94710  4.44985  2.32892  3.55352  0.90963  3.15810  4.06361  4.38741  3.92841  3.73391  3.51531  3.42058  2.35908  4.99491  3.71178    119 l - - -
          2.68618  4.42225  2.77519  2.73123  3.46354  2.40513  3.72494  3.29354  2.67741  2.69355  4.24690  2.90347  2.73739  3.18146  2.89801  2.37887  2.77519  2.98518  4.58477  3.61503
          0.03228  3.84512  4.56746  0.61958  0.77255  0.48576  0.95510
    119   3.12494  4.59553  4.14542  3.78552  3.12592  3.94710  4.44985  2.32892  3.55352  0.90963  3.15810  4.06361  4.38741  3.92841  3.73391  3.51531  3.42058  2.35908  4.99491  3.71178    120 l - - -
          2.68618  4.42225  2.77519  2.73123  3.46354  2.40513  3.72494  3.29354  2.67741  2.69355  4.24690  2.90347  2.73739  3.18146  2.89801  2.37887  2.77519  2.98518  4.58477  3.61503
          0.03228  3.84512  4.56746  0.61958  0.77255  0.48576  0.95510
    120   2.73652  4.95898  2.53380  2.32311  4.23916  3.26155  3.66938  3.79492  2.41539  3.34906  4.21646  1.86908  3.80758  2.24603  2.79459  2.72940  3.01760  3.43485  5.46393  4.08265    121 n - - -
          2.68618  4.42225  2.77519  2.73123  3.46354  2.40513  3.72494  3.29354  2.67741  2.69355  4.24690  2.90347  2.73739  3.18146  2.89801  2.37887  2.77519  2.98518  4.58477  3.61503
          0.03228  3.84512  4.56746  0.61958  0.77255  0.48576  0.95510
    121   3.12494  4.59553  4.14542  3.78552  3.12592  3.94710  4.44985  2.32892  3.55352  0.90963  3.15810  4.06361  4.38741  3.92841  3.73391  3.51531  3.42058  2.35908  4.99491  3.71178    122 l - - -
          2.68618  4.42225  2.77519  2.73123  3.46354  2.40513  3.72494  3.29354  2.67741  2.69355  4.24690  2.90347  2.73739  3.18146  2.89801  2.37887  2.77519  2.98518  4.58477  3.61503
          0.03228  3.84512  4.56746  0.61958  0.77255  0.48576  0.95510
    122   2.78660  4.33716  4.08716  3.74980  3.53050  3.69522  4.55638  2.05290  3.61715  2.22254  3.50017  3.94392  4.25751  3.97909  3.83223  3.19732  3.14898  1.06014  5.31020  4.03995    123 v - - -
          2.68618  4.42225  2.77519  2.73123  3.46354  2.40513  3.72494  3.29354  2.67741  2.69355  4.24690  2.90347  2.73739  3.18146  2.89801  2.37887  2.77519  2.98518  4.58477  3.61503
          0.03228  3.84512  4.56746  0.61958  0.77255  0.48576  0.95510
    123   2.71634  4.47784  3.32062  3.15600  4.15289  3.16691  4.23543  3.69160  3.21102  3.32128  4.37021  3.46528  0.88008  3.60065  3.45936  2.88306  3.15583  3.34005  5.34662  4.27330    124 p - - -
          2.68618  4.42225  2.77519  2.73123  3.46354  2.40513  3.72494  3.29354  2.67741  2.69355  4.24690  2.90347  2.73739  3.18146  2.89801  2.37887  2.77519  2.98518  4.58477  3.61503
          0.03228  3.84512  4.56746  0.61958  0.77255  0.48576  0.95510
    124   3.12494  4.59553  4.14542  3.78552  3.12592  3.94710  4.44985  2.32892  3.55352  0.90963  3.15810  4.06361  4.38741  3.92841  3.73391  3.51531  3.42058  2.35908  4.99491  3.71178    125 l - - -
          2.68618  4.42225  2.77519  2.73123  3.46354  2.40513  3.72494  3.29354  2.67741  2.69355  4.24690  2.90347  2.73739  3.18146  2.89801  2.37887  2.77519  2.98518  4.58477  3.61503
          0.03228  3.84512  4.56746  0.61958  0.77255  0.48576  0.95510
    125   3.22409  4.63402  4.20112  3.91072  1.05757  3.91965  3.86601  2.75149  3.81851  2.12803  3.48593  3.98858  4.37910  3.99413  3.94499  3.49523  3.52534  2.74012  4.12377  2.49445    126 f - - -
          2.68618  4.42225  2.77519  2.73123  3.46354  2.40513  3.72494  3.29354  2.67741  2.69355  4.24690  2.90347  2.73739  3.18146  2.89801  2.37887  2.77519  2.98518  4.58477  3.61503
          0.03228  3.84512  4.56746  0.61958  0.77255  0.48576  0.95510
    126   3.20826  4.70832  3.79816  3.52274  2.29489  3.79851  3.60680  3.22136  3.38104  2.68226  3.89933  3.69025  4.27315  3.69364  3.57022  3.34756  3.49490  3.09067  3.93749  1.01251    127 y - - -
          2.68618  4.42225  2.77519  2.73123  3.46354  2.40513  3.72494  3.29354  2.67741  2.69355  4.24690  2.90347  2.73739  3.18146  2.89801  2.37887  2.77519  2.98518  4.58477  3.61503
          0.03228  3.84512  4.56746  0.61958  0.77255  0.48576  0.95510
    127   3.00986  4.43667  4.29611  3.91117  3.35615  4.03642  4.64462  1.11244  3.73875  1.94820  3.29619  4.16037  4.47059  4.09008  3.93847  3.52938  3.30965  1.84618  5.24106  3.97675    128 i - - -
          2.68618  4.42225  2.77519  2.73123  3.46354  2.40513  3.72494  3.29354  2.67741  2.69355  4.24690  2.90347  2.73739  3.18146  2.89801  2.37887  2.77519  2.98518  4.58477  3.61503
          0.03228  3.84512  4.56746  0.61958  0.77255  0.48576  0.95510
    128   3.12494  4.59553  4.14542  3.78552  3.12592  3.94710  4.44985  2.32892  3.55352  0.90963  3.15810  4.06361  4.38741  3.92841  3.73391  3.51531  3.42058  2.35908  4.99491  3.71178    129 l - - -
          2.68618  4.42225  2.77519  2.73123  3.46354  2.40513  3.72494  3.29354  2.67741  2.69355  4.24690  2.90347  2.73739  3.18146  2.89801  2.37887  2.77519  2.98518  4.58477  3.61503
          0.03228  3.84512  4.56746  0.61958  0.77255  0.48576  0.95510
    129   2.78660  4.33716  4.08716  3.74980  3.53050  3.69522  4.55638  2.05290  3.61715  2.22254  3.50017  3.94392  4.25751  3.97909  3.83223  3.19732  3.14898  1.06014  5.31020  4.03995    130 v - - -
          2.68618  4.42225  2.77519  2.73123  3.46354  2.40513  3.72494  3.29354  2.67741  2.69355  4.24690  2.90347  2.73739  3.18146  2.89801  2.37887  2.77519  2.98518  4.58477  3.61503
          0.03228  3.84512  4.56746  0.61958  0.77255  0.48576  0.95510
    130   3.12494  4.59553  4.14542  3.78552  3.12592  3.94710  4.44985  2.32892  3.55352  0.90963  3.15810  4.06361  4.38741  3.92841  3.73391  3.51531  3.42058  2.35908  4.99491  3.71178    131 l - - -
          2.68618  4.42225  2.77519  2.73123  3.46354  2.40513  3.72494  3.29354  2.67741  2.69355  4.24690  2.90347  2.73739  3.18146  2.89801  2.37887  2.77519  2.98518  4.58477  3.61503
          0.03228  3.84512  4.56746  0.61958  0.77255  0.48576  0.95510
    131   3.00986  4.43667  4.29611  3.91117  3.35615  4.03642  4.64462  1.11244  3.73875  1.94820  3.29619  4.16037  4.47059  4.09008  3.93847  3.52938  3.30965  1.84618  5.24106  3.97675    132 i - - -
          2.68618  4.42225  2.77519  2.73123  3.46354  2.40513  3.72494  3.29354  2.67741  2.69355  4.24690  2.90347  2.73739  3.18146  2.89801  2.37887  2.77519  2.98518  4.58477  3.61503
          0.03228  3.84512  4.56746  0.61958  0.77255  0.48576  0.95510
    132   3.00986  4.43667  4.29611  3.91117  3.35615  4.03642  4.64462  1.11244  3.73875  1.94820  3.29619  4.16037  4.47059  4.09008  3.93847  3.52938  3.30965  1.84618  5.24106  3.97675    133 i - - -
          2.68618  4.42225  2.77519  2.73123  3.46354  2.40513  3.72494  3.29354  2.67741  2.69355  4.24690  2.90347  2.73739  3.18146  2.89801  2.37887  2.77519  2.98518  4.58477  3.61503
          0.03228  3.84512  4.56746  0.61958  0.77255  0.48576  0.95510
    133   2.78660  4.33716  4.08716  3.74980  3.53050  3.69522  4.55638  2.05290  3.61715  2.22254  3.50017  3.94392  4.25751  3.97909  3.83223  3.19732  3.14898  1.06014  5.31020  4.03995    134 v - - -
          2.68618  4.42225  2.77519  2.73123  3.46354  2.40513  3.72494  3.29354  2.67741  2.69355  4.24690  2.90347  2.73739  3.18146  2.89801  2.37887  2.77519  2.98518  4.58477  3.61503
          0.03228  3.84512  4.56746  0.61958  0.77255  0.48576  0.95510
    134   2.71634  4.47784  3.32062  3.15600  4.15289  3.16691  4.23543  3.69160  3.21102  3.32128  4.37021  3.46528  0.88008  3.60065  3.45936  2.88306  3.15583  3.34005  5.34662  4.27330    135 p - - -
          2.68618  4.42225  2.77519  2.73123  3.46354  2.40513  3.72494  3.29354  2.67741  2.69355  4.24690  2.90347  2.73739  3.18146  2.89801  2.37887  2.77519  2.98518  4.58477  3.61503
          0.03228  3.84512  4.56746  0.61958  0.77255  0.48576  0.95510
    135   1.05392  4.17904  3.43535  3.22581  4.02564  3.00423  4.25101  3.14710  3.24137  3.02992  4.06508  3.38217  3.74090  3.58513  3.49355  2.52973  2.80522  2.80625  5.45554  4.25283    136 a - - -
          2.68618  4.42225  2.77519  2.73123  3.46354  2.40513  3.72494  3.29354  2.67741  2.69355  4.24690  2.90347  2.73739  3.18146  2.89801  2.37887  2.77519  2.98518  4.58477  3.61503
          0.03228  3.84512  4.56746  0.61958  0.77255  0.48576  0.95510
    136   2.78660  4.33716  4.08716  3.74980  3.53050  3.69522  4.55638  2.05290  3.61715  2.22254  3.50017  3.94392  4.25751  3.97909  3.83223  3.19732  3.14898  1.06014  5.31020  4.03995    137 v - - -
          2.68618  4.42225  2.77519  2.73123  3.46354  2.40513  3.72494  3.29354  2.67741  2.69355  4.24690  2.90347  2.73739  3.18146  2.89801  2.37887  2.77519  2.98518  4.58477  3.61503
          0.03228  3.84512  4.56746  0.61958  0.77255  0.48576  0.95510
    137   2.92797  4.35028  4.40288  3.92455  3.45317  4.10404  4.69610  1.66296  3.78733  2.01609  3.31146  4.17220  4.50075  4.09987  4.01991  3.49297  3.21683  1.17182  5.35122  4.11305    138 v - - -
          2.68618  4.42225  2.77519  2.73123  3.46354  2.40513  3.72494  3.29354  2.67741  2.69355  4.24690  2.90347  2.73739  3.18146  2.89801  2.37887  2.77519  2.98518  4.58477  3.61503
          0.03228  3.84512  4.56746  0.61958  0.77255  0.48576  0.95510
    138   1.05392  4.17904  3.43535  3.22581  4.02564  3.00423  4.25101  3.14710  3.24137  3.02992  4.06508  3.38217  3.74090  3.58513  3.49355  2.52973  2.80522  2.80625  5.45554  4.25283    139 a - - -
          2.68618  4.42225  2.77519  2.73123  3.46354  2.40513  3.72494  3.29354  2.67741  2.69355  4.24690  2.90347  2.73739  3.18146  2.89801  2.37887  2.77519  2.98518  4.58477  3.61503
          0.03228  3.84512  4.56746  0.61958  0.77255  0.48576  0.95510
    139   3.20826  4.70832  3.79816  3.52274  2.29489  3.79851  3.60680  3.22136  3.38104  2.68226  3.89933  3.69025  4.27315  3.69364  3.57022  3.34756  3.49490  3.09067  3.93749  1.01251    140 y - - -
          2.68618  4.42225  2.77519  2.73123  3.46354  2.40513  3.72494  3.29354  2.67741  2.69355  4.24690  2.90347  2.73739  3.18146  2.89801  2.37887  2.77519  2.98518  4.58477  3.61503
          0.03228  3.84512  4.56746  0.61958  0.77255  0.48576  0.95510
    140   2.94767  4.90962  3.12180  2.74885  4.28980  3.43969  3.74500  3.71744  1.07635  3.28868  4.25194  3.17440  3.94224  2.93828  2.42776  2.99165  3.20315  3.42689  5.35597  4.16493    141 k - - -
          2.68618  4.42225  2.77519  2.73123  3.46354  2.40513  3.72494  3.29354  2.67741  2.69355  4.24690  2.90347  2.73739  3.18146  2.89801  2.37887  2.77519  2.98518  4.58477  3.61503
          0.03228  3.84512  4.56746  0.61958  0.77255  0.48576  0.95510
    141   3.00986  4.43667  4.29611  3.91117  3.35615  4.03642  4.64462  1.11244  3.73875  1.94820  3.29619  4.16037  4.47059  4.09008  3.93847  3.52938  3.30965  1.84618  5.24106  3.97675    142 i - - -
          2.68618  4.42225  2.77519  2.73123  3.46354  2.40513  3.72494  3.29354  2.67741  2.69355  4.24690  2.90347  2.73739  3.18146  2.89801  2.37887  2.77519  2.98518  4.58477  3.61503
          0.03228  3.84512  4.56746  0.61958  0.77255  0.48576  0.95510
    142   3.20826  4.70832  3.79816  3.52274  2.29489  3.79851  3.60680  3.22136  3.38104  2.68226  3.89933  3.69025  4.27315  3.69364  3.57022  3.34756  3.49490  3.09067  3.93749  1.01251    143 y - - -
          2.68618  4.42225  2.77519  2.73123  3.46354  2.40513  3.72494  3.29354  2.67741  2.69355  4.24690  2.90347  2.73739  3.18146  2.89801  2.37887  2.77519  2.98518  4.58477  3.61503
          0.03228  3.84512  4.56746  0.61958  0.77255  0.48576  0.95510
    143   2.94767  4.90962  3.12180  2.74885  4.28980  3.43969  3.74500  3.71744  1.07635  3.28868  4.25194  3.17440  3.94224  2.93828  2.42776  2.99165  3.20315  3.42689  5.35597  4.16493    144 k - - -
          2.68618  4.42225  2.77519  2.73123  3.46354  2.40513  3.72494  3.29354  2.67741  2.69355  4.24690  2.90347  2.73739  3.18146  2.89801  2.37887  2.77519  2.98518  4.58477  3.61503
          0.03228  3.84512  4.56746  0.61958  0.77255  0.48576  0.95510
    144   2.96083  5.08389  0.95808  2.31909  4.45739  3.19049  3.90789  4.03947  2.98698  3.65284  4.63070  2.87394  3.84139  3.14725  3.49919  2.92653  3.29894  3.68169  5.63128  4.33527    145 d - - -
          2.68618  4.42225  2.77519  2.73123  3.46354  2.40513  3.72494  3.29354  2.67741  2.69355  4.24690  2.90347  2.73739  3.18146  2.89801  2.37887  2.77519  2.98518  4.58477  3.61503
          0.02185  3.83468        *  0.61958  0.77255  0.00000        *
//
