HMMER3/f [3.3.1 | Jul 2020]
NAME  vHMM_8617
LENG  197
ALPH  amino
RF    no
MM    no
CONS  yes
CS    no
MAP   yes
DATE  Thu Feb 11 21:26:29 2021
NSEQ  139
EFFN  1.667084
CKSUM 726066382
STATS LOCAL MSV      -10.5330  0.70554
STATS LOCAL VITERBI  -11.1914  0.70554
STATS LOCAL FORWARD   -4.9068  0.70554
CUTOFF SCORE	130.48
TAXON	Luteoviridae
TXID	119163
PROTEIN	Capsid
TYPE	Full-length
RANGE	Wide
HMM          A        C        D        E        F        G        H        I        K        L        M        N        P        Q        R        S        T        V        W        Y   
            m->m     m->i     m->d     i->m     i->i     d->m     d->d
  COMPO   2.52155  4.48879  3.07601  2.71304  3.22502  2.71828  3.76669  2.96462  2.57767  2.68276  3.77759  2.97709  3.50243  2.94669  2.70210  2.45945  2.77235  2.79381  4.83617  3.48886
          2.68607  4.42231  2.77526  2.73129  3.46360  2.40519  3.72501  3.29349  2.67747  2.69361  4.24606  2.90343  2.73739  3.18152  2.89784  2.37893  2.77523  2.98504  4.58483  3.61509
          0.09192  2.76295  3.70015  1.16566  0.37355  0.00000        *
      1   2.68782  4.39949  3.80941  3.34135  3.70731  3.31507  4.17130  3.04093  3.18347  2.75902  1.13681  3.61294  3.69566  3.55127  3.35310  2.82689  3.00945  2.75368  5.17633  3.95926      7 m - - -
          2.68618  4.42225  2.77519  2.73123  3.46354  2.40513  3.72494  3.29354  2.67741  2.69355  4.24690  2.90347  2.73739  3.18146  2.89801  2.37887  2.77519  2.98518  4.58477  3.61503
          0.01697  4.48041  5.20276  0.61958  0.77255  0.51828  0.90522
      2   2.52176  4.83271  3.12484  2.59871  4.14171  3.50017  3.78354  3.36454  2.59591  3.16828  3.98661  1.84577  3.01153  2.94368  3.00457  2.24183  2.93507  2.73391  5.41981  4.09571      8 n - - -
          2.68618  4.42225  2.77519  2.73123  3.46354  2.40513  3.72494  3.29354  2.67741  2.69355  4.24690  2.90347  2.73739  3.18146  2.89801  2.37887  2.77519  2.98518  4.58477  3.61503
          0.01697  4.48041  5.20276  0.61958  0.77255  0.51828  0.90522
      3   2.41399  4.78121  3.19212  2.66030  4.12925  3.49285  3.82537  3.53697  2.64214  3.12472  3.98621  2.92573  3.93935  2.87737  2.95181  2.01576  1.71991  3.09577  5.42024  4.10967      9 t - - -
          2.68618  4.42225  2.77519  2.73123  3.46354  2.40513  3.72494  3.29354  2.67741  2.69355  4.24690  2.90347  2.73739  3.18146  2.89801  2.37887  2.77519  2.98518  4.58477  3.61503
          0.05812  4.48041  3.09820  0.61958  0.77255  0.47302  0.97582
      4   2.32895  4.65895  3.25343  2.67480  3.84445  2.87505  3.79420  3.22447  2.54318  2.89379  3.53736  3.01301  3.95814  3.00676  2.61697  2.62512  2.81795  2.05078  5.20365  3.67322     10 v - - -
          2.68618  4.42225  2.77519  2.73123  3.46354  2.40513  3.72494  3.29354  2.67741  2.69355  4.24690  2.90347  2.73739  3.18146  2.89801  2.37887  2.77519  2.98518  4.58477  3.61503
          0.02923  4.45750  4.06205  0.61958  0.77255  0.55053  0.85954
      5   2.38956  4.75735  3.16346  2.62264  3.99359  2.14031  3.77560  3.27072  2.53567  3.03076  3.86777  2.61465  3.93471  2.85258  3.01219  2.64964  2.92386  2.38246  5.31081  4.00534     11 g - - -
          2.68618  4.42225  2.77519  2.73123  3.46354  2.40513  3.72494  3.29354  2.67741  2.69355  4.24690  2.90347  2.73739  3.18146  2.89801  2.37887  2.77519  2.98518  4.58477  3.61503
          0.15798  4.44732  2.00675  0.61958  0.77255  0.56800  0.83623
      6   2.51970  4.73205  3.13978  2.57956  3.94466  2.93650  3.71652  3.34067  2.38936  2.59901  3.81500  2.84668  3.89905  2.72635  2.48446  2.72758  2.88696  2.31569  5.25415  3.95166     12 v - - -
          2.68618  4.42225  2.77519  2.73123  3.46354  2.40513  3.72494  3.29354  2.67741  2.69355  4.24690  2.90347  2.73739  3.18146  2.89801  2.37887  2.77519  2.98518  4.58477  3.61503
          0.12073  4.31028  2.29964  0.61958  0.77255  0.74460  0.64421
      7   2.83068  5.12235  3.12845  2.55949  4.48664  3.30840  3.65119  3.89422  1.99030  3.39062  4.19732  2.64499  3.94061  2.65497  1.56873  2.81886  2.88663  3.46661  5.51412  4.22250     13 r - - -
          2.68618  4.42225  2.77519  2.73123  3.46354  2.40513  3.72494  3.29354  2.67741  2.69355  4.24690  2.90347  2.73739  3.18146  2.89801  2.37887  2.77519  2.98518  4.58477  3.61503
          0.04524  4.21181  3.52630  0.61958  0.77255  0.84210  0.56353
      8   2.66156  5.05822  2.91421  2.39910  4.38744  2.75160  3.62600  3.83273  2.19105  3.35134  4.13078  2.37266  3.78098  2.64579  2.16128  2.50464  2.88656  3.44631  5.50988  4.14914     14 r - - -
          2.68618  4.42225  2.77519  2.73123  3.46354  2.40513  3.72494  3.29354  2.67741  2.69355  4.24690  2.90347  2.73739  3.18146  2.89801  2.37887  2.77519  2.98518  4.58477  3.61503
          0.09008  4.18934  2.64534  0.61958  0.77255  0.79316  0.60223
      9   2.72141  5.05917  3.02030  2.45573  4.39154  3.41416  3.61429  3.74322  2.08348  3.28441  4.12187  2.54193  3.86563  2.46957  1.91495  2.57124  2.82468  3.44715  5.47873  4.14822     15 r - - -
          2.68606  4.42258  2.77552  2.73156  3.46387  2.40477  3.72527  3.29365  2.67761  2.69382  4.24645  2.90240  2.73747  3.18142  2.89748  2.37914  2.77532  2.98504  4.58469  3.61520
          0.59076  0.82436  4.88254  1.37364  0.29194  0.29911  1.35277
     10   2.48334  5.09125  3.01338  2.45561  4.39288  2.82002  3.62185  3.84363  2.24971  3.23392  4.06795  2.80292  3.65813  2.74842  1.90573  2.47166  2.92109  3.30569  5.55094  4.17644     25 r - - -
          2.68618  4.42225  2.77519  2.73123  3.46354  2.40513  3.72494  3.29354  2.67741  2.69355  4.24690  2.90347  2.73739  3.18146  2.89801  2.37887  2.77519  2.98518  4.58477  3.61503
          0.01665  4.49928  5.22163  0.61958  0.77255  0.48686  0.95335
     11   2.49879  5.07106  3.02437  2.46644  4.36639  3.17408  3.69447  3.59943  2.34266  3.35325  3.97884  2.48325  3.89746  2.70941  1.87295  2.43151  2.94163  3.28480  5.53589  4.16678     26 r - - -
          2.68618  4.42225  2.77519  2.73123  3.46354  2.40513  3.72494  3.29354  2.67741  2.69355  4.24690  2.90347  2.73739  3.18146  2.89801  2.37887  2.77519  2.98518  4.58477  3.61503
          0.01665  4.49928  5.22163  0.61958  0.77255  0.48686  0.95335
     12   2.68595  5.14296  3.02601  2.46985  4.46733  2.68328  3.69428  3.92042  2.17764  3.43336  4.20095  2.70774  3.66791  2.69816  1.80278  2.69254  2.77586  3.35410  5.58871  4.21709     27 r - - -
          2.68618  4.42225  2.77519  2.73123  3.46354  2.40513  3.72494  3.29354  2.67741  2.69355  4.24690  2.90347  2.73739  3.18146  2.89801  2.37887  2.77519  2.98518  4.58477  3.61503
          0.01665  4.49928  5.22163  0.61958  0.77255  0.48686  0.95335
     13   2.55800  5.07334  3.00750  2.45463  4.37493  3.20000  3.69293  3.82506  2.38889  3.36344  4.13630  2.53610  2.48261  2.72707  2.35500  2.50400  2.64642  3.13411  5.54459  4.16952     28 r - - -
          2.68618  4.42225  2.77519  2.73123  3.46354  2.40513  3.72494  3.29354  2.67741  2.69355  4.24690  2.90347  2.73739  3.18146  2.89801  2.37887  2.77519  2.98518  4.58477  3.61503
          0.01665  4.49928  5.22163  0.61958  0.77255  0.48686  0.95335
     14   2.81029  5.15365  3.12028  2.54732  4.49120  3.37876  3.49203  3.92824  2.13200  3.43991  4.22051  2.83498  3.95848  2.76509  1.49782  2.49471  2.97587  3.35982  5.56854  4.24428     29 r - - -
          2.68618  4.42225  2.77519  2.73123  3.46354  2.40513  3.72494  3.29354  2.67741  2.69355  4.24690  2.90347  2.73739  3.18146  2.89801  2.37887  2.77519  2.98518  4.58477  3.61503
          0.01665  4.49928  5.22163  0.61958  0.77255  0.48686  0.95335
     15   2.88053  5.20352  3.46918  2.81661  4.55370  3.75977  3.78383  3.93212  2.03051  3.44407  4.27661  3.22557  4.12250  2.71473  1.13161  2.99058  3.04452  3.60635  4.47965  4.33058     30 r - - -
          2.68618  4.42225  2.77519  2.73123  3.46354  2.40513  3.72494  3.29354  2.67741  2.69355  4.24690  2.90347  2.73739  3.18146  2.89801  2.37887  2.77519  2.98518  4.58477  3.61503
          0.01665  4.49928  5.22163  0.61958  0.77255  0.48686  0.95335
     16   2.16682  5.06847  3.01654  2.46069  4.36406  3.34120  3.69344  3.81142  2.42425  3.35272  3.62971  2.46040  3.76073  2.54310  2.09427  2.55461  2.84022  3.39389  5.53626  4.16468     31 r - - -
          2.68620  4.42246  2.77541  2.73144  3.46375  2.40501  3.72516  3.29375  2.67748  2.69362  4.24711  2.90319  2.73744  3.18105  2.89729  2.37894  2.77532  2.98503  4.58498  3.61524
          0.55177  1.31139  1.86675  1.09966  0.40494  0.48686  0.95335
     17   2.30830  4.97974  2.98727  2.43117  4.26259  3.03787  3.65488  3.63027  2.29910  3.25921  4.04412  2.86171  3.42217  2.61714  2.22577  2.48283  2.82555  2.99293  5.45770  4.09533     38 r - - -
          2.68618  4.42225  2.77519  2.73123  3.46354  2.40513  3.72494  3.29354  2.67741  2.69355  4.24690  2.90347  2.73739  3.18146  2.89801  2.37887  2.77519  2.98518  4.58477  3.61503
          0.01960  4.33767  5.06002  0.61958  0.77255  0.40027  1.10908
     18   2.70611  5.13892  3.11832  2.54733  4.46373  3.37428  3.71450  3.63370  2.22611  3.41439  4.20169  2.88785  3.46539  2.58523  1.47755  2.79139  2.94257  3.52220  5.56936  4.23277     39 r - - -
          2.68618  4.42225  2.77519  2.73123  3.46354  2.40513  3.72494  3.29354  2.67741  2.69355  4.24690  2.90347  2.73739  3.18146  2.89801  2.37887  2.77519  2.98518  4.58477  3.61503
          0.01694  4.48248  5.20482  0.61958  0.77255  0.51491  0.91019
     19   2.81742  5.09618  3.17384  2.59301  4.40802  3.59288  3.70855  3.82581  2.22940  3.19863  4.16563  2.97084  3.55699  2.75106  1.42053  2.65441  2.88221  3.29003  5.53440  4.21609     40 r - - -
          2.68618  4.42225  2.77519  2.73123  3.46354  2.40513  3.72494  3.29354  2.67741  2.69355  4.24690  2.90347  2.73739  3.18146  2.89801  2.37887  2.77519  2.98518  4.58477  3.61503
          0.01694  4.48248  5.20482  0.61958  0.77255  0.46966  0.98141
     20   2.04222  4.98367  3.05385  2.49720  4.25383  3.51102  3.71221  3.46979  2.48541  3.25887  4.05276  2.64067  3.33161  2.60581  2.25170  2.62174  2.70971  3.00794  5.47276  4.11900     41 a - - -
          2.68618  4.42225  2.77519  2.73123  3.46354  2.40513  3.72494  3.29354  2.67741  2.69355  4.24690  2.90347  2.73739  3.18146  2.89801  2.37887  2.77519  2.98518  4.58477  3.61503
          0.01665  4.49928  5.22163  0.61958  0.77255  0.48686  0.95335
     21   2.41857  5.04345  3.01825  2.46158  3.99926  3.10647  3.69392  3.53462  2.39959  3.32244  4.10186  2.72811  3.19575  2.57719  2.11808  2.50409  2.72954  3.20784  5.51564  4.14615     42 r - - -
          2.68618  4.42225  2.77519  2.73123  3.46354  2.40513  3.72494  3.29354  2.67741  2.69355  4.24690  2.90347  2.73739  3.18146  2.89801  2.37887  2.77519  2.98518  4.58477  3.61503
          0.01665  4.49928  5.22163  0.61958  0.77255  0.48686  0.95335
     22   2.19729  5.00079  3.07609  2.51399  4.27361  3.35910  3.71502  3.50539  2.28862  3.27160  3.79441  3.03859  3.67818  2.69841  1.82774  2.69003  2.72099  3.35309  5.47967  4.13213     43 r - - -
          2.68618  4.42225  2.77519  2.73123  3.46354  2.40513  3.72494  3.29354  2.67741  2.69355  4.24690  2.90347  2.73739  3.18146  2.89801  2.37887  2.77519  2.98518  4.58477  3.61503
          0.01665  4.49928  5.22163  0.61958  0.77255  0.48686  0.95335
     23   2.16283  4.64367  3.29249  2.73159  3.82584  3.54196  3.81960  2.78863  2.68019  2.87844  3.73738  3.13040  3.07461  2.93285  2.59828  2.63706  2.51401  2.35606  5.19551  3.91650     44 a - - -
          2.68618  4.42225  2.77519  2.73123  3.46354  2.40513  3.72494  3.29354  2.67741  2.69355  4.24690  2.90347  2.73739  3.18146  2.89801  2.37887  2.77519  2.98518  4.58477  3.61503
          0.01665  4.49928  5.22163  0.61958  0.77255  0.48686  0.95335
     24   2.50753  5.16224  2.96344  2.43963  4.48857  3.50012  3.68081  3.95176  2.30373  3.29935  4.21191  2.48710  3.66204  2.15184  2.01740  2.62336  2.85686  3.50765  5.60246  4.21733     45 r - - -
          2.68618  4.42225  2.77519  2.73123  3.46354  2.40513  3.72494  3.29354  2.67741  2.69355  4.24690  2.90347  2.73739  3.18146  2.89801  2.37887  2.77519  2.98518  4.58477  3.61503
          0.01665  4.49928  5.22163  0.61958  0.77255  0.48686  0.95335
     25   2.58409  4.99264  3.12302  2.57510  4.29571  3.54725  3.75273  3.71551  2.46759  3.14094  4.09504  2.96402  1.86014  2.69417  2.26819  2.77660  2.68695  3.37059  5.49690  4.16717     46 p - - -
          2.68618  4.42225  2.77519  2.73123  3.46354  2.40513  3.72494  3.29354  2.67741  2.69355  4.24690  2.90347  2.73739  3.18146  2.89801  2.37887  2.77519  2.98518  4.58477  3.61503
          0.01665  4.49928  5.22163  0.61958  0.77255  0.48686  0.95335
     26   2.58949  4.23668  3.98179  3.40089  3.34980  3.77366  4.06220  2.50544  3.14081  2.36078  2.72454  3.67905  3.82047  3.48509  3.08962  3.04931  2.86240  1.44131  4.84729  3.64639     47 v - - -
          2.68624  4.42231  2.77525  2.73129  3.46360  2.40500  3.72500  3.29348  2.67746  2.69354  4.24695  2.90352  2.73726  3.18132  2.89806  2.37888  2.77525  2.98516  4.58483  3.61493
          0.07780  3.11340  3.49338  1.29624  0.31960  0.48686  0.95335
     27   2.75226  4.32676  4.49257  3.92666  3.48282  4.09385  4.46581  2.11449  3.79440  2.20086  3.43850  4.11691  4.45244  4.02915  3.96710  3.20027  3.15645  1.00740  5.10097  3.57719     55 v - - -
          2.68614  4.42227  2.77515  2.73125  3.46356  2.40515  3.72496  3.29356  2.67743  2.69351  4.24692  2.90349  2.73735  3.18148  2.89803  2.37889  2.77521  2.98512  4.58479  3.61505
          0.07066  2.76967  5.19631  0.57250  0.83038  0.46151  0.99515
     28   2.82708  4.37098  4.56302  3.98561  3.41026  4.14714  4.49248  2.27357  3.84121  2.02700  2.39553  4.17131  4.48354  3.68921  3.99442  3.45751  3.20158  1.12911  5.08349  3.91195     58 v - - -
          2.68618  4.42225  2.77519  2.73123  3.46354  2.40513  3.72494  3.29354  2.67741  2.69355  4.24690  2.90347  2.73739  3.18146  2.89801  2.37887  2.77519  2.98518  4.58477  3.61503
          0.01665  4.49928  5.22163  0.61958  0.77255  0.48686  0.95335
     29   2.58253  4.31571  4.13563  3.58170  3.47330  3.86058  4.24958  2.50678  3.47014  2.46271  3.24745  3.83502  3.33971  3.73686  3.70089  3.16706  3.04718  1.09902  5.02101  3.53412     59 v - - -
          2.68618  4.42225  2.77519  2.73123  3.46354  2.40513  3.72494  3.29354  2.67741  2.69355  4.24690  2.90347  2.73739  3.18146  2.89801  2.37887  2.77519  2.98518  4.58477  3.61503
          0.02005  4.49928  4.74078  0.61958  0.77255  0.48508  0.95620
     30   2.32789  4.90765  3.09326  2.49343  4.15348  3.36031  3.73122  3.57151  2.52452  3.05263  3.98187  3.01272  3.67369  2.04322  2.72888  2.58020  2.64902  2.51016  5.41132  4.07499     60 q - - -
          2.68618  4.42225  2.77519  2.73123  3.46354  2.40513  3.72494  3.29354  2.67741  2.69355  4.24690  2.90347  2.73739  3.18146  2.89801  2.37887  2.77519  2.98518  4.58477  3.61503
          0.01670  4.49659  5.21893  0.61958  0.77255  0.49144  0.94609
     31   1.94245  4.90892  3.09951  2.55648  4.22307  3.50054  3.75897  3.64710  2.54773  3.23839  4.04271  2.75583  2.43676  2.80480  2.80029  2.59636  2.41870  3.19061  5.46725  4.12829     61 a - - -
          2.68618  4.42225  2.77519  2.73123  3.46354  2.40513  3.72494  3.29354  2.67741  2.69355  4.24690  2.90347  2.73739  3.18146  2.89801  2.37887  2.77519  2.98518  4.58477  3.61503
          0.02523  4.49659  4.28535  0.61958  0.77255  0.49144  0.94609
     32   2.31639  5.02920  3.01910  2.47108  4.34121  3.18744  3.70595  3.74037  2.47201  3.33722  4.11629  2.28685  2.64026  2.66209  2.85233  2.31431  2.74820  3.22573  5.52922  4.16060     62 n - - -
          2.68618  4.42225  2.77519  2.73123  3.46354  2.40513  3.72494  3.29354  2.67741  2.69355  4.24690  2.90347  2.73739  3.18146  2.89801  2.37887  2.77519  2.98518  4.58477  3.61503
          0.01684  4.48820  5.21054  0.61958  0.77255  0.47361  0.97484
     33   2.69577  4.87794  3.14068  2.58061  4.12423  2.40991  3.75097  3.53381  2.53380  2.99606  3.70995  3.09102  2.81674  2.81189  2.03241  2.71359  2.94521  2.87328  5.39215  4.06943     63 r - - -
          2.68618  4.42225  2.77519  2.73123  3.46354  2.40513  3.72494  3.29354  2.67741  2.69355  4.24690  2.90347  2.73739  3.18146  2.89801  2.37887  2.77519  2.98518  4.58477  3.61503
          0.01664  4.49992  5.22227  0.61958  0.77255  0.48576  0.95510
     34   2.20751  5.00334  3.03961  2.48351  4.27782  3.28623  3.70578  3.71382  2.47759  2.99440  4.06893  2.72661  2.86385  2.43880  2.61057  2.62000  2.53657  3.09619  5.48735  4.12774     64 a - - -
          2.68618  4.42225  2.77519  2.73123  3.46354  2.40513  3.72494  3.29354  2.67741  2.69355  4.24690  2.90347  2.73739  3.18146  2.89801  2.37887  2.77519  2.98518  4.58477  3.61503
          0.01664  4.49992  5.22227  0.61958  0.77255  0.48576  0.95510
     35   2.57378  4.99170  3.05354  2.49722  4.27197  2.43086  3.71350  3.70541  2.48239  3.24061  3.79817  3.02467  2.71202  2.60368  2.30467  2.59281  2.69873  3.21024  5.48452  4.12931     65 r - - -
          2.68618  4.42225  2.77519  2.73123  3.46354  2.40513  3.72494  3.29354  2.67741  2.69355  4.24690  2.90347  2.73739  3.18146  2.89801  2.37887  2.77519  2.98518  4.58477  3.61503
          0.01664  4.49992  5.22227  0.61958  0.77255  0.48576  0.95510
     36   2.76068  5.16520  3.03745  2.48321  4.50016  2.95607  3.70028  3.95230  2.26831  3.45760  4.22563  3.01453  2.69765  2.29779  1.92275  2.63963  2.78541  3.55411  5.60471  4.23737     66 r - - -
          2.68618  4.42225  2.77519  2.73123  3.46354  2.40513  3.72494  3.29354  2.67741  2.69355  4.24690  2.90347  2.73739  3.18146  2.89801  2.37887  2.77519  2.98518  4.58477  3.61503
          0.01664  4.49992  5.22227  0.61958  0.77255  0.48576  0.95510
     37   2.85299  5.18624  3.38077  2.81276  4.62868  3.67573  3.83018  4.01238  2.21375  3.52160  4.35079  3.07860  3.43256  2.96634  1.05582  3.01617  3.04200  3.66006  5.64501  4.39626     67 r - - -
          2.68618  4.42225  2.77519  2.73123  3.46354  2.40513  3.72494  3.29354  2.67741  2.69355  4.24690  2.90347  2.73739  3.18146  2.89801  2.37887  2.77519  2.98518  4.58477  3.61503
          0.01664  4.49992  5.22227  0.61958  0.77255  0.48576  0.95510
     38   2.67811  5.03823  3.14771  2.59393  4.40048  2.43060  3.76214  3.82500  2.30101  3.37521  4.17273  3.09963  3.45504  2.89327  1.57654  2.76373  2.89451  3.31029  5.55685  4.22849     68 r - - -
          2.68618  4.42225  2.77520  2.73124  3.46354  2.40511  3.72495  3.29354  2.67741  2.69355  4.24690  2.90347  2.73735  3.18147  2.89801  2.37887  2.77520  2.98519  4.58477  3.61503
          0.06087  3.43425  3.61900  0.49464  0.94107  0.48576  0.95510
     39   2.88203  5.19455  3.14746  2.61028  4.56062  3.25226  3.75334  3.98139  2.26187  3.48651  4.28506  2.88856  3.24734  2.76062  1.30852  2.75549  3.06958  3.60877  5.62244  4.30838     70 r - - -
          2.68618  4.42225  2.77519  2.73123  3.46354  2.40513  3.72494  3.29354  2.67741  2.69355  4.24690  2.90347  2.73739  3.18146  2.89801  2.37887  2.77519  2.98518  4.58477  3.61503
          0.01701  4.47828  5.20062  0.61958  0.77255  0.46391  0.99107
     40   2.57398  5.11652  3.03781  2.50026  4.45584  3.34152  3.72111  3.90186  2.36147  3.42666  4.20356  2.42357  3.66832  2.81430  1.63435  2.57157  2.79695  3.51368  5.59093  4.22924     71 r - - -
          2.68618  4.42225  2.77519  2.73123  3.46354  2.40513  3.72494  3.29354  2.67741  2.69355  4.24690  2.90347  2.73739  3.18146  2.89801  2.37887  2.77519  2.98518  4.58477  3.61503
          0.01664  4.49992  5.22227  0.61958  0.77255  0.48576  0.95510
     41   2.49264  5.12141  3.10251  2.56660  4.48015  2.62569  3.75045  3.91248  2.39621  3.43893  4.22914  2.95123  3.81316  2.53839  1.53930  2.80205  3.03918  3.49215  5.59922  4.26227     72 r - - -
          2.68618  4.42225  2.77519  2.73123  3.46354  2.40513  3.72494  3.29354  2.67741  2.69355  4.24690  2.90347  2.73739  3.18146  2.89801  2.37887  2.77519  2.98518  4.58477  3.61503
          0.01664  4.49992  5.22227  0.61958  0.77255  0.48576  0.95510
     42   2.95838  5.19613  3.26230  2.72910  4.62222  3.14016  3.81281  4.02407  2.24933  3.52958  4.34609  2.88644  3.70454  2.94427  1.13145  2.96123  3.01558  3.65870  5.65633  4.37905     73 r - - -
          2.68618  4.42225  2.77519  2.73123  3.46354  2.40513  3.72494  3.29354  2.67741  2.69355  4.24690  2.90347  2.73739  3.18146  2.89801  2.37887  2.77519  2.98518  4.58477  3.61503
          0.02089  4.49992  4.65027  0.61958  0.77255  0.48576  0.95510
     43   2.50148  5.04519  3.05375  2.51255  4.39789  2.72210  3.73280  3.84063  2.39914  3.38388  4.16513  2.92146  3.03263  2.85596  1.75172  2.61326  2.76286  3.45727  5.56513  4.20658     74 r - - -
          2.68624  4.42234  2.77529  2.73132  3.46363  2.40493  3.72504  3.29363  2.67750  2.69364  4.24699  2.90306  2.73747  3.18155  2.89757  2.37890  2.77528  2.98525  4.58486  3.61512
          0.46756  1.39919  2.06612  0.49604  0.93889  0.48135  0.96220
     44   2.32565  5.00842  2.99715  2.46033  4.35348  3.34778  3.68797  3.78757  2.40067  3.34120  4.12139  2.40339  3.51374  2.81064  1.96664  2.43396  2.78324  3.41440  5.52352  4.16128     78 r - - -
          2.68618  4.42225  2.77519  2.73123  3.46354  2.40513  3.72494  3.29354  2.67741  2.69355  4.24690  2.90347  2.73739  3.18146  2.89801  2.37887  2.77519  2.98518  4.58477  3.61503
          0.01895  4.37123  5.09358  0.61958  0.77255  0.57440  0.82792
     45   2.61736  5.04678  3.00762  2.46469  4.37718  2.91611  3.68984  3.82230  2.35638  3.35971  4.13809  2.62207  3.25625  2.80998  1.80890  2.50889  2.93702  3.26597  5.53679  4.17314     79 r - - -
          2.68618  4.42225  2.77519  2.73123  3.46354  2.40513  3.72494  3.29354  2.67741  2.69355  4.24690  2.90347  2.73739  3.18146  2.89801  2.37887  2.77519  2.98518  4.58477  3.61503
          0.01817  4.41297  5.13532  0.61958  0.77255  0.53036  0.88769
     46   2.83364  5.10678  3.14484  2.61300  4.49531  2.66256  3.76078  3.91543  2.29389  3.44109  4.24292  2.83743  3.66593  2.88978  1.39565  2.83729  2.92786  3.49629  5.59494  4.28138     80 r - - -
          2.68618  4.42225  2.77519  2.73123  3.46354  2.40513  3.72494  3.29354  2.67741  2.69355  4.24690  2.90347  2.73739  3.18146  2.89801  2.37887  2.77519  2.98518  4.58477  3.61503
          0.01753  4.44866  5.17101  0.61958  0.77255  0.56776  0.83654
     47   2.36413  4.96025  3.05321  2.50435  4.29544  2.50971  3.72139  3.73187  2.48800  3.15432  4.08658  2.83396  3.43831  2.85204  2.05029  2.41605  2.78725  3.31479  5.50160  4.14757     81 r - - -
          2.68618  4.42225  2.77519  2.73123  3.46354  2.40513  3.72494  3.29354  2.67741  2.69355  4.24690  2.90347  2.73739  3.18146  2.89801  2.37887  2.77519  2.98518  4.58477  3.61503
          0.01753  4.44866  5.17101  0.61958  0.77255  0.52250  0.89903
     48   2.59591  5.07538  2.99224  2.44843  4.39756  2.41678  3.69084  3.85060  2.39442  3.23454  4.15307  2.31608  3.37753  2.80667  2.35295  2.39624  2.83701  3.46024  5.55732  4.18072     82 n - - -
          2.68620  4.42227  2.77521  2.73125  3.46356  2.40514  3.72496  3.29356  2.67742  2.69357  4.24691  2.90347  2.73741  3.18148  2.89787  2.37887  2.77515  2.98520  4.58438  3.61505
          0.17753  2.42855  2.59697  0.32990  1.26940  0.45261  1.01050
     49   2.25571  4.90872  3.09025  2.54263  4.26495  2.85264  3.74258  3.69371  2.47131  3.27186  4.06927  3.05161  3.00694  2.88114  1.89418  2.53560  2.81993  3.17504  5.48527  4.14449     84 r - - -
          2.68618  4.42225  2.77519  2.73123  3.46354  2.40513  3.72494  3.29354  2.67741  2.69355  4.24690  2.90347  2.73739  3.18146  2.89801  2.37887  2.77519  2.98518  4.58477  3.61503
          0.01784  4.43098  5.15332  0.61958  0.77255  0.50511  0.92493
     50   2.59427  4.98251  2.98331  2.47729  4.25154  2.39833  3.69720  3.49596  2.47224  3.25587  3.78534  2.39214  3.88980  2.66491  2.57064  2.51944  2.70219  2.96014  5.46734  4.11008     85 n - - -
          2.68618  4.42225  2.77519  2.73123  3.46354  2.40513  3.72494  3.29354  2.67741  2.69355  4.24690  2.90347  2.73739  3.18146  2.89801  2.37887  2.77519  2.98518  4.58477  3.61503
          0.01722  4.46604  5.18839  0.61958  0.77255  0.54117  0.87244
     51   2.61233  5.00575  3.02456  2.46886  4.11008  2.23127  3.69324  3.68152  2.40092  3.15296  4.07045  2.84994  3.16594  2.73543  2.43503  2.38637  2.82856  3.25650  5.48679  4.12497     86 g - - -
          2.68618  4.42225  2.77519  2.73123  3.46354  2.40513  3.72494  3.29354  2.67741  2.69355  4.24690  2.90347  2.73739  3.18146  2.89801  2.37887  2.77519  2.98518  4.58477  3.61503
          0.01722  4.46604  5.18839  0.61958  0.77255  0.54117  0.87244
     52   2.68319  4.58116  3.32954  2.76719  3.53656  2.63437  3.82705  2.54613  2.74180  2.63784  3.38955  2.98431  3.54971  2.85429  2.68817  2.45240  2.84855  2.57240  5.13754  3.86863     87 s - - -
          2.68618  4.42225  2.77519  2.73123  3.46354  2.40513  3.72494  3.29354  2.67741  2.69355  4.24690  2.90347  2.73739  3.18146  2.89801  2.37887  2.77519  2.98518  4.58477  3.61503
          0.01722  4.46604  5.18839  0.61958  0.77255  0.49591  0.93909
     53   2.26316  4.73614  3.20092  2.64293  3.60948  2.59982  3.78000  3.34105  2.62899  2.74911  3.82895  3.01986  3.31221  2.96930  2.98575  2.12983  2.58386  3.05450  5.27721  3.72107     88 s - - -
          2.68618  4.42225  2.77519  2.73123  3.46354  2.40513  3.72494  3.29354  2.67741  2.69355  4.24690  2.90347  2.73739  3.18146  2.89801  2.37887  2.77519  2.98518  4.58477  3.61503
          0.01693  4.48313  5.20547  0.61958  0.77255  0.46859  0.98319
     54   2.57055  4.94019  3.07659  2.51977  3.89760  2.14284  3.72351  3.44190  2.50847  3.17794  4.01329  2.96360  3.67831  2.62037  2.28913  2.50697  2.83726  3.15300  5.43888  4.09487     89 g - - -
          2.68618  4.42225  2.77519  2.73123  3.46354  2.40513  3.72494  3.29354  2.67741  2.69355  4.24690  2.90347  2.73739  3.18146  2.89801  2.37887  2.77519  2.98518  4.58477  3.61503
          0.01664  4.49992  5.22227  0.61958  0.77255  0.48576  0.95510
     55   2.72589  5.04221  3.01895  2.42851  4.34793  1.96526  3.72794  3.78737  2.48503  3.06690  4.13055  2.79231  2.85465  2.84733  2.51880  2.47363  2.96349  3.41938  5.53878  4.17807     90 g - - -
          2.68618  4.42225  2.77519  2.73123  3.46354  2.40513  3.72494  3.29354  2.67741  2.69355  4.24690  2.90347  2.73739  3.18146  2.89801  2.37887  2.77519  2.98518  4.58477  3.61503
          0.03372  4.49992  3.81441  0.61958  0.77255  0.48576  0.95510
     56   2.40837  5.01738  3.03213  2.47507  4.29802  2.42965  3.69787  3.73641  2.34411  3.16342  3.81117  3.00626  3.77308  2.66113  2.34518  2.35745  2.61389  3.37410  5.49603  4.13438     91 k - - -
          2.68618  4.42225  2.77519  2.73123  3.46354  2.40513  3.72494  3.29354  2.67741  2.69355  4.24690  2.90347  2.73739  3.18146  2.89801  2.37887  2.77519  2.98518  4.58477  3.61503
          0.01693  4.48313  5.20547  0.61958  0.77255  0.46859  0.98319
     57   2.62366  5.05336  2.89760  2.47522  4.36044  2.03948  3.56139  3.58493  2.48221  3.35528  4.13678  2.80724  3.90434  2.84170  2.50854  2.08516  2.95260  3.43043  5.54641  4.17782     92 g - - -
          2.68618  4.42225  2.77519  2.73123  3.46354  2.40513  3.72494  3.29354  2.67741  2.69355  4.24690  2.90347  2.73739  3.18146  2.89801  2.37887  2.77519  2.98518  4.58477  3.61503
          0.01664  4.49992  5.22227  0.61958  0.77255  0.48576  0.95510
     58   2.49653  5.13757  2.97858  2.42368  4.45450  3.25170  2.86086  3.91935  2.30984  3.28391  4.18693  2.70581  3.16920  2.66660  2.49426  2.10960  2.77801  3.51326  5.58747  4.19662     93 s - - -
          2.68618  4.42225  2.77519  2.73123  3.46354  2.40513  3.72494  3.29354  2.67741  2.69355  4.24690  2.90347  2.73739  3.18146  2.89801  2.37887  2.77519  2.98518  4.58477  3.61503
          0.01664  4.49992  5.22227  0.61958  0.77255  0.48576  0.95510
     59   2.47701  4.62855  3.30350  2.74193  3.58408  2.69394  3.56688  3.18466  2.71994  2.85801  3.51600  3.21659  3.72445  3.05074  2.81816  2.12597  2.39711  2.67744  4.50082  3.66315     94 s - - -
          2.68618  4.42225  2.77519  2.73123  3.46354  2.40513  3.72494  3.29354  2.67741  2.69355  4.24690  2.90347  2.73739  3.18146  2.89801  2.37887  2.77519  2.98518  4.58477  3.61503
          0.01664  4.49992  5.22227  0.61958  0.77255  0.48576  0.95510
     60   2.78534  5.24661  2.58044  1.37212  4.55877  3.48501  3.16925  4.03205  2.51448  3.53778  4.30292  2.84781  3.65350  2.74965  3.01257  2.74755  3.02308  2.94768  5.69401  4.28637     95 e - - -
          2.68618  4.42225  2.77519  2.73123  3.46354  2.40513  3.72494  3.29354  2.67741  2.69355  4.24690  2.90347  2.73739  3.18146  2.89801  2.37887  2.77519  2.98518  4.58477  3.61503
          0.02943  4.49992  4.02369  0.61958  0.77255  0.48576  0.95510
     61   2.61490  4.75463  2.86182  2.42257  3.96228  3.49253  3.76623  2.98007  2.50516  2.90014  3.83951  3.00817  3.93987  2.95087  2.84857  2.76544  1.98858  2.49175  4.55992  3.98029     96 t - - -
          2.68618  4.42225  2.77519  2.73123  3.46354  2.40513  3.72494  3.29354  2.67741  2.69355  4.24690  2.90347  2.73739  3.18146  2.89801  2.37887  2.77519  2.98518  4.58477  3.61503
          0.01685  4.48735  5.20970  0.61958  0.77255  0.47277  0.97624
     62   3.51495  4.85263  4.79300  4.34568  0.80366  4.46211  3.92222  3.19731  4.15176  2.21740  3.80539  4.27736  4.77928  4.24676  3.67845  3.79408  3.73840  3.11728  4.13744  2.24404     97 f - - -
          2.68618  4.42225  2.77519  2.73123  3.46354  2.40513  3.72494  3.29354  2.67741  2.69355  4.24690  2.90347  2.73739  3.18146  2.89801  2.37887  2.77519  2.98518  4.58477  3.61503
          0.03372  4.49992  3.81441  0.61958  0.77255  0.48576  0.95510
     63   2.69394  4.55575  3.38150  2.81961  3.72236  3.61571  3.85331  2.81350  2.46563  2.78277  3.65564  3.13385  3.73153  3.04850  3.04465  2.38591  2.57345  1.79907  5.12080  3.86046     98 v - - -
          2.68618  4.42225  2.77519  2.73123  3.46354  2.40513  3.72494  3.29354  2.67741  2.69355  4.24690  2.90347  2.73739  3.18146  2.89801  2.37887  2.77519  2.98518  4.58477  3.61503
          0.01693  4.48313  5.20547  0.61958  0.77255  0.51385  0.91177
     64   3.52830  4.84137  4.98666  4.50467  0.86237  4.58328  4.20726  2.85092  4.33614  1.97997  2.75212  4.47968  4.84799  4.37623  4.38810  3.92065  3.74784  2.90470  4.41041  2.65413     99 f - - -
          2.68618  4.42225  2.77519  2.73123  3.46354  2.40513  3.72494  3.29354  2.67741  2.69355  4.24690  2.90347  2.73739  3.18146  2.89801  2.37887  2.77519  2.98518  4.58477  3.61503
          0.01693  4.48313  5.20547  0.61958  0.77255  0.51385  0.91177
     65   2.60252  4.52901  3.41003  2.85029  3.70713  3.60883  3.62740  2.75565  2.81735  2.68195  3.64576  3.14939  3.85727  3.13987  3.21068  1.80577  2.23747  2.49699  5.11386  3.85696    100 s - - -
          2.68618  4.42225  2.77519  2.73123  3.46354  2.40513  3.72494  3.29354  2.67741  2.69355  4.24690  2.90347  2.73739  3.18146  2.89801  2.37887  2.77519  2.98518  4.58477  3.61503
          0.01693  4.48313  5.20547  0.61958  0.77255  0.51385  0.91177
     66   2.70794  4.55572  3.41041  2.83920  3.71787  3.63376  3.26204  2.56106  1.86751  2.60383  3.65162  3.29248  3.73886  3.12116  3.15227  2.86771  2.83519  2.11799  5.11820  3.86148    101 k - - -
          2.68618  4.42225  2.77519  2.73123  3.46354  2.40513  3.72494  3.29354  2.67741  2.69355  4.24690  2.90347  2.73739  3.18146  2.89801  2.37887  2.77519  2.98518  4.58477  3.61503
          0.01693  4.48313  5.20547  0.61958  0.77255  0.51385  0.91177
     67   3.00414  5.54070  1.15763  2.27273  4.84169  2.87874  3.88664  4.34314  2.79099  3.83547  4.63322  2.35217  3.63290  3.02560  3.34374  2.92301  3.26635  3.91646  5.99247  3.95342    102 d - - -
          2.68618  4.42225  2.77519  2.73123  3.46354  2.40513  3.72494  3.29354  2.67741  2.69355  4.24690  2.90347  2.73739  3.18146  2.89801  2.37887  2.77519  2.98518  4.58477  3.61503
          0.01693  4.48313  5.20547  0.61958  0.77255  0.46859  0.98319
     68   2.81912  5.28328  1.98018  2.41144  4.66412  2.70229  3.79094  4.14925  2.60080  3.64561  4.41080  2.02930  3.22182  2.90977  3.11229  2.14614  2.93798  3.71367  5.79470  4.37369    103 d - - -
          2.68618  4.42225  2.77519  2.73123  3.46354  2.40513  3.72494  3.29354  2.67741  2.69355  4.24690  2.90347  2.73739  3.18146  2.89801  2.37887  2.77519  2.98518  4.58477  3.61503
          0.01664  4.49992  5.22227  0.61958  0.77255  0.48576  0.95510
     69   3.70584  4.94818  5.55241  4.98252  2.53832  5.04417  5.28367  1.68138  4.84498  0.75558  3.05501  5.15648  5.13653  4.78059  4.83448  4.41758  3.91572  2.54959  5.38248  4.30204    104 l - - -
          2.68618  4.42225  2.77519  2.73123  3.46354  2.40513  3.72494  3.29354  2.67741  2.69355  4.24690  2.90347  2.73739  3.18146  2.89801  2.37887  2.77519  2.98518  4.58477  3.61503
          0.01664  4.49992  5.22227  0.61958  0.77255  0.48576  0.95510
     70   2.32236  5.12486  3.00869  2.45283  4.43846  3.50377  3.49576  3.89366  1.63058  3.41291  4.09620  2.54969  3.89658  2.71577  2.78802  2.52133  2.76222  3.37607  5.57563  4.19805    105 k - - -
          2.68618  4.42225  2.77519  2.73123  3.46354  2.40513  3.72494  3.29354  2.67741  2.69355  4.24690  2.90347  2.73739  3.18146  2.89801  2.37887  2.77519  2.98518  4.58477  3.61503
          0.01664  4.49992  5.22227  0.61958  0.77255  0.48576  0.95510
     71   1.78280  3.98711  3.21878  2.96665  4.25963  1.43850  4.08299  3.66835  2.96547  3.31714  4.14341  3.34247  3.96290  3.28921  3.15288  2.59874  2.80584  3.27091  5.58282  4.31054    106 g - - -
          2.68618  4.42225  2.77519  2.73123  3.46354  2.40513  3.72494  3.29354  2.67741  2.69355  4.24690  2.90347  2.73739  3.18146  2.89801  2.37887  2.77519  2.98518  4.58477  3.61503
          0.01664  4.49992  5.22227  0.61958  0.77255  0.48576  0.95510
     72   2.69773  5.11436  2.64849  2.56141  4.73631  3.13339  3.99889  4.21206  2.89091  3.75937  4.55919  1.28393  4.00566  3.15397  3.39308  1.87279  3.17039  3.75016  5.93818  4.54564    107 n - - -
          2.68618  4.42225  2.77519  2.73123  3.46354  2.40513  3.72494  3.29354  2.67741  2.69355  4.24690  2.90347  2.73739  3.18146  2.89801  2.37887  2.77519  2.98518  4.58477  3.61503
          0.01664  4.49992  5.22227  0.61958  0.77255  0.48576  0.95510
     73   2.10026  4.87262  2.34544  2.71541  4.60964  3.38011  4.04381  4.05209  2.91874  3.64396  4.44234  3.18087  3.97615  3.20706  3.38808  1.18598  2.89316  3.58578  5.84572  4.50145    108 s - - -
          2.68618  4.42225  2.77519  2.73123  3.46354  2.40513  3.72494  3.29354  2.67741  2.69355  4.24690  2.90347  2.73739  3.18146  2.89801  2.37887  2.77519  2.98518  4.58477  3.61503
          0.01664  4.49992  5.22227  0.61958  0.77255  0.48576  0.95510
     74   2.52520  4.90699  3.11148  2.62230  4.34171  3.27964  3.83672  3.76915  2.30107  3.35405  4.15760  3.11698  3.94563  2.85982  3.05481  1.43066  2.40431  3.39378  5.56986  4.23715    109 s - - -
          2.68618  4.42225  2.77519  2.73123  3.46354  2.40513  3.72494  3.29354  2.67741  2.69355  4.24690  2.90347  2.73739  3.18146  2.89801  2.37887  2.77519  2.98518  4.58477  3.61503
          0.01664  4.49992  5.22227  0.61958  0.77255  0.48576  0.95510
     75   3.62265  5.29088  4.41714  4.41100  5.45776  0.19557  5.44371  5.25654  4.67220  4.80738  5.81882  4.58469  4.69380  4.94774  4.79626  3.81842  4.14836  4.66372  6.34266  5.59538    110 G - - -
          2.68618  4.42225  2.77519  2.73123  3.46354  2.40513  3.72494  3.29354  2.67741  2.69355  4.24690  2.90347  2.73739  3.18146  2.89801  2.37887  2.77519  2.98518  4.58477  3.61503
          0.01664  4.49992  5.22227  0.61958  0.77255  0.48576  0.95510
     76   2.36784  3.91667  3.85185  3.27660  3.38933  3.73632  4.01837  2.29834  2.94345  2.47384  3.38311  3.59524  4.11199  3.46531  3.41242  2.33726  2.34686  2.09399  4.87307  3.00807    111 v - - -
          2.68618  4.42225  2.77519  2.73123  3.46354  2.40513  3.72494  3.29354  2.67741  2.69355  4.24690  2.90347  2.73739  3.18146  2.89801  2.37887  2.77519  2.98518  4.58477  3.61503
          0.01664  4.49992  5.22227  0.61958  0.77255  0.48576  0.95510
     77   3.20050  4.51956  5.06685  4.48581  2.94423  4.46673  4.80491  1.30297  4.32928  1.38313  3.21788  4.58313  4.73709  4.42887  4.37848  3.80093  3.42989  1.87905  5.18379  3.64188    112 i - - -
          2.68618  4.42225  2.77519  2.73123  3.46354  2.40513  3.72494  3.29354  2.67741  2.69355  4.24690  2.90347  2.73739  3.18146  2.89801  2.37887  2.77519  2.98518  4.58477  3.61503
          0.01664  4.49992  5.22227  0.61958  0.77255  0.48576  0.95510
     78   2.96377  5.07539  3.37367  2.88809  4.59557  3.64724  3.94144  3.93745  1.29915  3.52645  4.38387  3.32658  4.12841  3.09546  2.74032  3.01130  1.56764  3.58580  5.69440  4.44114    113 k - - -
          2.68618  4.42225  2.77519  2.73123  3.46354  2.40513  3.72494  3.29354  2.67741  2.69355  4.24690  2.90347  2.73739  3.18146  2.89801  2.37887  2.77519  2.98518  4.58477  3.61503
          0.01664  4.49992  5.22227  0.61958  0.77255  0.48576  0.95510
     79   3.99302  5.24151  5.14276  4.89364  0.54212  4.75993  4.13714  3.23522  4.71389  2.32247  3.88773  4.66290  5.10715  4.68836  4.70291  4.24747  4.26061  3.30433  4.25825  2.56410    114 F - - -
          2.68618  4.42225  2.77519  2.73123  3.46354  2.40513  3.72494  3.29354  2.67741  2.69355  4.24690  2.90347  2.73739  3.18146  2.89801  2.37887  2.77519  2.98518  4.58477  3.61503
          0.01664  4.49992  5.22227  0.61958  0.77255  0.48576  0.95510
     80   2.81330  3.65863  4.48840  4.33488  4.99622  0.40318  5.14724  4.47658  4.30859  4.21229  5.09445  4.17172  4.26100  4.57230  4.44153  3.02807  3.36264  3.85333  6.22443  5.21048    115 G - - -
          2.68618  4.42225  2.77519  2.73123  3.46354  2.40513  3.72494  3.29354  2.67741  2.69355  4.24690  2.90347  2.73739  3.18146  2.89801  2.37887  2.77519  2.98518  4.58477  3.61503
          0.01664  4.49992  5.22227  0.61958  0.77255  0.48576  0.95510
     81   2.68959  4.87658  3.25105  3.03763  4.65412  3.48264  4.25909  4.04684  2.62594  3.69088  4.57685  3.42661  0.84397  3.47507  3.30245  2.97678  3.26697  3.62797  5.89823  4.63838    116 p - - -
          2.68618  4.42225  2.77519  2.73123  3.46354  2.40513  3.72494  3.29354  2.67741  2.69355  4.24690  2.90347  2.73739  3.18146  2.89801  2.37887  2.77519  2.98518  4.58477  3.61503
          0.01664  4.49992  5.22227  0.61958  0.77255  0.48576  0.95510
     82   2.86781  5.33888  2.18533  2.39959  4.66803  3.02650  3.53025  4.14973  2.53856  3.65377  4.43094  2.54192  3.96238  2.93140  3.14707  1.43614  3.11893  3.73137  5.81182  4.38779    117 s - - -
          2.68618  4.42225  2.77519  2.73123  3.46354  2.40513  3.72494  3.29354  2.67741  2.69355  4.24690  2.90347  2.73739  3.18146  2.89801  2.37887  2.77519  2.98518  4.58477  3.61503
          0.10050  4.49992  2.47089  0.61958  0.77255  0.48576  0.95510
     83   3.38057  3.96794  5.07942  4.53099  3.32604  4.59012  5.01529  2.21174  4.35031  0.67371  3.14892  4.71113  4.86192  4.48822  4.45304  3.96110  3.63200  2.32329  5.35232  4.23984    118 L - - -
          2.68618  4.42225  2.77519  2.73123  3.46354  2.40513  3.72494  3.29354  2.67741  2.69355  4.24690  2.90347  2.73739  3.18146  2.89801  2.37887  2.77519  2.98518  4.58477  3.61503
          0.02270  4.41750  4.56786  0.61958  0.77255  0.41388  1.08200
     84   2.45394  4.63204  3.08917  3.03585  4.61952  2.90178  4.26728  4.05773  3.18932  3.68711  4.49112  3.37963  3.97950  3.47097  3.60095  0.90374  2.53388  3.53510  5.90552  4.62807    119 s - - -
          2.68618  4.42225  2.77519  2.73123  3.46354  2.40513  3.72494  3.29354  2.67741  2.69355  4.24690  2.90347  2.73739  3.18146  2.89801  2.37887  2.77519  2.98518  4.58477  3.61503
          0.01671  4.49575  5.21810  0.61958  0.77255  0.48135  0.96220
     85   2.85482  5.58183  1.93150  1.65709  4.89353  3.44506  3.87945  4.40194  2.75996  3.87361  4.66152  2.93659  4.01740  1.58303  3.30374  2.92189  3.26753  3.96010  6.01381  4.54513    120 q - - -
          2.68618  4.42225  2.77519  2.73123  3.46354  2.40513  3.72494  3.29354  2.67741  2.69355  4.24690  2.90347  2.73739  3.18146  2.89801  2.37887  2.77519  2.98518  4.58477  3.61503
          0.01664  4.49992  5.22227  0.61958  0.77255  0.48576  0.95510
     86   2.70297  1.99256  3.54503  2.98403  3.59699  3.65983  3.41604  2.97186  2.68094  2.67906  3.56828  3.39398  4.05050  3.24119  3.26674  2.36899  2.73725  2.74072  5.03263  2.86362    121 c - - -
          2.68618  4.42225  2.77519  2.73123  3.46354  2.40513  3.72494  3.29354  2.67741  2.69355  4.24690  2.90347  2.73739  3.18146  2.89801  2.37887  2.77519  2.98518  4.58477  3.61503
          0.01664  4.49992  5.22227  0.61958  0.77255  0.48576  0.95510
     87   2.32562  5.00148  3.04431  2.43827  4.28235  3.51308  3.72206  3.59783  2.30936  3.28433  4.07825  3.02958  2.00289  2.53472  2.95164  2.57120  2.76013  3.29347  5.49399  4.14028    122 p - - -
          2.68618  4.42225  2.77519  2.73123  3.46354  2.40513  3.72494  3.29354  2.67741  2.69355  4.24690  2.90347  2.73739  3.18146  2.89801  2.37887  2.77519  2.98518  4.58477  3.61503
          0.01664  4.49992  5.22227  0.61958  0.77255  0.48576  0.95510
     88   1.26627  3.44338  3.37810  2.59946  4.06087  3.46233  3.97671  3.45362  2.86520  3.11649  3.96167  3.11068  3.19792  3.19371  3.27653  2.55515  2.95289  3.12507  5.41035  4.13611    123 a - - -
          2.68618  4.42225  2.77519  2.73123  3.46354  2.40513  3.72494  3.29354  2.67741  2.69355  4.24690  2.90347  2.73739  3.18146  2.89801  2.37887  2.77519  2.98518  4.58477  3.61503
          0.01664  4.49992  5.22227  0.61958  0.77255  0.48576  0.95510
     89   3.48389  4.77176  5.30687  4.73209  1.44947  4.76002  4.99846  2.12485  4.58430  1.16420  3.10187  4.86078  4.94530  4.59493  4.60404  4.10889  3.70216  2.19188  5.22538  4.06772    124 l - - -
          2.68618  4.42225  2.77519  2.73123  3.46354  2.40513  3.72494  3.29354  2.67741  2.69355  4.24690  2.90347  2.73739  3.18146  2.89801  2.37887  2.77519  2.98518  4.58477  3.61503
          0.01664  4.49992  5.22227  0.61958  0.77255  0.48576  0.95510
     90   2.52504  4.32857  3.11823  2.56973  4.20749  3.18342  3.76373  3.62858  2.13810  3.22420  4.03134  2.96242  3.92239  2.81137  3.00725  1.60296  2.94061  3.01953  5.45682  4.12216    125 s - - -
          2.68618  4.42225  2.77519  2.73123  3.46354  2.40513  3.72494  3.29354  2.67741  2.69355  4.24690  2.90347  2.73739  3.18146  2.89801  2.37887  2.77519  2.98518  4.58477  3.61503
          0.10512  4.49992  2.42280  0.61958  0.77255  0.48576  0.95510
     91   2.81671  5.31010  2.19635  2.28233  4.63830  2.42328  3.75184  4.12369  2.56843  3.61837  4.38753  2.17293  3.91515  2.75382  3.08471  2.03834  2.92310  3.69830  5.76910  4.34147    126 s - - -
          2.68618  4.42225  2.77519  2.73123  3.46354  2.40513  3.72494  3.29354  2.67741  2.69355  4.24690  2.90347  2.73739  3.18146  2.89801  2.37887  2.77519  2.98518  4.58477  3.61503
          0.01817  4.41297  5.13532  0.61958  0.77255  0.41069  1.08825
     92   3.62265  5.29088  4.41714  4.41100  5.45776  0.19557  5.44371  5.25654  4.67220  4.80738  5.81882  4.58469  4.69380  4.94774  4.79626  3.81842  4.14836  4.66372  6.34266  5.59538    127 G - - -
          2.68618  4.42225  2.77519  2.73123  3.46354  2.40513  3.72494  3.29354  2.67741  2.69355  4.24690  2.90347  2.73739  3.18146  2.89801  2.37887  2.77519  2.98518  4.58477  3.61503
          0.01664  4.49992  5.22227  0.61958  0.77255  0.48576  0.95510
     93   2.90345  4.31867  4.46740  3.89357  3.47000  4.08564  4.43594  1.24691  3.76917  2.16607  3.15488  3.07885  4.43541  3.99655  3.94380  3.39097  2.98480  1.79666  5.07724  3.88434    128 i - - -
          2.68618  4.42225  2.77519  2.73123  3.46354  2.40513  3.72494  3.29354  2.67741  2.69355  4.24690  2.90347  2.73739  3.18146  2.89801  2.37887  2.77519  2.98518  4.58477  3.61503
          0.01664  4.49992  5.22227  0.61958  0.77255  0.48576  0.95510
     94   3.87328  5.10290  5.61574  5.04531  2.99864  5.21799  5.42964  2.33894  4.90652  0.50462  2.81635  5.29687  5.23784  4.82147  4.90767  4.60409  4.07367  2.70185  5.45640  4.43418    129 L - - -
          2.68618  4.42225  2.77519  2.73123  3.46354  2.40513  3.72494  3.29354  2.67741  2.69355  4.24690  2.90347  2.73739  3.18146  2.89801  2.37887  2.77519  2.98518  4.58477  3.61503
          0.01664  4.49992  5.22227  0.61958  0.77255  0.48576  0.95510
     95   2.61769  5.26706  3.28601  2.74734  4.70907  3.41534  3.81114  4.10593  1.00858  3.58718  4.40400  3.04236  4.10175  2.93799  2.41535  3.00092  3.22730  3.73546  5.68843  4.42050    130 k - - -
          2.68618  4.42225  2.77519  2.73123  3.46354  2.40513  3.72494  3.29354  2.67741  2.69355  4.24690  2.90347  2.73739  3.18146  2.89801  2.37887  2.77519  2.98518  4.58477  3.61503
          0.01664  4.49992  5.22227  0.61958  0.77255  0.48576  0.95510
     96   0.87118  4.40597  4.02039  3.75656  4.75499  3.19974  4.73443  4.14935  3.78581  3.87180  4.68543  3.73991  3.99593  4.03869  4.04327  1.46166  2.93227  3.52317  6.10690  4.93703    131 a - - -
          2.68618  4.42225  2.77519  2.73123  3.46354  2.40513  3.72494  3.29354  2.67741  2.69355  4.24690  2.90347  2.73739  3.18146  2.89801  2.37887  2.77519  2.98518  4.58477  3.61503
          0.01664  4.49992  5.22227  0.61958  0.77255  0.48576  0.95510
     97   3.87997  4.00604  5.07040  4.75241  1.60198  4.68261  3.79972  3.59427  4.57127  3.00292  4.21675  4.42082  4.99839  4.49356  4.55245  4.04624  4.10745  3.48680  3.93287  0.72099    132 y - - -
          2.68618  4.42225  2.77519  2.73123  3.46354  2.40513  3.72494  3.29354  2.67741  2.69355  4.24690  2.90347  2.73739  3.18146  2.89801  2.37887  2.77519  2.98518  4.58477  3.61503
          0.01664  4.49992  5.22227  0.61958  0.77255  0.48576  0.95510
     98   2.65243  5.09880  3.12013  2.61567  4.37985  3.60509  1.53143  3.80951  2.28246  3.18872  4.18248  3.11736  4.01213  2.43768  2.79330  2.76017  3.08653  3.47114  5.54353  4.22366    133 h - - -
          2.68618  4.42225  2.77519  2.73123  3.46354  2.40513  3.72494  3.29354  2.67741  2.69355  4.24690  2.90347  2.73739  3.18146  2.89801  2.37887  2.77519  2.98518  4.58477  3.61503
          0.01664  4.49992  5.22227  0.61958  0.77255  0.48576  0.95510
     99   2.77815  5.26235  2.83908  1.53764  4.61061  3.51083  3.48900  4.08371  2.16963  3.52339  4.30892  2.87132  3.91738  2.47931  2.32809  2.73807  3.00683  3.65619  5.67946  4.28700    134 e - - -
          2.68618  4.42225  2.77519  2.73123  3.46354  2.40513  3.72494  3.29354  2.67741  2.69355  4.24690  2.90347  2.73739  3.18146  2.89801  2.37887  2.77519  2.98518  4.58477  3.61503
          0.01664  4.49992  5.22227  0.61958  0.77255  0.48576  0.95510
    100   4.28919  5.42397  5.07823  4.90216  2.10670  4.84703  3.79329  3.96439  4.71743  3.20533  4.54916  4.50825  5.17609  4.62622  4.68520  4.29061  4.52472  3.90702  3.90206  0.45156    135 Y - - -
          2.68618  4.42225  2.77519  2.73123  3.46354  2.40513  3.72494  3.29354  2.67741  2.69355  4.24690  2.90347  2.73739  3.18146  2.89801  2.37887  2.77519  2.98518  4.58477  3.61503
          0.01664  4.49992  5.22227  0.61958  0.77255  0.48576  0.95510
    101   3.41217  5.54813  3.85920  3.11085  5.09910  3.98871  3.84317  4.40525  0.85432  3.77053  4.63790  3.21691  4.33134  2.96691  1.69531  3.38312  3.54801  4.07549  5.75030  4.62405    136 k - - -
          2.68618  4.42225  2.77519  2.73123  3.46354  2.40513  3.72494  3.29354  2.67741  2.69355  4.24690  2.90347  2.73739  3.18146  2.89801  2.37887  2.77519  2.98518  4.58477  3.61503
          0.01664  4.49992  5.22227  0.61958  0.77255  0.48576  0.95510
    102   3.46650  4.73239  5.34656  4.90675  3.85999  4.87993  5.60371  0.65109  4.78072  2.28143  3.64332  5.07028  5.18199  5.03708  4.93783  4.32606  3.74564  1.69483  5.95741  4.74793    137 I - - -
          2.68618  4.42225  2.77519  2.73123  3.46354  2.40513  3.72494  3.29354  2.67741  2.69355  4.24690  2.90347  2.73739  3.18146  2.89801  2.37887  2.77519  2.98518  4.58477  3.61503
          0.01664  4.49992  5.22227  0.61958  0.77255  0.48576  0.95510
    103   2.59341  4.43447  3.61070  3.05759  3.64808  3.62838  3.99316  2.67420  3.00773  2.70936  3.60791  3.44298  4.05888  3.31577  3.35994  2.15385  1.57703  2.53058  5.09317  3.59033    138 t - - -
          2.68618  4.42225  2.77519  2.73123  3.46354  2.40513  3.72494  3.29354  2.67741  2.69355  4.24690  2.90347  2.73739  3.18146  2.89801  2.37887  2.77519  2.98518  4.58477  3.61503
          0.01664  4.49992  5.22227  0.61958  0.77255  0.48576  0.95510
    104   2.62607  4.93621  3.07903  2.45886  4.18537  3.33848  3.72322  3.60767  2.33209  3.19885  2.81100  2.29915  3.91365  2.69685  2.87492  2.14765  2.93217  3.27435  3.90724  4.08829    139 s - - -
          2.68618  4.42225  2.77519  2.73123  3.46354  2.40513  3.72494  3.29354  2.67741  2.69355  4.24690  2.90347  2.73739  3.18146  2.89801  2.37887  2.77519  2.98518  4.58477  3.61503
          0.01664  4.49992  5.22227  0.61958  0.77255  0.48576  0.95510
    105   3.17262  3.55823  5.10252  4.54120  3.55958  4.50573  4.93114  1.72061  4.39828  1.47212  3.18973  4.63450  4.79602  4.55228  4.47413  3.85182  3.41247  1.23615  5.36226  4.20145    140 v - - -
          2.68618  4.42225  2.77519  2.73123  3.46354  2.40513  3.72494  3.29354  2.67741  2.69355  4.24690  2.90347  2.73739  3.18146  2.89801  2.37887  2.77519  2.98518  4.58477  3.61503
          0.01664  4.49992  5.22227  0.61958  0.77255  0.48576  0.95510
    106   2.62859  5.03489  3.03067  2.41314  4.31511  3.50563  3.69819  3.32322  1.90214  3.07178  4.09391  2.58518  3.89676  2.63232  2.67472  2.61079  2.45109  2.97792  5.50734  4.14278    141 k - - -
          2.68618  4.42225  2.77519  2.73123  3.46354  2.40513  3.72494  3.29354  2.67741  2.69355  4.24690  2.90347  2.73739  3.18146  2.89801  2.37887  2.77519  2.98518  4.58477  3.61503
          0.01664  4.49992  5.22227  0.61958  0.77255  0.48576  0.95510
    107   2.99793  3.91548  5.10782  4.55874  3.65719  4.54402  5.00635  1.63574  4.42846  1.51695  3.51248  4.66765  4.84057  4.60971  4.52885  3.89677  3.43252  1.18452  5.46143  4.28418    142 v - - -
          2.68618  4.42225  2.77519  2.73123  3.46354  2.40513  3.72494  3.29354  2.67741  2.69355  4.24690  2.90347  2.73739  3.18146  2.89801  2.37887  2.77519  2.98518  4.58477  3.61503
          0.01664  4.49992  5.22227  0.61958  0.77255  0.48576  0.95510
    108   2.64329  5.17597  2.97264  1.79079  4.50456  3.33270  3.48896  3.97334  2.28970  3.47030  4.22324  2.96745  3.88688  2.12297  2.56071  2.54710  2.94998  3.11799  5.61482  4.22227    143 e - - -
          2.68618  4.42225  2.77519  2.73123  3.46354  2.40513  3.72494  3.29354  2.67741  2.69355  4.24690  2.90347  2.73739  3.18146  2.89801  2.37887  2.77519  2.98518  4.58477  3.61503
          0.01664  4.49992  5.22227  0.61958  0.77255  0.48576  0.95510
    109   4.51679  5.47256  5.40840  5.31733  0.94822  5.04252  3.70999  4.12560  5.09475  3.31160  4.65286  4.59085  5.29680  4.75783  4.90148  4.44036  4.70949  4.06172  2.77168  1.02973    144 f - - -
          2.68618  4.42225  2.77519  2.73123  3.46354  2.40513  3.72494  3.29354  2.67741  2.69355  4.24690  2.90347  2.73739  3.18146  2.89801  2.37887  2.77519  2.98518  4.58477  3.61503
          0.01664  4.49992  5.22227  0.61958  0.77255  0.48576  0.95510
    110   2.72810  4.58833  3.41743  2.84481  3.75561  3.64463  3.85898  1.99506  2.23171  2.71619  3.68341  3.02202  4.02540  2.77290  2.80461  2.88044  2.95645  2.26064  5.14231  3.88668    145 i - - -
          2.68618  4.42225  2.77519  2.73123  3.46354  2.40513  3.72494  3.29354  2.67741  2.69355  4.24690  2.90347  2.73739  3.18146  2.89801  2.37887  2.77519  2.98518  4.58477  3.61503
          0.01664  4.49992  5.22227  0.61958  0.77255  0.48576  0.95510
    111   2.35974  4.44030  3.89883  3.60244  4.71268  3.22236  4.62794  4.10150  3.62322  3.81379  4.63013  3.67512  3.99570  3.90547  3.91340  0.81517  1.92369  3.50706  6.05150  4.86052    146 s - - -
          2.68618  4.42225  2.77519  2.73123  3.46354  2.40513  3.72494  3.29354  2.67741  2.69355  4.24690  2.90347  2.73739  3.18146  2.89801  2.37887  2.77519  2.98518  4.58477  3.61503
          0.01664  4.49992  5.22227  0.61958  0.77255  0.48576  0.95510
    112   2.71129  4.46750  2.99719  1.52717  4.01455  3.49942  2.78745  3.81921  2.45472  3.35980  4.13584  2.71883  3.89527  2.65395  2.93213  2.70193  2.94269  3.44105  5.53722  3.86917    147 e - - -
          2.68618  4.42225  2.77519  2.73123  3.46354  2.40513  3.72494  3.29354  2.67741  2.69355  4.24690  2.90347  2.73739  3.18146  2.89801  2.37887  2.77519  2.98518  4.58477  3.61503
          0.01664  4.49992  5.22227  0.61958  0.77255  0.48576  0.95510
    113   0.62755  4.40792  4.04971  3.84261  4.77078  3.20419  4.80518  4.15238  3.88760  3.90208  4.73042  3.78264  4.01350  4.13392  4.11448  2.02243  3.02422  3.52841  6.13723  4.97139    148 A - - -
          2.68618  4.42225  2.77519  2.73123  3.46354  2.40513  3.72494  3.29354  2.67741  2.69355  4.24690  2.90347  2.73739  3.18146  2.89801  2.37887  2.77519  2.98518  4.58477  3.61503
          0.01664  4.49992  5.22227  0.61958  0.77255  0.48576  0.95510
    114   1.63133  4.43924  3.88367  3.54936  4.70140  3.21776  4.58312  4.12544  3.57401  3.80208  4.60376  3.64587  3.49017  3.84771  3.88543  0.89984  2.77695  3.51901  6.02846  4.83370    149 s - - -
          2.68618  4.42225  2.77519  2.73123  3.46354  2.40513  3.72494  3.29354  2.67741  2.69355  4.24690  2.90347  2.73739  3.18146  2.89801  2.37887  2.77519  2.98518  4.58477  3.61503
          0.01664  4.49992  5.22227  0.61958  0.77255  0.48576  0.95510
    115   2.08824  4.90910  2.70145  2.67596  4.52069  3.41754  3.99649  3.95643  2.72128  3.55340  4.36379  3.15759  3.98514  3.16258  3.32106  1.15668  3.07734  3.53391  5.76828  4.42622    150 s - - -
          2.68618  4.42225  2.77519  2.73123  3.46354  2.40513  3.72494  3.29354  2.67741  2.69355  4.24690  2.90347  2.73739  3.18146  2.89801  2.37887  2.77519  2.98518  4.58477  3.61503
          0.01664  4.49992  5.22227  0.61958  0.77255  0.48576  0.95510
    116   2.61033  4.64656  3.36028  2.81920  3.90415  3.57702  3.89192  3.09765  2.74954  2.94087  3.55913  3.27108  4.00753  2.58694  3.14204  2.73405  1.38702  2.97954  5.27243  4.00159    151 t - - -
          2.68618  4.42225  2.77519  2.73123  3.46354  2.40513  3.72494  3.29354  2.67741  2.69355  4.24690  2.90347  2.73739  3.18146  2.89801  2.37887  2.77519  2.98518  4.58477  3.61503
          0.01664  4.49992  5.22227  0.61958  0.77255  0.48576  0.95510
    117   2.12016  4.91326  2.46635  2.58295  4.35077  3.45568  3.81902  3.78463  2.62111  3.36568  4.15967  2.97777  3.92265  2.96044  3.09022  2.02609  1.95079  3.22202  5.57831  4.23054    152 t - - -
          2.68618  4.42225  2.77519  2.73123  3.46354  2.40513  3.72494  3.29354  2.67741  2.69355  4.24690  2.90347  2.73739  3.18146  2.89801  2.37887  2.77519  2.98518  4.58477  3.61503
          0.01664  4.49992  5.22227  0.61958  0.77255  0.48576  0.95510
    118   2.24661  5.03842  3.02005  2.24775  4.33649  3.19866  3.70255  3.78106  2.46761  3.33210  4.11153  2.90160  3.35128  2.82457  2.54142  2.00395  2.75307  3.01956  5.52484  4.15588    153 s - - -
          2.68618  4.42225  2.77519  2.73123  3.46354  2.40513  3.72494  3.29354  2.67741  2.69355  4.24690  2.90347  2.73739  3.18146  2.89801  2.37887  2.77519  2.98518  4.58477  3.61503
          0.01664  4.49992  5.22227  0.61958  0.77255  0.48576  0.95510
    119   3.26716  5.12979  3.30074  3.60743  5.23240  0.34751  4.96195  4.88984  4.09867  4.49728  5.41886  3.94938  4.44230  4.30307  4.41229  3.40617  3.76223  4.30647  6.29906  5.27707    154 G - - -
          2.68618  4.42225  2.77519  2.73123  3.46354  2.40513  3.72494  3.29354  2.67741  2.69355  4.24690  2.90347  2.73739  3.18146  2.89801  2.37887  2.77519  2.98518  4.58477  3.61503
          0.01664  4.49992  5.22227  0.61958  0.77255  0.48576  0.95510
    120   1.32021  2.79233  4.26049  3.88507  4.51850  3.21523  4.70958  3.89139  3.81450  3.62893  4.46265  3.79506  3.99400  4.05591  4.04673  1.13024  2.96561  3.35667  5.91246  4.75236    155 s - - -
          2.68618  4.42225  2.77519  2.73123  3.46354  2.40513  3.72494  3.29354  2.67741  2.69355  4.24690  2.90347  2.73739  3.18146  2.89801  2.37887  2.77519  2.98518  4.58477  3.61503
          0.01664  4.49992  5.22227  0.61958  0.77255  0.48576  0.95510
    121   3.44699  4.73100  5.31531  4.73621  2.60208  4.75107  5.06858  1.10245  4.58920  1.57923  2.12879  4.87018  4.94207  4.61561  4.61248  4.10116  3.66788  2.37347  5.31816  4.23420    156 i - - -
          2.68618  4.42225  2.77519  2.73123  3.46354  2.40513  3.72494  3.29354  2.67741  2.69355  4.24690  2.90347  2.73739  3.18146  2.89801  2.37887  2.77519  2.98518  4.58477  3.61503
          0.01664  4.49992  5.22227  0.61958  0.77255  0.48576  0.95510
    122   1.58552  4.47963  3.48362  2.92456  2.89430  3.63958  3.90380  3.00544  2.78645  2.70874  3.59291  3.35123  4.03111  3.06740  3.26014  2.37716  2.82740  2.68037  5.06361  3.58224    157 a - - -
          2.68618  4.42225  2.77519  2.73123  3.46354  2.40513  3.72494  3.29354  2.67741  2.69355  4.24690  2.90347  2.73739  3.18146  2.89801  2.37887  2.77519  2.98518  4.58477  3.61503
          0.01664  4.49992  5.22227  0.61958  0.77255  0.48576  0.95510
    123   3.03400  4.40403  4.73594  4.16854  2.60573  4.18444  4.29719  1.88318  4.00544  1.90154  3.30207  4.22811  4.50919  4.12983  4.07711  3.49918  3.26302  2.27830  4.68578  1.52584    158 y - - -
          2.68618  4.42225  2.77519  2.73123  3.46354  2.40513  3.72494  3.29354  2.67741  2.69355  4.24690  2.90347  2.73739  3.18146  2.89801  2.37887  2.77519  2.98518  4.58477  3.61503
          0.01664  4.49992  5.22227  0.61958  0.77255  0.48576  0.95510
    124   3.06551  5.53519  2.65135  0.99598  4.79759  3.54223  2.76126  4.32829  2.67815  3.81147  4.62838  3.00882  4.06711  2.73298  3.12874  2.99203  3.31559  3.92470  5.92328  4.49791    159 e - - -
          2.68618  4.42225  2.77519  2.73123  3.46354  2.40513  3.72494  3.29354  2.67741  2.69355  4.24690  2.90347  2.73739  3.18146  2.89801  2.37887  2.77519  2.98518  4.58477  3.61503
          0.01664  4.49992  5.22227  0.61958  0.77255  0.48576  0.95510
    125   3.54800  4.79673  5.44628  4.88947  3.44246  4.94487  5.34058  1.71177  4.76679  0.90043  2.99443  5.06416  5.10061  4.80527  4.81341  4.31830  3.77458  1.70530  5.54672  4.50051    160 l - - -
          2.68618  4.42225  2.77519  2.73123  3.46354  2.40513  3.72494  3.29354  2.67741  2.69355  4.24690  2.90347  2.73739  3.18146  2.89801  2.37887  2.77519  2.98518  4.58477  3.61503
          0.01664  4.49992  5.22227  0.61958  0.77255  0.48576  0.95510
    126   3.40062  5.76209  0.56729  2.58428  5.33171  2.69057  4.32928  4.94953  3.48863  4.44892  5.36196  3.15999  4.26598  3.53765  4.11783  3.31098  3.76186  4.45894  6.46370  5.04462    161 D - - -
          2.68618  4.42225  2.77519  2.73123  3.46354  2.40513  3.72494  3.29354  2.67741  2.69355  4.24690  2.90347  2.73739  3.18146  2.89801  2.37887  2.77519  2.98518  4.58477  3.61503
          0.01664  4.49992  5.22227  0.61958  0.77255  0.48576  0.95510
    127   2.66112  4.56042  3.62872  3.19294  4.13482  3.45257  4.22594  3.41854  3.12786  2.78973  4.07574  3.50899  1.73241  3.48813  3.46733  2.83509  1.40673  3.10034  5.54391  4.29370    162 t - - -
          2.68618  4.42225  2.77519  2.73123  3.46354  2.40513  3.72494  3.29354  2.67741  2.69355  4.24690  2.90347  2.73739  3.18146  2.89801  2.37887  2.77519  2.98518  4.58477  3.61503
          0.01664  4.49992  5.22227  0.61958  0.77255  0.48576  0.95510
    128   2.47825  4.81452  3.17838  2.66286  4.19314  3.13256  2.12897  3.61487  2.65289  3.22860  4.04772  3.14709  3.94652  3.00868  3.09314  1.69445  2.73763  3.26924  5.24218  4.15234    163 s - - -
          2.68618  4.42225  2.77519  2.73123  3.46354  2.40513  3.72494  3.29354  2.67741  2.69355  4.24690  2.90347  2.73739  3.18146  2.89801  2.37887  2.77519  2.98518  4.58477  3.61503
          0.01664  4.49992  5.22227  0.61958  0.77255  0.48576  0.95510
    129   2.68323  1.65908  3.66069  3.10121  3.63434  3.62675  3.99795  2.98424  2.99698  2.52640  3.59983  2.97591  4.06220  3.33320  2.88528  2.79534  2.62787  2.64759  5.07400  3.84662    164 c - - -
          2.68618  4.42225  2.77519  2.73123  3.46354  2.40513  3.72494  3.29354  2.67741  2.69355  4.24690  2.90347  2.73739  3.18146  2.89801  2.37887  2.77519  2.98518  4.58477  3.61503
          0.01664  4.49992  5.22227  0.61958  0.77255  0.48576  0.95510
    130   2.49386  5.03839  3.05659  2.46491  4.39630  3.51140  3.75888  3.82973  1.66204  3.38407  4.17439  3.05768  3.93636  2.88825  2.92787  2.24955  2.10874  3.45427  5.57257  4.22241    165 k - - -
          2.68618  4.42225  2.77519  2.73123  3.46354  2.40513  3.72494  3.29354  2.67741  2.69355  4.24690  2.90347  2.73739  3.18146  2.89801  2.37887  2.77519  2.98518  4.58477  3.61503
          0.01664  4.49992  5.22227  0.61958  0.77255  0.48576  0.95510
    131   2.36280  4.66720  3.26924  2.70799  3.76799  3.58616  3.80798  3.05895  2.47152  2.23291  3.54628  3.06661  3.97184  2.27247  2.89373  2.59364  2.92709  2.79756  5.21128  3.41905    166 l - - -
          2.68618  4.42225  2.77519  2.73123  3.46354  2.40513  3.72494  3.29354  2.67741  2.69355  4.24690  2.90347  2.73739  3.18146  2.89801  2.37887  2.77519  2.98518  4.58477  3.61503
          0.01664  4.49992  5.22227  0.61958  0.77255  0.48576  0.95510
    132   2.73599  5.03658  2.89545  2.50885  4.36105  3.50303  3.75088  3.79925  2.37810  3.35885  4.14991  2.89010  3.92590  2.88214  2.76690  1.74869  1.96191  3.43010  5.55721  4.19876    167 s - - -
          2.68618  4.42225  2.77519  2.73123  3.46354  2.40513  3.72494  3.29354  2.67741  2.69355  4.24690  2.90347  2.73739  3.18146  2.89801  2.37887  2.77519  2.98518  4.58477  3.61503
          0.01664  4.49992  5.22227  0.61958  0.77255  0.48576  0.95510
    133   2.00058  5.08358  2.87578  2.31564  4.38653  3.32883  3.70614  3.83755  2.35268  3.37781  4.15268  2.98950  3.66147  2.73847  2.95537  2.05823  2.37490  3.45494  5.56142  4.18364    168 a - - -
          2.68618  4.42225  2.77519  2.73123  3.46354  2.40513  3.72494  3.29354  2.67741  2.69355  4.24690  2.90347  2.73739  3.18146  2.89801  2.37887  2.77519  2.98518  4.58477  3.61503
          0.01664  4.49992  5.22227  0.61958  0.77255  0.48576  0.95510
    134   2.67400  4.27841  4.35202  3.77875  3.39594  3.94643  4.31760  2.27404  3.65121  1.24188  3.36042  3.97155  4.32394  3.87533  3.82597  2.93981  2.72549  1.96366  4.97685  3.79071    169 l - - -
          2.68618  4.42225  2.77519  2.73123  3.46354  2.40513  3.72494  3.29354  2.67741  2.69355  4.24690  2.90347  2.73739  3.18146  2.89801  2.37887  2.77519  2.98518  4.58477  3.61503
          0.01664  4.49992  5.22227  0.61958  0.77255  0.48576  0.95510
    135   2.50459  5.20048  2.44088  2.34605  4.52886  2.53190  3.69104  4.00450  2.32766  3.50049  4.25203  2.95259  3.88750  2.20919  2.93884  2.30199  2.61236  3.58346  5.64672  4.24207    170 q - - -
          2.68620  4.42227  2.77521  2.73125  3.46356  2.40515  3.72496  3.29356  2.67743  2.69351  4.24662  2.90349  2.73741  3.18148  2.89803  2.37889  2.77521  2.98496  4.58479  3.61505
          0.10512  2.36034  5.22227  0.31202  1.31665  0.48576  0.95510
    136   2.69389  4.66900  3.36533  2.89933  4.10886  3.49053  4.00441  3.48102  2.71838  2.99842  4.02811  3.12053  4.01353  3.22311  3.22520  1.11785  3.01124  2.71638  5.45299  4.17193    172 s - - -
          2.68618  4.42225  2.77519  2.73123  3.46354  2.40513  3.72494  3.29354  2.67741  2.69355  4.24690  2.90347  2.73739  3.18146  2.89801  2.37887  2.77519  2.98518  4.58477  3.61503
          0.01664  4.49992  5.22227  0.61958  0.77255  0.48576  0.95510
    137   2.62185  4.77120  3.18716  2.62728  3.84369  3.38710  3.77202  3.37508  2.29698  2.65219  3.85261  3.12821  3.48805  2.95407  2.60108  2.59172  2.20507  3.08514  5.29753  2.74833    173 t - - -
          2.68618  4.42225  2.77519  2.73123  3.46354  2.40513  3.72494  3.29354  2.67741  2.69355  4.24690  2.90347  2.73739  3.18146  2.89801  2.37887  2.77519  2.98518  4.58477  3.61503
          0.01664  4.49992  5.22227  0.61958  0.77255  0.48576  0.95510
    138   2.79928  4.44372  4.94568  4.39243  3.64296  4.43359  4.87660  1.18763  4.26280  1.72782  3.51974  4.42258  4.75039  4.46652  4.38937  3.77554  3.14943  1.57926  5.39218  4.20591    174 i - - -
          2.68618  4.42225  2.77519  2.73123  3.46354  2.40513  3.72494  3.29354  2.67741  2.69355  4.24690  2.90347  2.73739  3.18146  2.89801  2.37887  2.77519  2.98518  4.58477  3.61503
          0.01664  4.49992  5.22227  0.61958  0.77255  0.48576  0.95510
    139   2.69884  4.99672  2.75946  2.42512  4.26378  3.50840  3.51545  2.96322  2.48132  3.26786  3.79710  1.88127  3.90005  2.75220  2.77393  2.70733  2.63105  3.31590  5.47873  3.62794    175 n - - -
          2.68618  4.42225  2.77519  2.73123  3.46354  2.40513  3.72494  3.29354  2.67741  2.69355  4.24690  2.90347  2.73739  3.18146  2.89801  2.37887  2.77519  2.98518  4.58477  3.61503
          0.01664  4.49992  5.22227  0.61958  0.77255  0.48576  0.95510
    140   2.84118  5.14965  3.17839  2.61286  4.53358  3.59034  3.75479  3.95823  1.57268  3.47075  4.26332  3.11608  3.99400  2.87632  2.38034  1.84708  2.61966  3.57862  5.61298  4.29284    176 k - - -
          2.68618  4.42225  2.77519  2.73123  3.46354  2.40513  3.72494  3.29354  2.67741  2.69355  4.24690  2.90347  2.73739  3.18146  2.89801  2.37887  2.77519  2.98518  4.58477  3.61503
          0.01664  4.49992  5.22227  0.61958  0.77255  0.48576  0.95510
    141   3.54951  4.86431  4.89550  4.48691  0.77872  4.46755  3.86846  3.31320  4.30084  2.79209  3.94111  4.30849  4.80595  4.32875  4.33463  3.40453  3.78393  2.95207  2.61720  2.36815    177 f - - -
          2.68618  4.42225  2.77519  2.73123  3.46354  2.40513  3.72494  3.29354  2.67741  2.69355  4.24690  2.90347  2.73739  3.18146  2.89801  2.37887  2.77519  2.98518  4.58477  3.61503
          0.01664  4.49992  5.22227  0.61958  0.77255  0.48576  0.95510
    142   2.62660  5.05051  2.99830  2.48121  4.39849  2.50200  3.73267  3.84844  2.37141  3.39267  4.16953  2.71388  2.49244  2.76078  2.97906  2.22451  2.47050  3.45958  5.57780  4.20554    178 s - - -
          2.68618  4.42225  2.77519  2.73123  3.46354  2.40513  3.72494  3.29354  2.67741  2.69355  4.24690  2.90347  2.73739  3.18146  2.89801  2.37887  2.77519  2.98518  4.58477  3.61503
          0.01664  4.49992  5.22227  0.61958  0.77255  0.48576  0.95510
    143   3.47498  4.69735  5.46365  4.95741  3.77728  4.99556  5.56439  0.98421  4.86597  1.71146  3.53696  5.12490  5.19897  5.03454  4.98594  4.39830  3.72298  1.38274  5.85716  4.71062    179 i - - -
          2.68618  4.42225  2.77519  2.73123  3.46354  2.40513  3.72494  3.29354  2.67741  2.69355  4.24690  2.90347  2.73739  3.18146  2.89801  2.37887  2.77519  2.98518  4.58477  3.61503
          0.01664  4.49992  5.22227  0.61958  0.77255  0.48576  0.95510
    144   2.48684  4.90840  3.10364  2.54695  4.16418  3.52671  3.73769  3.58150  2.28729  3.05920  3.99142  2.85730  3.92173  2.88574  2.70559  2.17847  2.01292  2.90480  5.41912  4.08449    180 t - - -
          2.68618  4.42225  2.77519  2.73123  3.46354  2.40513  3.72494  3.29354  2.67741  2.69355  4.24690  2.90347  2.73739  3.18146  2.89801  2.37887  2.77519  2.98518  4.58477  3.61503
          0.01664  4.49992  5.22227  0.61958  0.77255  0.48576  0.95510
    145   2.82346  5.23365  3.08825  2.38439  4.58704  3.57117  3.70996  4.03235  1.41159  3.51456  4.28602  2.92886  3.96033  2.63295  2.45260  2.28549  3.04284  3.42457  5.63694  4.28701    181 k - - -
          2.68618  4.42225  2.77519  2.73123  3.46354  2.40513  3.72494  3.29354  2.67741  2.69355  4.24690  2.90347  2.73739  3.18146  2.89801  2.37887  2.77519  2.98518  4.58477  3.61503
          0.01664  4.49992  5.22227  0.61958  0.77255  0.48576  0.95510
    146   2.69221  4.40020  3.04486  2.50105  4.34940  2.74749  3.73118  3.79292  2.37153  3.34805  4.12950  2.15645  3.70827  2.85662  2.86795  1.92087  2.67177  3.41295  5.54238  4.17923    182 s - - -
          2.68618  4.42225  2.77519  2.73123  3.46354  2.40513  3.72494  3.29354  2.67741  2.69355  4.24690  2.90347  2.73739  3.18146  2.89801  2.37887  2.77519  2.98518  4.58477  3.61503
          0.01664  4.49992  5.22227  0.61958  0.77255  0.48576  0.95510
    147   2.22103  4.66406  3.26400  2.65549  3.42168  1.66472  3.85132  3.26101  2.64999  2.93187  3.79147  3.21733  3.98857  3.07364  3.15612  2.82357  2.84459  2.98969  5.24374  3.68908    183 g - - -
          2.68618  4.42225  2.77519  2.73123  3.46354  2.40513  3.72494  3.29354  2.67741  2.69355  4.24690  2.90347  2.73739  3.18146  2.89801  2.37887  2.77519  2.98518  4.58477  3.61503
          0.01664  4.49992  5.22227  0.61958  0.77255  0.48576  0.95510
    148   2.49578  5.07219  3.01338  2.45643  4.36652  3.49918  3.69068  3.60431  2.26882  3.16653  4.12907  2.89433  3.66574  2.33831  2.62010  1.94528  2.59245  3.43577  5.53730  4.16410    184 s - - -
          2.68620  4.42227  2.77521  2.73125  3.46356  2.40515  3.72496  3.29356  2.67743  2.69357  4.24692  2.90341  2.73735  3.18128  2.89803  2.37889  2.77515  2.98520  4.58479  3.61505
          0.06878  2.79562  5.22227  0.57250  0.83038  0.48576  0.95510
    149   2.26220  5.01232  3.14557  2.57170  3.93575  3.56768  3.73245  3.70475  1.74833  3.27479  4.08154  3.08480  3.95392  2.86915  1.93474  2.77526  2.99073  3.21176  5.47792  3.83801    187 k - - -
          2.68618  4.42225  2.77519  2.73123  3.46354  2.40513  3.72494  3.29354  2.67741  2.69355  4.24690  2.90347  2.73739  3.18146  2.89801  2.37887  2.77519  2.98518  4.58477  3.61503
          0.01664  4.49992  5.22227  0.61958  0.77255  0.48576  0.95510
    150   2.57720  4.64209  3.29105  2.73381  3.61029  3.39656  3.82368  3.22701  2.62932  2.89614  3.75225  3.09897  3.97406  3.02716  2.96576  2.19797  1.85605  2.48952  5.20145  3.92898    188 t - - -
          2.68618  4.42225  2.77519  2.73123  3.46354  2.40513  3.72494  3.29354  2.67741  2.69355  4.24690  2.90347  2.73739  3.18146  2.89801  2.37887  2.77519  2.98518  4.58477  3.61503
          0.01664  4.49992  5.22227  0.61958  0.77255  0.48576  0.95510
    151   4.37016  5.39339  5.34799  5.19855  0.69892  4.97500  3.73040  3.98686  4.97996  3.21093  4.52750  4.56452  5.23852  4.70758  4.82772  4.36464  4.56980  3.92290  1.96839  1.87960    189 f - - -
          2.68618  4.42225  2.77519  2.73123  3.46354  2.40513  3.72494  3.29354  2.67741  2.69355  4.24690  2.90347  2.73739  3.18146  2.89801  2.37887  2.77519  2.98518  4.58477  3.61503
          0.01664  4.49992  5.22227  0.61958  0.77255  0.48576  0.95510
    152   2.54491  5.07141  3.00575  2.45441  4.38602  2.78141  3.69600  3.83852  2.45327  3.37473  4.14530  2.64206  2.95869  2.65156  2.58440  2.23866  2.39529  3.29821  5.55378  4.17656    190 s - - -
          2.68618  4.42225  2.77519  2.73123  3.46354  2.40513  3.72494  3.29354  2.67741  2.69355  4.24690  2.90347  2.73739  3.18146  2.89801  2.37887  2.77519  2.98518  4.58477  3.61503
          0.01664  4.49992  5.22227  0.61958  0.77255  0.48576  0.95510
    153   1.49351  4.82840  3.17577  2.64898  4.25294  2.86171  3.83788  3.67533  2.63985  3.27702  4.08530  3.13413  3.42412  2.87156  2.73220  2.40071  2.70966  3.31117  5.51089  4.18662    191 a - - -
          2.68618  4.42225  2.77519  2.73123  3.46354  2.40513  3.72494  3.29354  2.67741  2.69355  4.24690  2.90347  2.73739  3.18146  2.89801  2.37887  2.77519  2.98518  4.58477  3.61503
          0.01664  4.49992  5.22227  0.61958  0.77255  0.48576  0.95510
    154   2.44367  5.19531  2.95467  2.11163  4.53268  2.96868  3.66885  4.01052  2.07469  3.49558  4.23956  2.77212  3.34831  2.60317  2.32111  2.41118  2.94075  3.58214  5.63111  4.22853    192 k - - -
          2.68618  4.42225  2.77519  2.73123  3.46354  2.40513  3.72494  3.29354  2.67741  2.69355  4.24690  2.90347  2.73739  3.18146  2.89801  2.37887  2.77519  2.98518  4.58477  3.61503
          0.01664  4.49992  5.22227  0.61958  0.77255  0.48576  0.95510
    155   2.42836  4.60631  3.18342  2.60302  3.39307  3.60333  3.60613  2.82868  2.58288  2.51435  3.18849  3.23297  3.98781  2.26739  3.15424  2.71733  2.82827  2.49484  5.16034  3.73403    193 q - - -
          2.68618  4.42225  2.77519  2.73123  3.46354  2.40513  3.72494  3.29354  2.67741  2.69355  4.24690  2.90347  2.73739  3.18146  2.89801  2.37887  2.77519  2.98518  4.58477  3.61503
          0.01664  4.49992  5.22227  0.61958  0.77255  0.48576  0.95510
    156   3.53527  4.78798  5.38350  4.86816  3.57159  4.94597  5.41521  0.90670  4.71832  1.38492  3.35046  5.05857  5.14239  4.86278  4.81760  4.34378  3.64535  2.02942  5.67573  4.56410    194 i - - -
          2.68618  4.42225  2.77519  2.73123  3.46354  2.40513  3.72494  3.29354  2.67741  2.69355  4.24690  2.90347  2.73739  3.18146  2.89801  2.37887  2.77519  2.98518  4.58477  3.61503
          0.01664  4.49992  5.22227  0.61958  0.77255  0.48576  0.95510
    157   2.68550  5.24308  2.58945  2.41266  4.56892  2.25526  3.50354  4.04267  2.40072  3.54023  4.30084  1.89874  3.91552  2.83481  2.52765  2.73931  3.01303  3.62598  5.68803  4.28388    195 n - - -
          2.68618  4.42225  2.77519  2.73123  3.46354  2.40513  3.72494  3.29354  2.67741  2.69355  4.24690  2.90347  2.73739  3.18146  2.89801  2.37887  2.77519  2.98518  4.58477  3.61503
          0.01664  4.49992  5.22227  0.61958  0.77255  0.48576  0.95510
    158   2.76783  5.15926  2.08724  2.66870  5.00801  0.85935  4.26658  4.50100  3.32705  4.08817  4.93708  3.17556  4.11077  3.46840  3.85955  2.99482  3.37808  3.97901  6.24915  4.85517    196 g - - -
          2.68618  4.42225  2.77519  2.73123  3.46354  2.40513  3.72494  3.29354  2.67741  2.69355  4.24690  2.90347  2.73739  3.18146  2.89801  2.37887  2.77519  2.98518  4.58477  3.61503
          0.01664  4.49992  5.22227  0.61958  0.77255  0.48576  0.95510
    159   2.62022  4.99478  2.93500  2.34834  4.26818  3.21022  3.70166  3.49559  2.17475  2.61188  4.00295  2.91192  3.89526  2.28362  2.95126  2.59425  2.56537  2.87920  5.47086  4.12026    197 k - - -
          2.68618  4.42225  2.77519  2.73123  3.46354  2.40513  3.72494  3.29354  2.67741  2.69355  4.24690  2.90347  2.73739  3.18146  2.89801  2.37887  2.77519  2.98518  4.58477  3.61503
          0.01664  4.49992  5.22227  0.61958  0.77255  0.48576  0.95510
    160   2.63829  5.17182  2.67286  1.70516  4.49325  3.06706  3.68265  3.96439  2.43430  3.05863  4.22091  2.67627  3.06040  2.68729  2.92536  2.61136  2.94726  3.23845  5.61912  4.21976    198 e - - -
          2.68618  4.42225  2.77519  2.73123  3.46354  2.40513  3.72494  3.29354  2.67741  2.69355  4.24690  2.90347  2.73739  3.18146  2.89801  2.37887  2.77519  2.98518  4.58477  3.61503
          0.01664  4.49992  5.22227  0.61958  0.77255  0.48576  0.95510
    161   3.04823  4.52553  4.26677  3.72906  2.09084  4.05081  3.55508  3.01362  3.57283  2.66972  3.64878  3.89431  4.40680  3.80363  3.21137  3.32404  3.07095  2.82694  1.37104  2.64413    199 w - - -
          2.68618  4.42225  2.77519  2.73123  3.46354  2.40513  3.72494  3.29354  2.67741  2.69355  4.24690  2.90347  2.73739  3.18146  2.89801  2.37887  2.77519  2.98518  4.58477  3.61503
          0.01664  4.49992  5.22227  0.61958  0.77255  0.48576  0.95510
    162   2.70883  4.55266  3.41685  2.84918  3.69965  3.63700  2.24186  3.08245  2.78470  2.52917  3.14403  3.29756  4.01858  2.89763  2.50294  2.86980  2.93912  2.37977  5.10462  3.11964    200 h - - -
          2.68618  4.42225  2.77519  2.73123  3.46354  2.40513  3.72494  3.29354  2.67741  2.69355  4.24690  2.90347  2.73739  3.18146  2.89801  2.37887  2.77519  2.98518  4.58477  3.61503
          0.01664  4.49992  5.22227  0.61958  0.77255  0.48576  0.95510
    163   2.57254  5.20510  2.13390  1.90089  4.53433  3.47672  3.68394  4.01235  2.43549  3.34064  4.25207  2.76305  3.08491  2.70453  2.92978  2.39836  2.85863  3.58762  5.64634  3.92482    201 e - - -
          2.68618  4.42225  2.77519  2.73123  3.46354  2.40513  3.72494  3.29354  2.67741  2.69355  4.24690  2.90347  2.73739  3.18146  2.89801  2.37887  2.77519  2.98518  4.58477  3.61503
          0.01664  4.49992  5.22227  0.61958  0.77255  0.48576  0.95510
    164   2.45172  4.77340  3.20247  2.66676  4.01377  3.49593  3.58036  3.52555  2.66139  3.15259  3.97788  2.89647  3.66484  3.00473  3.10645  1.77578  1.91954  3.07602  5.41516  4.10412    202 s - - -
          2.68618  4.42233  2.77501  2.73125  3.46362  2.40512  3.72503  3.29362  2.67737  2.69363  4.24698  2.90355  2.73728  3.18155  2.89809  2.37878  2.77514  2.98518  4.58485  3.61511
          0.06878  2.79562  5.22227  1.38738  0.28732  0.48576  0.95510
    165   2.61550  5.10560  2.53008  2.44635  4.42400  3.32019  3.71284  3.87976  2.35657  3.25785  4.18392  2.70218  3.89828  2.83027  2.96579  2.00289  2.03331  3.48815  5.58947  4.20637    212 s - - -
          2.68618  4.42225  2.77519  2.73123  3.46354  2.40513  3.72494  3.29354  2.67741  2.69355  4.24690  2.90347  2.73739  3.18146  2.89801  2.37887  2.77519  2.98518  4.58477  3.61503
          0.01664  4.49992  5.22227  0.61958  0.77255  0.48576  0.95510
    166   2.62801  5.13038  2.75135  1.72975  4.44295  3.48487  3.67758  3.68010  2.16754  3.27633  4.18029  2.96609  3.87911  2.63275  2.91246  2.47806  2.67994  2.98554  5.58294  4.19259    213 e - - -
          2.68618  4.42225  2.77519  2.73123  3.46354  2.40513  3.72494  3.29354  2.67741  2.69355  4.24690  2.90347  2.73739  3.18146  2.89801  2.37887  2.77519  2.98518  4.58477  3.61503
          0.01664  4.49992  5.22227  0.61958  0.77255  0.48576  0.95510
    167   3.31159  6.01718  0.98777  2.04512  5.28721  3.48167  4.07782  4.85334  3.17071  4.30399  5.17050  1.77268  4.13857  3.24878  3.82907  3.15657  3.61209  4.38621  6.45043  4.87476    214 d - - -
          2.68618  4.42225  2.77519  2.73123  3.46354  2.40513  3.72494  3.29354  2.67741  2.69355  4.24690  2.90347  2.73739  3.18146  2.89801  2.37887  2.77519  2.98518  4.58477  3.61503
          0.01664  4.49992  5.22227  0.61958  0.77255  0.48576  0.95510
    168   3.42040  5.42457  3.36637  3.13820  4.67933  3.83863  4.27570  4.40265  2.84472  3.84294  4.84631  3.59016  4.40311  0.56785  3.04031  3.44643  3.71745  4.08728  5.84668  4.56609    215 Q - - -
          2.68618  4.42225  2.77519  2.73123  3.46354  2.40513  3.72494  3.29354  2.67741  2.69355  4.24690  2.90347  2.73739  3.18146  2.89801  2.37887  2.77519  2.98518  4.58477  3.61503
          0.01664  4.49992  5.22227  0.61958  0.77255  0.48576  0.95510
    169   3.13063  3.18350  4.82590  4.35532  0.88303  4.13218  4.33889  2.72892  4.18649  2.35787  3.57253  4.31075  4.58911  4.31077  4.26522  3.51711  3.43527  2.49880  4.66209  3.13273    216 f - - -
          2.68618  4.42225  2.77519  2.73123  3.46354  2.40513  3.72494  3.29354  2.67741  2.69355  4.24690  2.90347  2.73739  3.18146  2.89801  2.37887  2.77519  2.98518  4.58477  3.61503
          0.01664  4.49992  5.22227  0.61958  0.77255  0.48576  0.95510
    170   2.55582  4.67276  3.29264  2.72839  3.18742  3.60011  3.21348  3.23974  2.49393  2.90318  3.76147  3.07776  3.98452  2.92270  2.07891  2.82176  2.94090  2.97398  3.12216  2.97842    217 r - - -
          2.68618  4.42225  2.77519  2.73123  3.46354  2.40513  3.72494  3.29354  2.67741  2.69355  4.24690  2.90347  2.73739  3.18146  2.89801  2.37887  2.77519  2.98518  4.58477  3.61503
          0.01664  4.49992  5.22227  0.61958  0.77255  0.48576  0.95510
    171   3.46676  4.74865  5.36639  4.77639  2.17638  4.75979  5.07112  1.54035  4.62126  1.10894  2.63525  4.89721  4.93813  4.61347  4.61681  4.10891  3.68329  2.32725  5.29261  4.24223    218 l - - -
          2.68618  4.42225  2.77519  2.73123  3.46354  2.40513  3.72494  3.29354  2.67741  2.69355  4.24690  2.90347  2.73739  3.18146  2.89801  2.37887  2.77519  2.98518  4.58477  3.61503
          0.01664  4.49992  5.22227  0.61958  0.77255  0.48576  0.95510
    172   2.55725  4.47741  4.18838  3.67493  3.39395  3.95201  3.84786  2.68216  3.48564  0.93078  3.38054  3.92992  4.36053  3.80360  3.69615  3.28619  3.19797  2.48572  5.05473  3.82849    219 l - - -
          2.68618  4.42225  2.77519  2.73123  3.46354  2.40513  3.72494  3.29354  2.67741  2.69355  4.24690  2.90347  2.73739  3.18146  2.89801  2.37887  2.77519  2.98518  4.58477  3.61503
          0.01664  4.49992  5.22227  0.61958  0.77255  0.48576  0.95510
    173   4.14001  5.28323  5.14955  4.88381  2.13222  4.83731  3.74995  3.37403  4.67967  3.13504  4.40225  4.46901  5.12113  4.56033  4.63915  4.20496  4.34885  3.74793  3.07275  0.54288    220 Y - - -
          2.68618  4.42225  2.77519  2.73123  3.46354  2.40513  3.72494  3.29354  2.67741  2.69355  4.24690  2.90347  2.73739  3.18146  2.89801  2.37887  2.77519  2.98518  4.58477  3.61503
          0.01664  4.49992  5.22227  0.61958  0.77255  0.48576  0.95510
    174   2.78654  5.29679  3.10631  2.41164  4.66767  3.38951  3.73991  4.10192  1.19888  3.57086  4.35387  2.95234  4.00924  2.64230  2.49174  2.75764  3.11698  3.70635  5.67772  4.34739    221 k - - -
          2.68618  4.42225  2.77519  2.73123  3.46354  2.40513  3.72494  3.29354  2.67741  2.69355  4.24690  2.90347  2.73739  3.18146  2.89801  2.37887  2.77519  2.98518  4.58477  3.61503
          0.01664  4.49992  5.22227  0.61958  0.77255  0.48576  0.95510
    175   1.75158  4.44987  3.88211  3.75223  4.91250  0.74717  4.82686  4.33926  3.92312  4.05622  4.86539  3.74934  4.02277  4.14401  4.16478  2.66163  3.05812  3.64645  6.24718  5.08817    222 g - - -
          2.68618  4.42225  2.77519  2.73123  3.46354  2.40513  3.72494  3.29354  2.67741  2.69355  4.24690  2.90347  2.73739  3.18146  2.89801  2.37887  2.77519  2.98518  4.58477  3.61503
          0.01664  4.49992  5.22227  0.61958  0.77255  0.48576  0.95510
    176   2.73545  4.82124  3.08871  2.87519  4.69185  3.36724  4.20807  4.14720  3.09005  3.76905  4.59190  0.97298  4.03145  3.40391  3.50063  2.52701  2.35672  3.65085  5.95330  4.63056    223 n - - -
          2.68618  4.42225  2.77519  2.73123  3.46354  2.40513  3.72494  3.29354  2.67741  2.69355  4.24690  2.90347  2.73739  3.18146  2.89801  2.37887  2.77519  2.98518  4.58477  3.61503
          0.01664  4.49992  5.22227  0.61958  0.77255  0.48576  0.95510
    177   2.81295  4.82165  3.14701  2.83304  4.86806  0.68338  4.45741  4.29141  3.41418  3.96044  4.82452  3.44184  4.11952  3.70127  3.77726  2.93191  2.99292  3.76434  6.14025  4.87536    224 G - - -
          2.68618  4.42231  2.77525  2.73129  3.46360  2.40518  3.72500  3.29360  2.67734  2.69361  4.24695  2.90352  2.73745  3.18152  2.89806  2.37874  2.77485  2.98516  4.58483  3.61509
          0.28726  1.40940  5.22227  0.16569  1.87932  0.48576  0.95510
    178   2.61607  5.19998  2.58513  2.16690  4.53219  2.79519  3.68394  4.00981  2.13307  3.50175  4.24997  2.91648  3.46548  2.78759  2.92775  2.03086  2.57601  3.58494  5.64438  4.23858    226 s - - -
          2.68618  4.42225  2.77519  2.73123  3.46354  2.40513  3.72494  3.29354  2.67741  2.69355  4.24690  2.90347  2.73739  3.18146  2.89801  2.37887  2.77519  2.98518  4.58477  3.61503
          0.01664  4.49992  5.22227  0.61958  0.77255  0.48576  0.95510
    179   2.12095  4.59077  3.48672  3.06752  4.52563  3.07331  4.22120  3.96032  3.10881  3.58859  4.39009  2.82045  3.96193  3.41947  3.51189  1.18147  2.08579  3.45965  5.81318  4.54374    227 s - - -
          2.68618  4.42225  2.77519  2.73123  3.46354  2.40513  3.72494  3.29354  2.67741  2.69355  4.24690  2.90347  2.73739  3.18146  2.89801  2.37887  2.77519  2.98518  4.58477  3.61503
          0.01664  4.49992  5.22227  0.61958  0.77255  0.48576  0.95510
    180   2.50164  5.20899  2.02928  2.19614  4.53554  3.47819  3.69265  4.01211  2.30246  3.50697  4.25841  2.76129  3.88892  2.71258  2.94370  2.07758  2.86603  3.25727  5.65256  4.24633    228 d - - -
          2.68618  4.42225  2.77519  2.73123  3.46354  2.40513  3.72494  3.29354  2.67741  2.69355  4.24690  2.90347  2.73739  3.18146  2.89801  2.37887  2.77519  2.98518  4.58477  3.61503
          0.01664  4.49992  5.22227  0.61958  0.77255  0.48576  0.95510
    181   2.72270  4.26791  4.38889  3.81119  3.41827  3.99260  4.33940  1.71719  3.68938  2.18375  3.32021  4.00370  3.68385  3.91016  3.86138  3.29412  2.10268  1.63345  4.98992  3.79744    229 v - - -
          2.68618  4.42225  2.77519  2.73123  3.46354  2.40513  3.72494  3.29354  2.67741  2.69355  4.24690  2.90347  2.73739  3.18146  2.89801  2.37887  2.77519  2.98518  4.58477  3.61503
          0.01664  4.49992  5.22227  0.61958  0.77255  0.48576  0.95510
    182   0.62155  3.67716  4.36442  4.01751  4.48728  2.96531  4.78151  3.71418  3.92119  3.56691  4.43773  3.86067  4.02196  4.15909  4.11645  2.69758  2.98598  2.96755  5.91463  4.76126    230 A - - -
          2.68618  4.42225  2.77519  2.73123  3.46354  2.40513  3.72494  3.29354  2.67741  2.69355  4.24690  2.90347  2.73739  3.18146  2.89801  2.37887  2.77519  2.98518  4.58477  3.61503
          0.01664  4.49992  5.22227  0.61958  0.77255  0.48576  0.95510
    183   3.62265  5.29088  4.41714  4.41100  5.45776  0.19557  5.44371  5.25654  4.67220  4.80738  5.81882  4.58469  4.69380  4.94774  4.79626  3.81842  4.14836  4.66372  6.34266  5.59538    231 G - - -
          2.68618  4.42225  2.77519  2.73123  3.46354  2.40513  3.72494  3.29354  2.67741  2.69355  4.24690  2.90347  2.73739  3.18146  2.89801  2.37887  2.77519  2.98518  4.58477  3.61503
          0.01925  4.49992  4.83364  0.61958  0.77255  0.48576  0.95510
    184   2.62281  4.43314  2.83975  2.47967  3.96167  3.50403  3.09377  3.71591  2.47680  3.28142  4.06968  3.01091  3.88709  2.07693  2.93567  1.94035  2.75181  3.21935  5.48806  4.12725    232 s - - -
          2.68618  4.42225  2.77519  2.73123  3.46354  2.40513  3.72494  3.29354  2.67741  2.69355  4.24690  2.90347  2.73739  3.18146  2.89801  2.37887  2.77519  2.98518  4.58477  3.61503
          0.01669  4.49736  5.21970  0.61958  0.77255  0.49014  0.94815
    185   3.33005  4.66418  4.93727  4.41152  1.07657  4.44920  4.30800  2.33600  4.24624  1.67439  3.34206  4.42852  4.73213  4.31415  4.29902  3.71030  3.55342  2.68826  4.56982  2.87199    233 f - - -
          2.68618  4.42225  2.77519  2.73123  3.46354  2.40513  3.72494  3.29354  2.67741  2.69355  4.24690  2.90347  2.73739  3.18146  2.89801  2.37887  2.77519  2.98518  4.58477  3.61503
          0.01669  4.49736  5.21970  0.61958  0.77255  0.49014  0.94815
    186   2.71835  4.62753  3.35484  2.69700  3.80256  3.57956  3.83475  2.44974  2.54022  2.50862  3.71958  3.11254  4.00360  2.95276  1.95572  2.85028  2.84436  2.51092  5.17495  3.90846    234 r - - -
          2.68618  4.42225  2.77519  2.73123  3.46354  2.40513  3.72494  3.29354  2.67741  2.69355  4.24690  2.90347  2.73739  3.18146  2.89801  2.37887  2.77519  2.98518  4.58477  3.61503
          0.01952  4.49736  4.80460  0.61958  0.77255  0.49014  0.94815
    187   3.10517  3.09151  5.03708  4.47437  2.92690  4.42058  4.84190  1.08138  4.32613  2.21391  3.45212  4.55293  4.73054  4.49137  4.40211  3.76310  3.34690  1.59679  5.29906  4.11549    235 i - - -
          2.68618  4.42225  2.77519  2.73123  3.46354  2.40513  3.72494  3.29354  2.67741  2.69355  4.24690  2.90347  2.73739  3.18146  2.89801  2.37887  2.77519  2.98518  4.58477  3.61503
          0.01673  4.49457  5.21692  0.61958  0.77255  0.49485  0.94074
    188   2.70880  4.90604  3.10360  2.55057  3.62862  3.36315  3.53321  3.56795  2.36722  3.16921  3.98292  2.85854  3.92603  2.88840  2.64019  2.48531  1.70240  3.24419  5.40982  4.07799    236 t - - -
          2.68618  4.42225  2.77519  2.73123  3.46354  2.40513  3.72494  3.29354  2.67741  2.69355  4.24690  2.90347  2.73739  3.18146  2.89801  2.37887  2.77519  2.98518  4.58477  3.61503
          0.01673  4.49457  5.21692  0.61958  0.77255  0.49485  0.94074
    189   2.52898  4.10656  4.46953  3.86743  2.37796  3.21482  4.17285  1.77565  3.67312  2.09271  2.68228  3.94519  4.21383  3.86103  3.77119  3.15257  2.87549  2.24261  4.72702  3.11866    237 i - - -
          2.68618  4.42225  2.77519  2.73123  3.46354  2.40513  3.72494  3.29354  2.67741  2.69355  4.24690  2.90347  2.73739  3.18146  2.89801  2.37887  2.77519  2.98518  4.58477  3.61503
          0.03970  4.49457  3.58449  0.61958  0.77255  0.49485  0.94074
    190   2.69910  5.17435  2.73603  2.24083  4.50825  3.47467  3.47695  3.98302  1.95109  3.47262  3.91822  2.69228  3.86787  2.72487  2.12530  2.63695  2.60268  3.39252  5.61160  4.21241    238 k - - -
          2.68618  4.42225  2.77519  2.73123  3.46354  2.40513  3.72494  3.29354  2.67741  2.69355  4.24690  2.90347  2.73739  3.18146  2.89801  2.37887  2.77519  2.98518  4.58477  3.61503
          0.01712  4.47199  5.19434  0.61958  0.77255  0.52411  0.89669
    191   2.89717  2.33048  4.72135  4.14380  3.44188  4.13154  4.41237  1.88767  3.98733  2.13706  3.39420  4.23878  4.48254  4.17344  4.08469  3.45510  2.98700  1.29442  5.06343  3.87688    239 v - - -
          2.68618  4.42225  2.77519  2.73123  3.46354  2.40513  3.72494  3.29354  2.67741  2.69355  4.24690  2.90347  2.73739  3.18146  2.89801  2.37887  2.77519  2.98518  4.58477  3.61503
          0.01707  4.47484  5.19719  0.61958  0.77255  0.52725  0.89215
    192   2.55378  4.80094  3.14741  2.51967  3.96758  3.54042  3.26482  3.41905  2.57578  2.54580  3.55119  2.77112  3.92877  2.09839  2.95602  2.48179  2.82524  2.81004  4.58209  4.00549    240 q - - -
          2.68618  4.42225  2.77519  2.73123  3.46354  2.40513  3.72494  3.29354  2.67741  2.69355  4.24690  2.90347  2.73739  3.18146  2.89801  2.37887  2.77519  2.98518  4.58477  3.61503
          0.01707  4.47484  5.19719  0.61958  0.77255  0.52725  0.89215
    193   2.68634  3.79166  4.33929  3.74336  2.20026  3.81778  4.13261  2.54910  3.59092  1.78190  3.16592  3.22897  4.15089  3.77888  3.70768  3.11463  2.39080  2.08018  4.19435  3.54349    241 l - - -
          2.68618  4.42225  2.77519  2.73123  3.46354  2.40513  3.72494  3.29354  2.67741  2.69355  4.24690  2.90347  2.73739  3.18146  2.89801  2.37887  2.77519  2.98518  4.58477  3.61503
          0.08091  4.47484  2.71312  0.61958  0.77255  0.52725  0.89215
    194   2.60131  4.71504  3.19872  2.63657  3.91420  3.54868  3.39055  3.14090  2.59201  2.81866  2.76782  3.12935  3.90382  1.86024  2.90932  2.67982  2.72255  3.02490  5.24499  3.94978    242 q - - -
          2.68618  4.42225  2.77519  2.73123  3.46354  2.40513  3.72494  3.29354  2.67741  2.69355  4.24690  2.90347  2.73739  3.18146  2.89801  2.37887  2.77519  2.98518  4.58477  3.61503
          0.01818  4.41212  5.13446  0.61958  0.77255  0.62008  0.77197
    195   2.60201  4.97412  2.77540  2.47157  4.28297  3.02128  3.71345  3.71819  2.49875  3.14323  3.78411  1.76287  3.88427  2.84657  2.97369  2.61167  2.48545  3.35543  5.49777  4.13822    243 n - - -
          2.68618  4.42225  2.77519  2.73123  3.46354  2.40513  3.72494  3.29354  2.67741  2.69355  4.24690  2.90347  2.73739  3.18146  2.89801  2.37887  2.77519  2.98518  4.58477  3.61503
          0.02290  4.41212  4.55558  0.61958  0.77255  0.62008  0.77197
    196   1.97644  4.50714  3.45203  3.17194  4.52078  3.24324  4.32918  3.91489  3.25382  3.59796  4.43019  3.13007  1.07697  3.57087  3.58350  2.69053  2.78181  3.41421  5.84351  4.60252    244 p - - -
          2.68618  4.42225  2.77519  2.73123  3.46354  2.40513  3.72494  3.29354  2.67741  2.69355  4.24690  2.90347  2.73739  3.18146  2.89801  2.37887  2.77519  2.98518  4.58477  3.61503
          0.01827  4.40749  5.12983  0.61958  0.77255  0.62639  0.76469
    197   2.84208  4.26208  3.30908  2.71240  4.34919  3.61111  3.76455  3.73924  1.16858  3.11782  4.13679  3.18296  4.01251  2.91038  2.54678  2.57760  3.07053  3.40873  5.48806  4.21039    245 k - - -
          2.68620  4.42227  2.77522  2.73118  3.46355  2.40515  3.72497  3.29356  2.67743  2.69340  4.24692  2.90349  2.73741  3.18148  2.89802  2.37883  2.77521  2.98520  4.58479  3.61505
          0.10565  2.30001        *  0.37923  1.15325  0.00000        *
//
