HMMER3/f [3.3.2 | Nov 2020]
NAME  vHMM_18686
LENG  189
ALPH  amino
RF    no
MM    no
CONS  yes
CS    no
MAP   yes
DATE  Mon Feb 22 13:49:53 2021
NSEQ  73
EFFN  2.633240
CKSUM 1779634397
STATS LOCAL MSV      -10.4273  0.70606
STATS LOCAL VITERBI  -10.8868  0.70606
STATS LOCAL FORWARD   -4.9780  0.70606
CUTOFF SCORE	95.28
TAXON	Tymoviridae
TXID	249184
PROTEIN	Coat protein
TYPE	Full-length
RANGE	Wide
HMM          A        C        D        E        F        G        H        I        K        L        M        N        P        Q        R        S        T        V        W        Y   
            m->m     m->i     m->d     i->m     i->i     d->m     d->d
  COMPO   2.47602  4.35263  3.16424  2.86050  3.42830  2.94648  3.79369  2.81025  2.76816  2.43676  3.74575  3.12630  2.87686  3.03163  3.08363  2.45061  2.64148  2.62313  4.65971  3.56505
          2.68282  4.42513  2.77598  2.73200  3.46416  2.40760  3.72654  3.29268  2.67961  2.69234  4.24055  2.90454  2.73438  3.18195  2.89967  2.37628  2.77562  2.98531  4.58765  3.61760
          0.41129  1.14920  3.89639  3.18645  0.04220  0.00000        *
      1   2.42343  4.58043  3.34196  3.06252  3.74574  3.27501  4.03218  3.10958  3.02591  2.68098  1.57858  3.48248  3.17730  3.33556  3.39772  2.49994  3.04518  2.58328  5.17549  3.93242     57 m - - -
          2.68618  4.42225  2.77519  2.73123  3.46354  2.40513  3.72494  3.29354  2.67741  2.69355  4.24690  2.90347  2.73739  3.18146  2.89801  2.37887  2.77519  2.98518  4.58477  3.61503
          0.01226  4.80352  5.52587  0.61958  0.77255  0.52295  0.89837
      2   2.61248  5.29192  2.56512  1.85847  4.62847  2.81711  3.76565  3.72969  2.41595  3.50585  4.33513  2.99511  3.38125  2.74023  2.99620  2.08213  2.62011  3.60582  5.72983  4.32372     58 e - - -
          2.68618  4.42225  2.77519  2.73123  3.46354  2.40513  3.72494  3.29354  2.67741  2.69355  4.24690  2.90347  2.73739  3.18146  2.89801  2.37887  2.77519  2.98518  4.58477  3.61503
          0.01226  4.80352  5.52587  0.61958  0.77255  0.52295  0.89837
      3   2.48265  5.27065  2.38355  2.06464  4.59974  3.57920  3.76911  3.70590  2.51086  3.56944  4.31637  3.05352  2.98328  2.87109  2.58199  2.16255  2.42323  3.39648  5.71390  4.31302     59 e - - -
          2.68618  4.42225  2.77519  2.73123  3.46354  2.40513  3.72494  3.29354  2.67741  2.69355  4.24690  2.90347  2.73739  3.18146  2.89801  2.37887  2.77519  2.98518  4.58477  3.61503
          0.01226  4.80352  5.52587  0.61958  0.77255  0.52295  0.89837
      4   2.68425  5.27402  2.37997  2.41854  4.60323  3.33844  3.77064  4.07815  2.51313  3.33326  4.31977  2.55620  2.96163  2.63458  3.00349  1.92309  2.61088  3.15707  5.71705  4.31563     60 s - - -
          2.68618  4.42225  2.77519  2.73123  3.46354  2.40513  3.72494  3.29354  2.67741  2.69355  4.24690  2.90347  2.73739  3.18146  2.89801  2.37887  2.77519  2.98518  4.58477  3.61503
          0.14483  4.80352  2.06646  0.61958  0.77255  0.52295  0.89837
      5   2.63679  5.24498  2.68012  2.28439  4.58177  3.52968  3.43606  3.79459  2.07688  3.54667  4.28793  2.72412  2.46888  2.48284  2.94770  2.57999  2.56505  3.36969  5.68254  4.27654     61 k - - -
          2.68621  4.42248  2.77471  2.73136  3.46377  2.40536  3.72517  3.29377  2.67764  2.69347  4.24616  2.90370  2.73728  3.18153  2.89805  2.37863  2.77498  2.98500  4.58500  3.61526
          0.36236  1.20589  5.39502  0.93753  0.49691  0.38523  1.14036
      6   2.68133  5.15875  2.67517  2.55758  4.44583  3.59922  2.93524  3.33292  2.46211  3.04912  3.79776  2.93791  2.52966  2.78105  2.64588  2.36094  2.79661  2.85221  5.62779  4.25484     65 s - - -
          2.68618  4.42225  2.77519  2.73123  3.46354  2.40513  3.72494  3.29354  2.67741  2.69355  4.24690  2.90347  2.73739  3.18146  2.89801  2.37887  2.77519  2.98518  4.58477  3.61503
          0.01226  4.80352  5.52587  0.61958  0.77255  0.52295  0.89837
      7   2.52783  4.60821  3.30956  2.84874  3.75843  3.75544  3.99710  2.04326  2.96763  2.47290  3.70711  3.44155  4.13716  3.08288  2.21492  2.88556  2.61829  2.26578  5.17928  3.92987     66 i - - -
          2.68618  4.42225  2.77519  2.73123  3.46354  2.40513  3.72494  3.29354  2.67741  2.69355  4.24690  2.90347  2.73739  3.18146  2.89801  2.37887  2.77519  2.98518  4.58477  3.61503
          0.01226  4.80352  5.52587  0.61958  0.77255  0.52295  0.89837
      8   2.80594  4.69987  3.45652  2.75568  3.53593  3.72075  3.95093  3.17582  2.22391  2.03310  3.79303  3.28296  3.70093  3.19463  2.95357  2.52711  2.38892  2.21959  5.25661  3.98863     67 l - - -
          2.68618  4.42225  2.77519  2.73123  3.46354  2.40513  3.72494  3.29354  2.67741  2.69355  4.24690  2.90347  2.73739  3.18146  2.89801  2.37887  2.77519  2.98518  4.58477  3.61503
          0.01226  4.80352  5.52587  0.61958  0.77255  0.52295  0.89837
      9   2.04757  4.71950  2.73080  2.74167  3.89390  3.64927  3.94904  3.26375  2.85759  2.56247  3.49730  3.34755  4.10201  3.18554  3.27192  2.22775  3.04080  1.87182  5.27844  4.00651     68 v - - -
          2.68618  4.42225  2.77519  2.73123  3.46354  2.40513  3.72494  3.29354  2.67741  2.69355  4.24690  2.90347  2.73739  3.18146  2.89801  2.37887  2.77519  2.98518  4.58477  3.61503
          0.01226  4.80352  5.52587  0.61958  0.77255  0.52295  0.89837
     10   2.72461  5.28488  2.91306  2.50868  4.61912  3.58177  3.76849  4.09565  1.89478  3.58448  4.32912  3.05412  2.43864  2.53093  2.40892  2.29731  2.64699  3.66985  5.72325  3.86848     69 k - - -
          2.68618  4.42225  2.77519  2.73123  3.46354  2.40513  3.72494  3.29354  2.67741  2.69355  4.24690  2.90347  2.73739  3.18146  2.89801  2.37887  2.77519  2.98518  4.58477  3.61503
          0.01226  4.80352  5.52587  0.61958  0.77255  0.52295  0.89837
     11   2.73619  5.12355  3.17589  2.68448  4.53560  3.60892  3.92180  3.97476  2.68313  3.53470  4.32443  2.99022  2.91933  1.16600  3.13563  2.71601  2.92448  3.29492  5.72821  4.37555     70 q - - -
          2.68618  4.42225  2.77519  2.73123  3.46354  2.40513  3.72494  3.29354  2.67741  2.69355  4.24690  2.90347  2.73739  3.18146  2.89801  2.37887  2.77519  2.98518  4.58477  3.61503
          0.01226  4.80352  5.52587  0.61958  0.77255  0.50767  0.92104
     12   2.69619  4.95613  3.04462  2.72475  4.10282  3.65299  3.90713  3.61529  2.49422  2.73637  4.07112  3.22989  1.37071  3.07671  3.17417  2.71286  2.90491  3.30483  5.50680  4.18933     71 p - - -
          2.68618  4.42225  2.77519  2.73123  3.46354  2.40513  3.72494  3.29354  2.67741  2.69355  4.24690  2.90347  2.73739  3.18146  2.89801  2.37887  2.77519  2.98518  4.58477  3.61503
          0.01221  4.80760  5.52995  0.61958  0.77255  0.49851  0.93506
     13   2.46304  5.09664  3.15320  2.49774  4.36222  3.56100  3.43197  3.50039  2.56517  2.92331  4.15963  3.12579  2.98486  2.80907  2.72800  1.59069  2.88732  3.32997  5.58028  4.22393     72 s - - -
          2.68618  4.42225  2.77519  2.73123  3.46354  2.40513  3.72494  3.29354  2.67741  2.69355  4.24690  2.90347  2.73739  3.18146  2.89801  2.37887  2.77519  2.98518  4.58477  3.61503
          0.01216  4.81166  5.53401  0.61958  0.77255  0.48925  0.94955
     14   2.69294  4.31559  3.78123  3.70686  3.42856  3.55657  4.25174  1.49393  3.59079  1.80851  3.43430  3.91975  3.04753  3.81417  3.77675  3.22770  2.85218  2.22691  4.94182  3.74890     73 i - - -
          2.68618  4.42225  2.77519  2.73123  3.46354  2.40513  3.72494  3.29354  2.67741  2.69355  4.24690  2.90347  2.73739  3.18146  2.89801  2.37887  2.77519  2.98518  4.58477  3.61503
          0.01211  4.81571  5.53806  0.61958  0.77255  0.49519  0.94021
     15   2.72610  5.11815  3.07765  2.60494  4.40081  3.61807  3.74739  3.83630  2.61483  3.14137  4.19728  2.17989  1.80736  2.82289  3.08830  2.29194  3.05853  3.10400  5.61501  4.25625     74 p - - -
          2.68600  4.42244  2.77539  2.73121  3.46351  2.40524  3.72514  3.29317  2.67750  2.69374  4.24709  2.90340  2.73748  3.18132  2.89769  2.37898  2.77516  2.98537  4.58428  3.61445
          0.06816  2.78139  5.53806  1.87004  0.16738  0.47991  0.96453
     16   1.67945  4.67227  2.94114  2.61352  4.33304  3.36975  3.82584  3.76147  2.50938  2.81267  4.14079  3.14035  3.39709  2.82296  2.92499  2.52637  2.23432  3.41784  5.56484  4.21432     93 a - - -
          2.68618  4.42225  2.77519  2.73123  3.46354  2.40513  3.72494  3.29354  2.67741  2.69355  4.24690  2.90347  2.73739  3.18146  2.89801  2.37887  2.77519  2.98518  4.58477  3.61503
          0.01206  4.81974  5.54209  0.61958  0.77255  0.48576  0.95510
     17   2.31788  5.13905  3.15436  2.49739  4.41673  3.62467  3.81599  3.54049  2.15929  3.10907  4.19992  2.96377  1.71944  2.80432  2.88598  2.82475  3.05201  3.37258  5.61271  4.25323     94 p - - -
          2.68618  4.42225  2.77519  2.73123  3.46354  2.40513  3.72494  3.29354  2.67741  2.69355  4.24690  2.90347  2.73739  3.18146  2.89801  2.37887  2.77519  2.98518  4.58477  3.61503
          0.01206  4.81974  5.54209  0.61958  0.77255  0.48576  0.95510
     18   2.34442  4.73501  3.68299  3.18098  3.31811  1.70569  4.27045  3.77507  3.17421  3.43366  4.26766  3.54326  1.73197  3.49075  3.57589  2.14561  2.88610  3.39264  5.71256  4.44847     95 g - - -
          2.68618  4.42225  2.77519  2.73123  3.46354  2.40513  3.72494  3.29354  2.67741  2.69355  4.24690  2.90347  2.73739  3.18146  2.89801  2.37887  2.77519  2.98518  4.58477  3.61503
          0.01206  4.81974  5.54209  0.61958  0.77255  0.48576  0.95510
     19   2.51666  5.16406  2.70391  2.56412  3.36719  3.60552  3.50729  3.89767  2.46859  3.23047  4.22056  3.10035  3.39396  2.78749  2.54970  1.97508  2.38921  3.52298  5.63329  3.29867     96 s - - -
          2.68618  4.42225  2.77519  2.73123  3.46354  2.40513  3.72494  3.29354  2.67741  2.69355  4.24690  2.90347  2.73739  3.18146  2.89801  2.37887  2.77519  2.98518  4.58477  3.61503
          0.03263  4.81974  3.72840  0.61958  0.77255  0.48576  0.95510
     20   2.67618  4.05259  3.45862  2.63568  3.52974  3.71988  2.80812  2.62806  2.61605  2.54214  3.78619  3.14760  3.19031  3.19670  3.08217  2.46000  2.58403  2.35968  5.25040  3.98317     97 v - - -
          2.68618  4.42225  2.77519  2.73123  3.46354  2.40513  3.72494  3.29354  2.67741  2.69355  4.24690  2.90347  2.73739  3.18146  2.89801  2.37887  2.77519  2.98518  4.58477  3.61503
          0.01231  4.79942  5.52177  0.61958  0.77255  0.53204  0.88530
     21   2.55562  4.32691  4.19300  3.61215  3.43564  3.90532  4.21088  2.45500  3.50181  1.19023  3.43858  3.85479  3.77613  3.17324  3.71204  2.90350  2.93520  2.31722  4.94236  3.74686     98 l - - -
          2.68606  4.42234  2.77517  2.73132  3.46363  2.40514  3.72503  3.29344  2.67750  2.69364  4.24699  2.90355  2.73738  3.18122  2.89772  2.37896  2.77528  2.98513  4.58486  3.61486
          0.03331  3.54876  5.52177  1.66749  0.20914  0.45788  1.00137
     22   2.70729  5.22961  2.90925  2.13786  4.54628  3.34241  3.82563  4.00334  2.59114  3.53342  4.30309  3.09905  1.66641  2.94185  2.91503  2.25600  3.07405  3.14063  5.70795  4.32333    112 p - - -
          2.68618  4.42225  2.77519  2.73123  3.46354  2.40513  3.72494  3.29354  2.67741  2.69355  4.24690  2.90347  2.73739  3.18146  2.89801  2.37887  2.77519  2.98518  4.58477  3.61503
          0.01206  4.81974  5.54209  0.61958  0.77255  0.48576  0.95510
     23   2.37672  5.14023  2.97142  2.48060  4.41892  3.61035  3.80625  3.55125  2.31149  2.64539  4.19915  2.95222  2.60899  2.79629  3.05240  2.34304  2.25205  3.27044  5.61497  4.24816    113 t - - -
          2.68618  4.42225  2.77519  2.73123  3.46354  2.40513  3.72494  3.29354  2.67741  2.69355  4.24690  2.90347  2.73739  3.18146  2.89801  2.37887  2.77519  2.98518  4.58477  3.61503
          0.01206  4.81974  5.54209  0.61958  0.77255  0.48576  0.95510
     24   2.41792  5.24614  3.08223  2.35404  4.56281  3.15425  3.49535  3.83676  2.52805  3.53923  4.29458  2.67288  1.96710  2.54670  2.87216  2.48429  2.86451  3.55331  5.69627  3.85987    114 p - - -
          2.68622  4.42229  2.77524  2.73127  3.46358  2.40517  3.72498  3.29321  2.67745  2.69359  4.24694  2.90351  2.73733  3.18150  2.89805  2.37876  2.77524  2.98522  4.58413  3.61507
          0.36669  2.04991  1.72468  0.20957  1.66564  0.48576  0.95510
     25   2.62168  5.17015  2.61289  2.28904  3.33470  3.39584  3.71704  3.94672  2.37524  3.23177  4.21978  2.72248  2.68064  2.82509  2.80890  2.02337  2.91992  3.54335  5.62280  4.23199    116 s - - -
          2.68618  4.42225  2.77519  2.73123  3.46354  2.40513  3.72494  3.29354  2.67741  2.69355  4.24690  2.90347  2.73739  3.18146  2.89801  2.37887  2.77519  2.98518  4.58477  3.61503
          0.01462  4.62820  5.35055  0.61958  0.77255  0.58105  0.81941
     26   2.77264  5.02535  3.14443  2.59781  4.31417  1.98738  3.58443  3.74258  2.59279  2.94155  4.12381  2.94530  3.34196  2.94818  2.89460  1.96910  2.52604  3.39425  5.54625  4.19873    117 s - - -
          2.68618  4.42225  2.77519  2.73123  3.46354  2.40513  3.72494  3.29354  2.67741  2.69355  4.24690  2.90347  2.73739  3.18146  2.89801  2.37887  2.77519  2.98518  4.58477  3.61503
          0.01342  4.71375  5.43610  0.61958  0.77255  0.49051  0.94755
     27   2.61938  5.26366  2.90313  2.05536  4.59339  3.13682  3.75843  4.06868  2.49941  2.97112  4.30845  2.76559  3.00556  2.27279  2.72476  2.45125  2.74912  2.99094  5.70566  4.30414    118 e - - -
          2.68618  4.42225  2.77519  2.73123  3.46354  2.40513  3.72494  3.29354  2.67741  2.69355  4.24690  2.90347  2.73739  3.18146  2.89801  2.37887  2.77519  2.98518  4.58477  3.61503
          0.01257  4.77868  5.50103  0.61958  0.77255  0.43306  1.04560
     28   2.55730  5.19066  2.95090  2.55158  4.48689  3.15865  3.27852  3.81751  2.55110  2.50667  4.24471  2.76151  2.69180  2.09701  2.99533  2.65017  2.64007  3.31945  5.65394  4.27465    119 q - - -
          2.68618  4.42225  2.77519  2.73123  3.46354  2.40513  3.72494  3.29354  2.67741  2.69355  4.24690  2.90347  2.73739  3.18146  2.89801  2.37887  2.77519  2.98518  4.58477  3.61503
          0.01206  4.81974  5.54209  0.61958  0.77255  0.48576  0.95510
     29   2.47780  5.10608  3.15970  2.50447  4.39810  2.60287  3.82747  3.52470  2.60082  3.40115  4.18973  3.13330  2.51485  2.95661  2.55595  1.80834  2.98000  3.24806  5.60814  4.24940    120 s - - -
          2.68617  4.42255  2.77516  2.73142  3.46361  2.40535  3.72467  3.29346  2.67770  2.69354  4.24671  2.90364  2.73662  3.18126  2.89805  2.37886  2.77505  2.98521  4.58507  3.61533
          0.03263  3.56908  5.54209  2.67850  0.07114  0.48576  0.95510
     30   2.81428  5.04640  3.18895  2.63925  4.16709  3.16421  3.09886  3.72726  2.63409  3.03586  4.12460  2.99048  1.74239  2.84194  3.09945  2.10694  3.04834  3.18124  5.55049  4.20772    164 p - - -
          2.68618  4.42225  2.77519  2.73123  3.46354  2.40513  3.72494  3.29354  2.67741  2.69355  4.24690  2.90347  2.73739  3.18146  2.89801  2.37887  2.77519  2.98518  4.58477  3.61503
          0.01206  4.81974  5.54209  0.61958  0.77255  0.48576  0.95510
     31   1.89329  4.83650  3.33505  2.65494  3.25762  3.40870  3.12107  3.42329  2.75981  3.07543  3.92128  3.26885  4.07166  3.09857  3.01943  2.15240  2.21133  2.93591  5.37212  3.66993    165 a - - -
          2.68618  4.42225  2.77519  2.73123  3.46354  2.40513  3.72494  3.29354  2.67741  2.69355  4.24690  2.90347  2.73739  3.18146  2.89801  2.37887  2.77519  2.98518  4.58477  3.61503
          0.01206  4.81974  5.54209  0.61958  0.77255  0.48576  0.95510
     32   2.87200  4.26692  4.67289  4.07175  3.12384  4.03455  4.36531  1.28810  3.89508  2.26095  2.77304  4.13982  4.39534  3.62446  3.96492  3.10545  2.61707  1.94769  4.90761  3.72806    166 i - - -
          2.68618  4.42225  2.77519  2.73123  3.46354  2.40513  3.72494  3.29354  2.67741  2.69355  4.24690  2.90347  2.73739  3.18146  2.89801  2.37887  2.77519  2.98518  4.58477  3.61503
          0.01206  4.81974  5.54209  0.61958  0.77255  0.48576  0.95510
     33   2.80666  5.13736  2.28199  2.23973  4.41491  3.61107  3.51163  3.12211  2.41391  2.88526  4.19649  2.95324  4.00271  2.93129  2.86938  2.58183  2.54492  2.31071  5.61268  4.24662    167 e - - -
          2.68618  4.42225  2.77519  2.73123  3.46354  2.40513  3.72494  3.29354  2.67741  2.69355  4.24690  2.90347  2.73739  3.18146  2.89801  2.37887  2.77519  2.98518  4.58477  3.61503
          0.01206  4.81974  5.54209  0.61958  0.77255  0.48576  0.95510
     34   2.86086  3.76123  4.59434  3.99422  3.34209  4.00700  4.32687  2.42670  3.82691  1.32463  3.11505  4.08966  4.36789  2.73619  3.91547  3.30879  3.09260  2.04631  4.88720  2.64530    168 l - - -
          2.68618  4.42225  2.77519  2.73123  3.46354  2.40513  3.72494  3.29354  2.67741  2.69355  4.24690  2.90347  2.73739  3.18146  2.89801  2.37887  2.77519  2.98518  4.58477  3.61503
          0.01206  4.81974  5.54209  0.61958  0.77255  0.48576  0.95510
     35   3.03262  4.86692  4.28133  4.04152  4.41786  3.75809  4.93914  3.16037  3.91034  3.37552  4.53118  4.14444  0.51238  4.31040  4.12883  3.25402  3.50769  3.26666  6.00159  4.69795    169 P - - -
          2.68618  4.42225  2.77519  2.73123  3.46354  2.40513  3.72494  3.29354  2.67741  2.69355  4.24690  2.90347  2.73739  3.18146  2.89801  2.37887  2.77519  2.98518  4.58477  3.61503
          0.01206  4.81974  5.54209  0.61958  0.77255  0.48576  0.95510
     36   3.87422  5.28645  5.09953  4.86555  0.43488  4.63952  4.23374  3.68859  4.70643  2.91585  4.37237  4.63590  5.11380  4.74831  4.73472  3.41193  4.20518  3.61122  4.40063  2.69282    170 F - - -
          2.68618  4.42225  2.77519  2.73123  3.46354  2.40513  3.72494  3.29354  2.67741  2.69355  4.24690  2.90347  2.73739  3.18146  2.89801  2.37887  2.77519  2.98518  4.58477  3.61503
          0.01206  4.81974  5.54209  0.61958  0.77255  0.48576  0.95510
     37   3.21727  5.33707  3.28905  3.09357  4.96493  3.75289  4.36898  4.57024  3.04064  4.09175  4.96570  3.54154  4.37783  0.62640  3.35454  2.50022  3.58040  4.11420  6.14479  4.80526    171 Q - - -
          2.68618  4.42225  2.77519  2.73123  3.46354  2.40513  3.72494  3.29354  2.67741  2.69355  4.24690  2.90347  2.73739  3.18146  2.89801  2.37887  2.77519  2.98518  4.58477  3.61503
          0.01206  4.81974  5.54209  0.61958  0.77255  0.48576  0.95510
     38   2.82166  4.23233  4.57279  3.97110  1.72835  3.57585  3.78134  2.12853  3.79994  2.23789  3.34983  4.05537  4.33180  3.97075  3.51880  2.87912  2.87847  2.24216  2.77927  3.66560    172 f - - -
          2.68618  4.42225  2.77519  2.73123  3.46354  2.40513  3.72494  3.29354  2.67741  2.69355  4.24690  2.90347  2.73739  3.18146  2.89801  2.37887  2.77519  2.98518  4.58477  3.61503
          0.01206  4.81974  5.54209  0.61958  0.77255  0.48576  0.95510
     39   2.68791  5.20552  3.10121  2.07300  4.50710  3.59788  3.78999  3.96339  2.27150  2.60402  3.82938  2.79868  3.64707  2.39857  2.88264  2.47599  2.48522  2.84097  5.66509  4.28219    173 e - - -
          2.68618  4.42225  2.77519  2.73123  3.46354  2.40513  3.72494  3.29354  2.67741  2.69355  4.24690  2.90347  2.73739  3.18146  2.89801  2.37887  2.77519  2.98518  4.58477  3.61503
          0.01206  4.81974  5.54209  0.61958  0.77255  0.48576  0.95510
     40   1.78048  4.21467  4.68878  4.08033  2.65931  3.98329  4.31145  2.17622  3.88697  2.21812  3.10463  4.11235  4.34765  4.03678  3.93039  2.89235  3.05669  1.71569  4.07175  3.35450    174 v - - -
          2.68618  4.42225  2.77519  2.73123  3.46354  2.40513  3.72494  3.29354  2.67741  2.69355  4.24690  2.90347  2.73739  3.18146  2.89801  2.37887  2.77519  2.98518  4.58477  3.61503
          0.01206  4.81974  5.54209  0.61958  0.77255  0.48576  0.95510
     41   1.85594  4.59075  3.60999  3.04568  3.43798  3.22297  4.01930  3.10639  3.00810  2.56470  3.69465  3.47310  3.72540  3.11127  3.38297  2.85126  1.88261  2.87254  5.16832  2.69971    175 a - - -
          2.68618  4.42225  2.77519  2.73123  3.46354  2.40513  3.72494  3.29354  2.67741  2.69355  4.24690  2.90347  2.73739  3.18146  2.89801  2.37887  2.77519  2.98518  4.58477  3.61503
          0.03263  4.81974  3.72840  0.61958  0.77255  0.48576  0.95510
     42   2.58019  5.21210  2.03776  2.44631  4.51926  3.59233  3.79869  3.97582  2.55884  3.27200  4.27263  3.08227  3.99333  2.77727  3.04444  1.91263  2.13319  3.33388  5.67874  4.29434    176 s - - -
          2.68618  4.42225  2.77519  2.73123  3.46354  2.40513  3.72494  3.29354  2.67741  2.69355  4.24690  2.90347  2.73739  3.18146  2.89801  2.37887  2.77519  2.98518  4.58477  3.61503
          0.01231  4.79942  5.52177  0.61958  0.77255  0.45788  1.00137
     43   2.84854  4.23522  4.71707  4.11105  1.85971  4.00594  4.31110  2.53604  3.91547  1.46870  3.34296  4.13387  3.81778  4.05958  3.95396  3.08614  3.08045  2.19244  4.05018  2.89789    177 l - - -
          2.68603  4.42241  2.77513  2.73139  3.46369  2.40528  3.72510  3.29370  2.67736  2.69370  4.24705  2.90362  2.73712  3.18162  2.89816  2.37895  2.77439  2.98506  4.58492  3.61519
          0.42649  1.06920  5.54209  0.34994  1.21987  0.48576  0.95510
     44   3.35828  5.62473  2.84366  2.58634  5.24247  0.62900  4.36581  4.72264  2.92657  4.25753  5.12850  3.09496  4.37437  3.55466  3.67257  3.33001  3.70570  4.27577  6.40943  5.01738    182 G - - -
          2.68618  4.42225  2.77519  2.73123  3.46354  2.40513  3.72494  3.29354  2.67741  2.69355  4.24690  2.90347  2.73739  3.18146  2.89801  2.37887  2.77519  2.98518  4.58477  3.61503
          0.07507  4.81974  2.74486  0.61958  0.77255  0.48576  0.95510
     45   2.27280  4.91374  3.04633  2.56412  4.13314  3.63315  3.84328  3.53848  2.55557  3.16396  3.62946  3.18459  4.02246  2.85934  3.11910  2.14218  2.04446  2.34632  5.43117  4.01880    183 t - - -
          2.68621  4.42228  2.77501  2.73116  3.46357  2.40516  3.72498  3.29357  2.67744  2.69358  4.24693  2.90350  2.73743  3.18150  2.89804  2.37890  2.77523  2.98522  4.58344  3.61506
          0.05717  2.96820  5.47985  0.77059  0.62127  0.41084  1.08795
     46   1.89281  5.27117  3.07740  1.86019  4.59670  3.59152  3.78105  4.06808  2.13706  3.56791  4.31801  3.06757  3.64451  2.64554  2.86709  2.51728  2.70952  3.19318  5.71609  4.31857    187 e - - -
          2.68618  4.42225  2.77519  2.73123  3.46354  2.40513  3.72494  3.29354  2.67741  2.69355  4.24690  2.90347  2.73739  3.18146  2.89801  2.37887  2.77519  2.98518  4.58477  3.61503
          0.01198  4.82642  5.54877  0.61958  0.77255  0.48576  0.95510
     47   2.42309  5.30825  2.52393  1.54893  4.64199  3.58965  3.79087  4.12019  2.53749  3.61037  4.35639  3.06260  3.38257  2.76227  3.03037  2.38355  2.45771  3.42279  5.75125  4.34564    188 e - - -
          2.68618  4.42225  2.77519  2.73123  3.46354  2.40513  3.72494  3.29354  2.67741  2.69355  4.24690  2.90347  2.73739  3.18146  2.89801  2.37887  2.77519  2.98518  4.58477  3.61503
          0.01198  4.82642  5.54877  0.61958  0.77255  0.48576  0.95510
     48   2.57455  4.71353  3.46484  2.90295  3.88434  3.02533  3.96176  3.26042  2.10534  2.67243  3.80950  3.36771  4.11430  3.20396  3.28355  2.80931  1.87317  2.31788  5.27259  3.15238    189 t - - -
          2.68618  4.42225  2.77519  2.73123  3.46354  2.40513  3.72494  3.29354  2.67741  2.69355  4.24690  2.90347  2.73739  3.18146  2.89801  2.37887  2.77519  2.98518  4.58477  3.61503
          0.01198  4.82642  5.54877  0.61958  0.77255  0.48576  0.95510
     49   2.15753  4.84641  3.27705  2.68037  3.39850  3.68498  3.32218  3.21506  2.75631  2.55823  3.93005  2.66090  4.07201  2.93393  3.19569  1.84366  2.88966  2.98371  5.38021  3.69695    190 s - - -
          2.68618  4.42225  2.77519  2.73123  3.46354  2.40513  3.72494  3.29354  2.67741  2.69355  4.24690  2.90347  2.73739  3.18146  2.89801  2.37887  2.77519  2.98518  4.58477  3.61503
          0.01198  4.82642  5.54877  0.61958  0.77255  0.48576  0.95510
     50   1.97514  4.68720  2.49217  2.92545  3.28110  3.55000  3.96975  2.88110  2.76062  2.35182  3.78163  3.16917  4.12025  3.03652  3.30317  2.91276  2.52380  2.48148  5.24738  3.62040    191 a - - -
          2.68618  4.42225  2.77519  2.73123  3.46354  2.40513  3.72494  3.29354  2.67741  2.69355  4.24690  2.90347  2.73739  3.18146  2.89801  2.37887  2.77519  2.98518  4.58477  3.61503
          0.01198  4.82642  5.54877  0.61958  0.77255  0.48576  0.95510
     51   2.57265  5.07847  3.18958  2.64938  3.88492  3.61686  3.86757  3.83188  2.64872  3.40845  4.20325  2.98950  4.03293  1.80018  3.11642  1.84690  2.18207  3.47214  5.62253  4.27152    192 q - - -
          2.68618  4.42225  2.77519  2.73123  3.46354  2.40513  3.72494  3.29354  2.67741  2.69355  4.24690  2.90347  2.73739  3.18146  2.89801  2.37887  2.77519  2.98518  4.58477  3.61503
          0.01198  4.82642  5.54877  0.61958  0.77255  0.48576  0.95510
     52   2.87942  4.36589  2.87396  3.69972  3.49449  3.80249  4.29632  1.61184  3.59644  2.02917  3.48818  3.93858  4.35347  3.83088  3.80401  3.05234  2.76573  1.71701  5.01575  3.81851    193 i - - -
          2.68618  4.42225  2.77519  2.73123  3.46354  2.40513  3.72494  3.29354  2.67741  2.69355  4.24690  2.90347  2.73739  3.18146  2.89801  2.37887  2.77519  2.98518  4.58477  3.61503
          0.01198  4.82642  5.54877  0.61958  0.77255  0.48576  0.95510
     53   2.83055  5.19277  2.28884  2.47581  4.50371  3.60760  3.83126  3.95293  2.60094  3.26139  4.27251  3.11266  3.64772  2.95152  3.08404  1.62979  2.06505  3.31919  5.68213  4.30540    194 s - - -
          2.68618  4.42225  2.77519  2.73123  3.46354  2.40513  3.72494  3.29354  2.67741  2.69355  4.24690  2.90347  2.73739  3.18146  2.89801  2.37887  2.77519  2.98518  4.58477  3.61503
          0.01198  4.82642  5.54877  0.61958  0.77255  0.48576  0.95510
     54   3.12232  3.80388  5.04080  4.44792  3.49644  4.35207  4.71227  1.74899  4.26770  1.11754  3.14102  4.49259  3.90714  4.40045  4.30715  3.67583  3.35613  1.80738  5.17323  4.01431    195 l - - -
          2.68618  4.42225  2.77519  2.73123  3.46354  2.40513  3.72494  3.29354  2.67741  2.69355  4.24690  2.90347  2.73739  3.18146  2.89801  2.37887  2.77519  2.98518  4.58477  3.61503
          0.01198  4.82642  5.54877  0.61958  0.77255  0.48576  0.95510
     55   1.75508  5.08823  3.20107  2.66619  4.43636  3.61796  3.88364  3.86976  2.43780  3.44165  4.23485  3.18219  3.64680  2.59773  3.11556  1.56734  3.07783  3.25340  5.65026  4.30073    196 s - - -
          2.68618  4.42225  2.77519  2.73123  3.46354  2.40513  3.72494  3.29354  2.67741  2.69355  4.24690  2.90347  2.73739  3.18146  2.89801  2.37887  2.77519  2.98518  4.58477  3.61503
          0.01198  4.82642  5.54877  0.61958  0.77255  0.48576  0.95510
     56   1.72148  4.87892  3.46465  2.93989  4.46966  2.81303  4.10572  3.89479  2.93291  3.50650  4.31252  3.10870  4.09445  3.27260  3.10331  1.35377  2.71759  3.19461  5.74138  4.43380    197 s - - -
          2.68618  4.42225  2.77519  2.73123  3.46354  2.40513  3.72494  3.29354  2.67741  2.69355  4.24690  2.90347  2.73739  3.18146  2.89801  2.37887  2.77519  2.98518  4.58477  3.61503
          0.01198  4.82642  5.54877  0.61958  0.77255  0.48576  0.95510
     57   2.42923  5.16944  2.50108  2.56518  3.62080  3.36088  3.42826  3.14895  2.38412  2.90960  4.22565  2.58618  3.99933  2.78898  2.89695  1.99131  3.03967  3.29899  5.63802  4.26456    198 s - - -
          2.68618  4.42225  2.77519  2.73123  3.46354  2.40513  3.72494  3.29354  2.67741  2.69355  4.24690  2.90347  2.73739  3.18146  2.89801  2.37887  2.77519  2.98518  4.58477  3.61503
          0.01198  4.82642  5.54877  0.61958  0.77255  0.48576  0.95510
     58   2.03459  5.30701  2.65043  2.33984  4.63954  3.58952  3.78816  4.11768  2.35608  3.60755  4.35326  2.90928  2.25951  2.76024  3.02587  2.27822  2.63003  3.69137  5.74815  4.34276    199 a - - -
          2.68618  4.42225  2.77519  2.73123  3.46354  2.40513  3.72494  3.29354  2.67741  2.69355  4.24690  2.90347  2.73739  3.18146  2.89801  2.37887  2.77519  2.98518  4.58477  3.61503
          0.01198  4.82642  5.54877  0.61958  0.77255  0.48576  0.95510
     59   2.19872  5.16302  3.12508  2.38805  4.44929  3.16325  3.51062  3.89530  2.38698  3.22990  4.22071  2.94826  2.92298  2.92433  3.04793  2.21920  2.21980  2.90251  5.63386  4.26209    200 a - - -
          2.68618  4.42225  2.77519  2.73123  3.46354  2.40513  3.72494  3.29354  2.67741  2.69355  4.24690  2.90347  2.73739  3.18146  2.89801  2.37887  2.77519  2.98518  4.58477  3.61503
          0.01198  4.82642  5.54877  0.61958  0.77255  0.48576  0.95510
     60   3.71398  4.95714  5.71021  5.14526  3.21785  5.10587  5.49534  1.39734  5.00813  1.02406  3.06126  5.26525  5.26830  5.01254  5.00907  4.47807  3.93905  1.70504  5.68402  4.63543    201 l - - -
          2.68618  4.42225  2.77519  2.73123  3.46354  2.40513  3.72494  3.29354  2.67741  2.69355  4.24690  2.90347  2.73739  3.18146  2.89801  2.37887  2.77519  2.98518  4.58477  3.61503
          0.01198  4.82642  5.54877  0.61958  0.77255  0.48576  0.95510
     61   2.01740  4.98400  3.23565  2.67922  4.22493  3.64780  3.86204  3.63701  2.37440  2.90786  4.06694  3.01758  4.04154  2.86894  3.12566  2.00690  2.06838  2.95762  5.50116  4.17326    202 s - - -
          2.68618  4.42225  2.77519  2.73123  3.46354  2.40513  3.72494  3.29354  2.67741  2.69355  4.24690  2.90347  2.73739  3.18146  2.89801  2.37887  2.77519  2.98518  4.58477  3.61503
          0.01198  4.82642  5.54877  0.61958  0.77255  0.48576  0.95510
     62   2.24795  5.27727  3.10033  2.54628  4.60916  3.60703  3.79360  4.07596  1.66350  3.57602  4.33029  2.89390  4.00170  2.54559  2.84655  2.23321  2.30960  3.66273  5.72269  4.33298    203 k - - -
          2.68618  4.42225  2.77519  2.73123  3.46354  2.40513  3.72494  3.29354  2.67741  2.69355  4.24690  2.90347  2.73739  3.18146  2.89801  2.37887  2.77519  2.98518  4.58477  3.61503
          0.01198  4.82642  5.54877  0.61958  0.77255  0.48576  0.95510
     63   3.31458  4.64792  5.22437  4.62189  3.08992  4.53330  4.84386  1.94926  4.43807  0.89663  3.00434  4.67636  4.80934  4.50146  4.44474  3.85971  3.53849  2.26669  5.20535  2.75767    204 l - - -
          2.68618  4.42225  2.77519  2.73123  3.46354  2.40513  3.72494  3.29354  2.67741  2.69355  4.24690  2.90347  2.73739  3.18146  2.89801  2.37887  2.77519  2.98518  4.58477  3.61503
          0.01198  4.82642  5.54877  0.61958  0.77255  0.48576  0.95510
     64   2.26032  3.75440  4.55928  3.95897  3.33816  3.96928  4.29116  2.16914  3.79224  2.24418  2.52678  4.05243  4.33555  3.96649  3.88210  3.05707  1.60774  2.38077  4.08827  3.67888    205 t - - -
          2.68618  4.42225  2.77519  2.73123  3.46354  2.40513  3.72494  3.29354  2.67741  2.69355  4.24690  2.90347  2.73739  3.18146  2.89801  2.37887  2.77519  2.98518  4.58477  3.61503
          0.01198  4.82642  5.54877  0.61958  0.77255  0.48576  0.95510
     65   1.88657  5.15354  3.13087  2.31227  4.43636  3.16429  3.80669  3.56624  2.38993  3.22053  4.21196  3.10925  4.00322  2.79538  2.90118  1.92397  2.67759  3.28348  5.62620  4.25705    206 a - - -
          2.68618  4.42225  2.77519  2.73123  3.46354  2.40513  3.72494  3.29354  2.67741  2.69355  4.24690  2.90347  2.73739  3.18146  2.89801  2.37887  2.77519  2.98518  4.58477  3.61503
          0.01198  4.82642  5.54877  0.61958  0.77255  0.48576  0.95510
     66   2.81679  3.96270  3.68383  3.11683  3.22391  3.04222  4.04686  2.88395  3.07235  1.95867  3.64958  2.76426  2.22779  3.37551  3.19886  2.40816  3.04912  2.68868  5.12763  3.89191    207 l - - -
          2.68618  4.42225  2.77519  2.73123  3.46354  2.40513  3.72494  3.29354  2.67741  2.69355  4.24690  2.90347  2.73739  3.18146  2.89801  2.37887  2.77519  2.98518  4.58477  3.61503
          0.01198  4.82642  5.54877  0.61958  0.77255  0.48576  0.95510
     67   4.52641  5.60151  5.51685  5.31648  1.83518  3.80726  3.34830  4.23749  5.11939  3.52491  4.79231  4.77323  5.44433  4.90245  5.01386  4.54567  4.72952  4.13528  2.99686  0.52896    208 Y - - -
          2.68618  4.42225  2.77519  2.73123  3.46354  2.40513  3.72494  3.29354  2.67741  2.69355  4.24690  2.90347  2.73739  3.18146  2.89801  2.37887  2.77519  2.98518  4.58477  3.61503
          0.01198  4.82642  5.54877  0.61958  0.77255  0.48576  0.95510
     68   3.27975  5.76794  4.23902  3.45385  5.36439  4.26298  4.08605  4.63392  2.11551  3.99656  4.88877  3.78848  4.60728  2.92448  0.56897  3.71103  3.85128  4.32538  5.97157  4.88842    209 R - - -
          2.68618  4.42225  2.77519  2.73123  3.46354  2.40513  3.72494  3.29354  2.67741  2.69355  4.24690  2.90347  2.73739  3.18146  2.89801  2.37887  2.77519  2.98518  4.58477  3.61503
          0.01198  4.82642  5.54877  0.61958  0.77255  0.48576  0.95510
     69   2.84457  4.79925  3.01027  2.86571  3.07716  3.73387  1.37357  3.36395  2.83686  3.02355  3.54646  3.34173  4.11912  3.17477  2.89622  2.95638  3.07568  2.93063  5.25848  3.57099    210 h - - -
          2.68618  4.42225  2.77519  2.73123  3.46354  2.40513  3.72494  3.29354  2.67741  2.69355  4.24690  2.90347  2.73739  3.18146  2.89801  2.37887  2.77519  2.98518  4.58477  3.61503
          0.01198  4.82642  5.54877  0.61958  0.77255  0.48576  0.95510
     70   0.56714  2.85347  4.76248  4.41270  4.57202  3.08184  5.04390  3.80718  4.29703  3.65828  4.53856  4.16579  4.27881  4.49171  4.43893  2.95980  3.22033  2.72620  6.02808  4.88474    211 A - - -
          2.68618  4.42225  2.77519  2.73123  3.46354  2.40513  3.72494  3.29354  2.67741  2.69355  4.24690  2.90347  2.73739  3.18146  2.89801  2.37887  2.77519  2.98518  4.58477  3.61503
          0.01198  4.82642  5.54877  0.61958  0.77255  0.48576  0.95510
     71   2.80862  5.29792  2.91651  1.95760  4.63450  3.58532  3.77288  3.46368  2.01223  3.59931  4.34093  3.05620  3.97858  2.15008  2.52912  2.46731  2.65483  3.42317  5.73547  3.88000    212 e - - -
          2.68618  4.42225  2.77519  2.73123  3.46354  2.40513  3.72494  3.29354  2.67741  2.69355  4.24690  2.90347  2.73739  3.18146  2.89801  2.37887  2.77519  2.98518  4.58477  3.61503
          0.01198  4.82642  5.54877  0.61958  0.77255  0.48576  0.95510
     72   4.03909  5.24607  5.96747  5.39033  2.84030  5.43451  5.71057  2.15829  5.26131  0.50908  3.23052  5.58560  5.45523  5.11635  5.20412  4.82702  4.24216  2.42485  5.70220  4.72350    213 L - - -
          2.68618  4.42225  2.77519  2.73123  3.46354  2.40513  3.72494  3.29354  2.67741  2.69355  4.24690  2.90347  2.73739  3.18146  2.89801  2.37887  2.77519  2.98518  4.58477  3.61503
          0.01198  4.82642  5.54877  0.61958  0.77255  0.48576  0.95510
     73   2.78337  4.57768  3.55925  2.94272  3.72084  3.78081  3.36702  2.36960  2.73051  2.30600  3.67871  3.49112  4.16128  3.12614  2.99090  2.86281  2.18914  1.92069  5.15393  3.91237    214 v - - -
          2.68618  4.42225  2.77519  2.73123  3.46354  2.40513  3.72494  3.29354  2.67741  2.69355  4.24690  2.90347  2.73739  3.18146  2.89801  2.37887  2.77519  2.98518  4.58477  3.61503
          0.01198  4.82642  5.54877  0.61958  0.77255  0.48576  0.95510
     74   2.84604  5.33984  2.86835  1.78057  4.67327  3.59375  3.26419  4.15459  2.55248  3.63997  4.38579  2.90586  4.00171  2.44680  3.04695  1.61561  2.91980  3.72471  5.77747  4.04813    215 s - - -
          2.68618  4.42225  2.77519  2.73123  3.46354  2.40513  3.72494  3.29354  2.67741  2.69355  4.24690  2.90347  2.73739  3.18146  2.89801  2.37887  2.77519  2.98518  4.58477  3.61503
          0.01198  4.82642  5.54877  0.61958  0.77255  0.48576  0.95510
     75   2.52300  1.92477  4.92839  4.36494  3.59240  4.21650  4.71960  2.49630  4.19660  1.19330  3.53241  4.41300  4.62128  4.36345  4.27594  3.56298  3.33428  1.98040  5.24575  4.07696    216 l - - -
          2.68618  4.42225  2.77519  2.73123  3.46354  2.40513  3.72494  3.29354  2.67741  2.69355  4.24690  2.90347  2.73739  3.18146  2.89801  2.37887  2.77519  2.98518  4.58477  3.61503
          0.01198  4.82642  5.54877  0.61958  0.77255  0.48576  0.95510
     76   2.69104  5.25131  3.04429  1.48364  4.02361  3.59297  3.09399  4.03611  2.27939  3.54475  4.29930  3.07181  3.98579  2.62846  2.87281  2.41525  2.98866  3.17889  4.52215  4.30693    217 e - - -
          2.68618  4.42225  2.77519  2.73123  3.46354  2.40513  3.72494  3.29354  2.67741  2.69355  4.24690  2.90347  2.73739  3.18146  2.89801  2.37887  2.77519  2.98518  4.58477  3.61503
          0.01198  4.82642  5.54877  0.61958  0.77255  0.48576  0.95510
     77   1.01014  4.58886  4.62820  4.06373  3.65239  4.28426  4.68032  2.41701  3.95314  1.97525  3.22912  4.29227  4.64709  4.18169  4.15321  3.59858  3.38869  2.06126  5.33871  4.16295    218 a - - -
          2.68618  4.42225  2.77519  2.73123  3.46354  2.40513  3.72494  3.29354  2.67741  2.69355  4.24690  2.90347  2.73739  3.18146  2.89801  2.37887  2.77519  2.98518  4.58477  3.61503
          0.01198  4.82642  5.54877  0.61958  0.77255  0.48576  0.95510
     78   2.85801  4.44841  3.97366  2.25680  3.30455  3.90147  4.18677  2.09448  3.33536  2.63974  3.56368  3.74067  4.27684  3.61002  3.62659  2.97531  2.00443  1.75732  5.07489  3.86100    219 v - - -
          2.68618  4.42225  2.77519  2.73123  3.46354  2.40513  3.72494  3.29354  2.67741  2.69355  4.24690  2.90347  2.73739  3.18146  2.89801  2.37887  2.77519  2.98518  4.58477  3.61503
          0.01198  4.82642  5.54877  0.61958  0.77255  0.48576  0.95510
     79   3.14431  3.40312  5.12397  4.53571  2.62690  4.40194  4.77955  1.40630  4.35197  1.57635  3.48689  4.55921  4.72674  4.48539  4.38051  3.73167  3.23134  1.66278  5.22945  4.06227    220 i - - -
          2.68618  4.42225  2.77519  2.73123  3.46354  2.40513  3.72494  3.29354  2.67741  2.69355  4.24690  2.90347  2.73739  3.18146  2.89801  2.37887  2.77519  2.98518  4.58477  3.61503
          0.01198  4.82642  5.54877  0.61958  0.77255  0.48576  0.95510
     80   2.45295  3.21640  4.27337  3.68671  2.26330  3.92249  2.56913  2.75095  3.56874  2.30252  2.98528  3.89898  4.29221  3.45977  3.75294  3.00965  2.06485  2.44784  4.91281  3.40885    221 t - - -
          2.68618  4.42225  2.77519  2.73123  3.46354  2.40513  3.72494  3.29354  2.67741  2.69355  4.24690  2.90347  2.73739  3.18146  2.89801  2.37887  2.77519  2.98518  4.58477  3.61503
          0.01198  4.82642  5.54877  0.61958  0.77255  0.48576  0.95510
     81   4.42081  5.91357  5.11337  5.12234  5.91523  4.55493  6.02161  5.83287  5.28130  5.28057  6.42047  5.31414  0.10052  5.62374  5.33338  4.63405  4.93212  5.34571  6.73258  6.07174    222 P - - -
          2.68618  4.42225  2.77519  2.73123  3.46354  2.40513  3.72494  3.29354  2.67741  2.69355  4.24690  2.90347  2.73739  3.18146  2.89801  2.37887  2.77519  2.98518  4.58477  3.61503
          0.01198  4.82642  5.54877  0.61958  0.77255  0.48576  0.95510
     82   2.81405  3.79222  3.36105  2.80117  3.75429  3.69313  3.91742  3.40331  2.65882  2.60827  3.91006  2.21058  4.08223  3.12019  2.99800  2.35796  1.73649  3.12758  5.36248  4.07151    223 t - - -
          2.68618  4.42225  2.77519  2.73123  3.46354  2.40513  3.72494  3.29354  2.67741  2.69355  4.24690  2.90347  2.73739  3.18146  2.89801  2.37887  2.77519  2.98518  4.58477  3.61503
          0.01198  4.82642  5.54877  0.61958  0.77255  0.48576  0.95510
     83   1.70847  5.03165  3.02468  2.64003  3.29519  3.17545  3.53263  3.69594  2.63411  2.94516  3.71800  2.85131  3.40315  2.60764  2.94231  2.57007  3.04119  3.36671  5.53011  3.48729    224 a - - -
          2.68618  4.42225  2.77519  2.73123  3.46354  2.40513  3.72494  3.29354  2.67741  2.69355  4.24690  2.90347  2.73739  3.18146  2.89801  2.37887  2.77519  2.98518  4.58477  3.61503
          0.01198  4.82642  5.54877  0.61958  0.77255  0.48576  0.95510
     84   2.37804  4.65039  3.53261  2.96883  3.49202  2.87632  3.98778  2.99781  2.93825  2.24524  3.74707  2.85729  3.42800  2.90242  3.12551  2.48228  2.42413  2.79134  3.82386  3.33872    225 l - - -
          2.68618  4.42225  2.77519  2.73123  3.46354  2.40513  3.72494  3.29354  2.67741  2.69355  4.24690  2.90347  2.73739  3.18146  2.89801  2.37887  2.77519  2.98518  4.58477  3.61503
          0.01198  4.82642  5.54877  0.61958  0.77255  0.48576  0.95510
     85   1.01276  4.64946  4.09862  3.65780  4.59970  3.50376  4.64097  3.41031  3.62667  3.68164  4.51903  3.82360  3.93171  3.91639  3.95444  1.33858  2.88985  3.51134  5.96982  4.75890    226 a - - -
          2.68618  4.42225  2.77519  2.73123  3.46354  2.40513  3.72494  3.29354  2.67741  2.69355  4.24690  2.90347  2.73739  3.18146  2.89801  2.37887  2.77519  2.98518  4.58477  3.61503
          0.01198  4.82642  5.54877  0.61958  0.77255  0.48576  0.95510
     86   2.50906  4.37046  3.82901  3.22684  2.38958  3.88107  4.16611  2.09771  3.38839  2.36504  3.48210  3.76860  2.71132  3.35621  3.64178  2.44991  2.88328  2.26287  4.97359  3.44926    227 i - - -
          2.68618  4.42225  2.77519  2.73123  3.46354  2.40513  3.72494  3.29354  2.67741  2.69355  4.24690  2.90347  2.73739  3.18146  2.89801  2.37887  2.77519  2.98518  4.58477  3.61503
          0.01198  4.82642  5.54877  0.61958  0.77255  0.48576  0.95510
     87   2.06795  5.19608  2.94936  2.55884  4.49608  3.35611  3.80338  3.94869  2.15802  3.48438  4.25506  3.09698  4.00025  2.78622  3.04358  1.69888  2.60914  3.56357  5.66366  3.53622    228 s - - -
          2.68618  4.42225  2.77519  2.73123  3.46354  2.40513  3.72494  3.29354  2.67741  2.69355  4.24690  2.90347  2.73739  3.18146  2.89801  2.37887  2.77519  2.98518  4.58477  3.61503
          0.01198  4.82642  5.54877  0.61958  0.77255  0.48576  0.95510
     88   2.68814  4.67618  3.50476  2.94149  3.07433  3.74272  3.61388  2.86937  2.26812  2.75968  3.46703  1.75644  4.12588  3.23532  3.31213  2.97152  3.04795  2.81616  5.23503  2.81711    229 n - - -
          2.68618  4.42225  2.77519  2.73123  3.46354  2.40513  3.72494  3.29354  2.67741  2.69355  4.24690  2.90347  2.73739  3.18146  2.89801  2.37887  2.77519  2.98518  4.58477  3.61503
          0.01198  4.82642  5.54877  0.61958  0.77255  0.48576  0.95510
     89   2.60627  4.82792  3.70878  3.61299  5.15924  3.50126  4.87457  4.64150  3.88249  4.29600  5.10910  3.26822  0.54637  4.14531  4.19307  2.73056  3.37011  3.97606  6.46591  5.23762    230 P - - -
          2.68618  4.42225  2.77519  2.73123  3.46354  2.40513  3.72494  3.29354  2.67741  2.69355  4.24690  2.90347  2.73739  3.18146  2.89801  2.37887  2.77519  2.98518  4.58477  3.61503
          0.01198  4.82642  5.54877  0.61958  0.77255  0.48576  0.95510
     90   2.82971  3.41871  4.65443  4.04867  2.91382  3.58720  4.31126  1.94270  3.86379  1.87656  3.11445  4.09989  4.34915  3.32202  3.92147  3.28983  1.98385  2.03611  4.84819  3.66887    231 l - - -
          2.68618  4.42225  2.77519  2.73123  3.46354  2.40513  3.72494  3.29354  2.67741  2.69355  4.24690  2.90347  2.73739  3.18146  2.89801  2.37887  2.77519  2.98518  4.58477  3.61503
          0.01198  4.82642  5.54877  0.61958  0.77255  0.48576  0.95510
     91   2.69480  5.07271  3.00237  2.62685  4.33326  3.63114  2.80148  3.75993  2.62490  3.34461  3.45716  3.15226  4.02672  2.70973  3.09331  2.24787  1.55117  3.41897  5.56964  4.22175    232 t - - -
          2.68618  4.42225  2.77519  2.73123  3.46354  2.40513  3.72494  3.29354  2.67741  2.69355  4.24690  2.90347  2.73739  3.18146  2.89801  2.37887  2.77519  2.98518  4.58477  3.61503
          0.01198  4.82642  5.54877  0.61958  0.77255  0.48576  0.95510
     92   2.70365  2.72971  5.05096  4.46470  2.81576  4.33919  4.72297  1.83758  4.28349  2.16668  3.53499  4.49076  4.67795  4.43608  4.32412  3.66678  3.32417  1.13690  5.20366  4.02205    233 v - - -
          2.68618  4.42225  2.77519  2.73123  3.46354  2.40513  3.72494  3.29354  2.67741  2.69355  4.24690  2.90347  2.73739  3.18146  2.89801  2.37887  2.77519  2.98518  4.58477  3.61503
          0.01198  4.82642  5.54877  0.61958  0.77255  0.48576  0.95510
     93   2.49280  5.28902  1.87885  2.42570  4.61859  3.34630  3.49416  4.09439  2.52384  3.15121  4.33419  2.41114  3.98404  2.75588  3.01477  2.20893  2.76921  3.67139  5.73087  3.87479    234 d - - -
          2.68618  4.42225  2.77519  2.73123  3.46354  2.40513  3.72494  3.29354  2.67741  2.69355  4.24690  2.90347  2.73739  3.18146  2.89801  2.37887  2.77519  2.98518  4.58477  3.61503
          0.01198  4.82642  5.54877  0.61958  0.77255  0.48576  0.95510
     94   2.01742  3.77679  4.90538  4.30495  3.15287  4.19941  4.54594  1.92879  4.11695  1.31546  3.13063  4.33833  4.54326  4.25611  4.15466  3.51589  3.23280  2.03269  5.03355  3.86513    235 l - - -
          2.68618  4.42225  2.77519  2.73123  3.46354  2.40513  3.72494  3.29354  2.67741  2.69355  4.24690  2.90347  2.73739  3.18146  2.89801  2.37887  2.77519  2.98518  4.58477  3.61503
          0.01198  4.82642  5.54877  0.61958  0.77255  0.48576  0.95510
     95   1.80670  3.15838  4.67998  4.08974  3.46466  4.09837  4.45191  2.20400  3.92897  2.27965  3.45899  4.18888  4.46296  4.11211  3.59021  3.40816  3.16738  1.30984  5.01988  3.83506    236 v - - -
          2.68618  4.42225  2.77519  2.73123  3.46354  2.40513  3.72494  3.29354  2.67741  2.69355  4.24690  2.90347  2.73739  3.18146  2.89801  2.37887  2.77519  2.98518  4.58477  3.61503
          0.01198  4.82642  5.54877  0.61958  0.77255  0.48576  0.95510
     96   4.66056  5.76567  5.56222  5.41781  2.47271  5.09844  4.29121  4.27816  5.15221  3.44532  4.83136  4.99421  5.48745  5.10169  5.07561  4.72617  4.92273  4.27749  0.36710  2.66716    237 W - - -
          2.68618  4.42225  2.77519  2.73123  3.46354  2.40513  3.72494  3.29354  2.67741  2.69355  4.24690  2.90347  2.73739  3.18146  2.89801  2.37887  2.77519  2.98518  4.58477  3.61503
          0.01198  4.82642  5.54877  0.61958  0.77255  0.48576  0.95510
     97   2.82049  3.78274  4.28327  3.73338  3.61730  3.82813  3.76050  2.89454  3.61554  2.69668  3.61811  3.92155  4.30003  3.86320  3.82389  2.93994  1.66096  1.24902  5.11905  3.92339    238 v - - -
          2.68618  4.42225  2.77519  2.73123  3.46354  2.40513  3.72494  3.29354  2.67741  2.69355  4.24690  2.90347  2.73739  3.18146  2.89801  2.37887  2.77519  2.98518  4.58477  3.61503
          0.01198  4.82642  5.54877  0.61958  0.77255  0.48576  0.95510
     98   2.80958  4.55834  3.89888  3.36415  3.87895  3.72647  4.26453  2.46616  3.30898  2.93683  3.83931  3.68898  1.35873  3.60672  3.63848  2.44948  2.29727  2.57629  5.33196  4.10814    239 p - - -
          2.68618  4.42225  2.77519  2.73123  3.46354  2.40513  3.72494  3.29354  2.67741  2.69355  4.24690  2.90347  2.73739  3.18146  2.89801  2.37887  2.77519  2.98518  4.58477  3.61503
          0.01198  4.82642  5.54877  0.61958  0.77255  0.48576  0.95510
     99   1.42737  5.04573  2.40594  2.65161  3.83378  3.36863  3.86499  3.72743  2.66824  3.32433  4.13364  2.99641  4.04122  3.01297  3.13621  2.43969  3.06428  3.39477  5.55963  3.24369    240 a - - -
          2.68618  4.42225  2.77519  2.73123  3.46354  2.40513  3.72494  3.29354  2.67741  2.69355  4.24690  2.90347  2.73739  3.18146  2.89801  2.37887  2.77519  2.98518  4.58477  3.61503
          0.01198  4.82642  5.54877  0.61958  0.77255  0.48576  0.95510
    100   2.48392  5.31944  2.40775  2.61163  4.77119  3.59931  3.96186  4.24734  2.76852  3.76102  4.52904  1.42182  4.08489  3.08446  3.26938  2.00988  2.65049  3.80840  5.91928  4.51609    241 n - - -
          2.68618  4.42225  2.77519  2.73123  3.46354  2.40513  3.72494  3.29354  2.67741  2.69355  4.24690  2.90347  2.73739  3.18146  2.89801  2.37887  2.77519  2.98518  4.58477  3.61503
          0.01198  4.82642  5.54877  0.61958  0.77255  0.48576  0.95510
    101   2.81961  4.66418  3.27482  2.96134  3.82249  3.74910  3.61926  2.60166  2.93021  2.62634  3.76166  3.41230  4.13359  2.89735  3.32555  1.45924  3.05180  2.28256  5.22954  3.97095    242 s - - -
          2.68618  4.42225  2.77519  2.73123  3.46354  2.40513  3.72494  3.29354  2.67741  2.69355  4.24690  2.90347  2.73739  3.18146  2.89801  2.37887  2.77519  2.98518  4.58477  3.61503
          0.01198  4.82642  5.54877  0.61958  0.77255  0.48576  0.95510
    102   2.50487  4.83593  3.46124  2.92921  4.28939  3.29130  4.06820  3.69572  2.91970  3.33412  4.16231  3.37548  2.87302  3.02515  3.35186  2.07322  1.36572  2.89847  5.60335  4.30881    243 t - - -
          2.68618  4.42225  2.77519  2.73123  3.46354  2.40513  3.72494  3.29354  2.67741  2.69355  4.24690  2.90347  2.73739  3.18146  2.89801  2.37887  2.77519  2.98518  4.58477  3.61503
          0.01198  4.82642  5.54877  0.61958  0.77255  0.48576  0.95510
    103   1.33737  4.64585  3.68265  3.14535  3.98188  3.34038  4.15309  2.76353  3.11422  3.04801  3.92047  3.23785  2.06927  3.42806  3.49292  2.96903  2.89068  2.82425  5.38865  4.14160    244 a - - -
          2.68618  4.42225  2.77519  2.73123  3.46354  2.40513  3.72494  3.29354  2.67741  2.69355  4.24690  2.90347  2.73739  3.18146  2.89801  2.37887  2.77519  2.98518  4.58477  3.61503
          0.01198  4.82642  5.54877  0.61958  0.77255  0.48576  0.95510
    104   1.98173  4.89688  3.29879  2.62535  3.43244  3.66750  3.89502  3.51882  2.41555  3.15655  3.99150  3.24364  4.06278  3.07391  3.17617  1.99303  1.97814  3.03929  5.43568  4.12734    245 t - - -
          2.68618  4.42225  2.77519  2.73123  3.46354  2.40513  3.72494  3.29354  2.67741  2.69355  4.24690  2.90347  2.73739  3.18146  2.89801  2.37887  2.77519  2.98518  4.58477  3.61503
          0.01198  4.82642  5.54877  0.61958  0.77255  0.48576  0.95510
    105   2.38169  5.17715  2.95192  2.59403  4.53073  2.95676  3.84464  3.98441  2.61080  3.52262  4.29433  3.12519  1.81025  2.78239  2.96501  2.12644  2.64263  3.58922  5.70233  4.32610    246 p - - -
          2.68618  4.42225  2.77519  2.73123  3.46354  2.40513  3.72494  3.29354  2.67741  2.69355  4.24690  2.90347  2.73739  3.18146  2.89801  2.37887  2.77519  2.98518  4.58477  3.61503
          0.01198  4.82642  5.54877  0.61958  0.77255  0.48576  0.95510
    106   2.29701  5.14139  2.97552  2.58254  4.42840  2.85257  3.81283  3.75489  2.17093  3.42612  4.04934  3.11560  3.65417  2.93630  3.05871  2.06072  2.06356  3.09091  5.62336  4.25648    247 s - - -
          2.68618  4.42225  2.77519  2.73123  3.46354  2.40513  3.72494  3.29354  2.67741  2.69355  4.24690  2.90347  2.73739  3.18146  2.89801  2.37887  2.77519  2.98518  4.58477  3.61503
          0.01198  4.82642  5.54877  0.61958  0.77255  0.48576  0.95510
    107   2.74962  5.30873  2.38599  2.00881  4.64858  3.58371  3.77255  4.13099  2.19550  3.61170  4.35093  2.83928  3.97803  2.02743  3.00153  2.66087  2.37750  3.43239  4.53726  4.33633    248 e - - -
          2.68618  4.42225  2.77519  2.73123  3.46354  2.40513  3.72494  3.29354  2.67741  2.69355  4.24690  2.90347  2.73739  3.18146  2.89801  2.37887  2.77519  2.98518  4.58477  3.61503
          0.01198  4.82642  5.54877  0.61958  0.77255  0.48576  0.95510
    108   2.92378  4.57659  3.23469  2.29180  3.73525  3.94394  4.21852  1.25508  3.26780  2.58980  3.36685  3.70574  4.31701  3.56620  3.60852  3.20176  3.15781  2.25503  5.23601  4.00582    249 i - - -
          2.68621  4.42228  2.77512  2.73127  3.46357  2.40516  3.72498  3.29357  2.67739  2.69353  4.24596  2.90350  2.73743  3.18133  2.89804  2.37890  2.77523  2.98522  4.58480  3.61506
          0.06385  2.84796  5.54877  0.65907  0.72843  0.48576  0.95510
    109   3.54534  4.88131  5.26856  4.68920  3.50325  4.78266  5.12242  2.29290  4.53324  0.67869  3.01814  4.86451  5.01876  4.63104  4.61189  4.12101  2.32111  2.63071  5.47314  4.40178    252 L - - -
          2.68618  4.42225  2.77519  2.73123  3.46354  2.40513  3.72494  3.29354  2.67741  2.69355  4.24690  2.90347  2.73739  3.18146  2.89801  2.37887  2.77519  2.98518  4.58477  3.61503
          0.01198  4.82642  5.54877  0.61958  0.77255  0.48576  0.95510
    110   2.58696  5.31351  2.66651  2.33479  4.07546  3.34402  3.48917  4.14026  2.29985  3.61766  4.35493  2.23331  3.97616  2.36191  2.79569  1.98527  2.89458  3.70278  5.74764  4.33806    253 s - - -
          2.68618  4.42225  2.77519  2.73123  3.46354  2.40513  3.72494  3.29354  2.67741  2.69355  4.24690  2.90347  2.73739  3.18146  2.89801  2.37887  2.77519  2.98518  4.58477  3.61503
          0.01198  4.82642  5.54877  0.61958  0.77255  0.48576  0.95510
    111   2.82954  4.30523  4.29440  3.70824  3.29626  3.93151  3.42955  2.50096  3.58635  2.49901  3.42073  3.91372  4.30154  3.80692  3.76566  3.01675  1.93049  1.59465  4.90872  2.38143    254 v - - -
          2.68618  4.42225  2.77519  2.73123  3.46354  2.40513  3.72494  3.29354  2.67741  2.69355  4.24690  2.90347  2.73739  3.18146  2.89801  2.37887  2.77519  2.98518  4.58477  3.61503
          0.01198  4.82642  5.54877  0.61958  0.77255  0.48576  0.95510
    112   3.44702  4.81785  4.87905  4.38577  1.76084  4.46251  4.13728  3.24178  4.23254  2.45204  3.88812  4.36105  3.04175  4.32884  4.31822  3.77973  3.67541  2.84089  4.40731  0.98175    255 y - - -
          2.68618  4.42225  2.77519  2.73123  3.46354  2.40513  3.72494  3.29354  2.67741  2.69355  4.24690  2.90347  2.73739  3.18146  2.89801  2.37887  2.77519  2.98518  4.58477  3.61503
          0.01198  4.82642  5.54877  0.61958  0.77255  0.48576  0.95510
    113   2.97432  4.89507  4.15218  4.15501  5.41956  0.33644  5.31001  5.03673  4.48333  4.69661  5.51496  4.16799  4.43706  4.67497  4.68156  2.79963  3.53965  4.23041  6.67955  5.56335    256 G - - -
          2.68618  4.42225  2.77519  2.73123  3.46354  2.40513  3.72494  3.29354  2.67741  2.69355  4.24690  2.90347  2.73739  3.18146  2.89801  2.37887  2.77519  2.98518  4.58477  3.61503
          0.01198  4.82642  5.54877  0.61958  0.77255  0.48576  0.95510
    114   2.60346  4.81660  3.64276  3.30501  4.74461  0.79365  3.24996  4.18398  3.38447  3.81965  4.63513  3.62895  4.20232  3.69781  3.76777  2.36717  2.93720  3.58653  6.04720  4.78329    257 g - - -
          2.68618  4.42225  2.77519  2.73123  3.46354  2.40513  3.72494  3.29354  2.67741  2.69355  4.24690  2.90347  2.73739  3.18146  2.89801  2.37887  2.77519  2.98518  4.58477  3.61503
          0.01198  4.82642  5.54877  0.61958  0.77255  0.48576  0.95510
    115   2.53673  5.18728  3.12034  2.56353  4.48413  3.60763  3.80117  3.93450  2.55553  3.47248  3.51981  2.80849  4.00036  1.92651  2.28716  2.20515  2.45574  3.31632  5.65349  4.27767    258 q - - -
          2.68618  4.42225  2.77519  2.73123  3.46354  2.40513  3.72494  3.29354  2.67741  2.69355  4.24690  2.90347  2.73739  3.18146  2.89801  2.37887  2.77519  2.98518  4.58477  3.61503
          0.01198  4.82642  5.54877  0.61958  0.77255  0.48576  0.95510
    116   2.68906  4.92185  3.27278  2.60182  3.73665  3.66462  3.87480  3.29970  2.70163  2.85194  3.17338  3.22102  3.68016  2.64436  1.87990  2.06235  2.89079  3.05740  5.44186  4.12755    259 r - - -
          2.68618  4.42225  2.77519  2.73123  3.46354  2.40513  3.72494  3.29354  2.67741  2.69355  4.24690  2.90347  2.73739  3.18146  2.89801  2.37887  2.77519  2.98518  4.58477  3.61503
          0.01198  4.82642  5.54877  0.61958  0.77255  0.48576  0.95510
    117   2.98295  3.77050  4.90489  4.30134  1.39489  4.16644  4.47496  1.92732  4.10190  1.96676  3.35825  4.31008  4.51131  4.22590  4.12244  3.48178  3.21442  2.15156  4.93550  3.12000    260 f - - -
          2.68618  4.42225  2.77519  2.73123  3.46354  2.40513  3.72494  3.29354  2.67741  2.69355  4.24690  2.90347  2.73739  3.18146  2.89801  2.37887  2.77519  2.98518  4.58477  3.61503
          0.01198  4.82642  5.54877  0.61958  0.77255  0.48576  0.95510
    118   2.64481  2.42008  4.38270  3.83968  3.67349  3.80297  4.42860  2.91188  3.72679  2.58746  3.66947  3.97861  4.31126  3.95441  3.91953  2.67297  1.31181  2.01238  5.18045  3.99099    261 t - - -
          2.68618  4.42225  2.77519  2.73123  3.46354  2.40513  3.72494  3.29354  2.67741  2.69355  4.24690  2.90347  2.73739  3.18146  2.89801  2.37887  2.77519  2.98518  4.58477  3.61503
          0.01198  4.82642  5.54877  0.61958  0.77255  0.48576  0.95510
    119   2.87059  3.73947  4.82415  4.21193  2.19441  4.04595  4.37891  1.81941  4.00173  1.72417  3.33275  4.20411  4.40448  4.13233  4.01422  3.23191  3.10275  1.78129  3.82678  3.68996    262 l - - -
          2.68618  4.42225  2.77519  2.73123  3.46354  2.40513  3.72494  3.29354  2.67741  2.69355  4.24690  2.90347  2.73739  3.18146  2.89801  2.37887  2.77519  2.98518  4.58477  3.61503
          0.01198  4.82642  5.54877  0.61958  0.77255  0.48576  0.95510
    120   2.20215  4.80445  4.34477  4.31330  5.41561  0.40069  5.35544  4.89257  4.54745  4.60427  5.41800  4.20449  4.39274  4.72523  4.71385  3.09032  3.45878  4.11188  6.69308  5.62642    263 G - - -
          2.68618  4.42225  2.77519  2.73123  3.46354  2.40513  3.72494  3.29354  2.67741  2.69355  4.24690  2.90347  2.73739  3.18146  2.89801  2.37887  2.77519  2.98518  4.58477  3.61503
          0.01198  4.82642  5.54877  0.61958  0.77255  0.48576  0.95510
    121   2.69707  4.99093  3.34303  2.94083  5.21944  0.54255  4.73751  4.68448  3.77373  4.31743  5.14406  3.64925  4.30937  3.97982  4.16784  2.78993  3.45352  4.05958  6.50334  5.22164    264 G - - -
          2.68618  4.42225  2.77519  2.73123  3.46354  2.40513  3.72494  3.29354  2.67741  2.69355  4.24690  2.90347  2.73739  3.18146  2.89801  2.37887  2.77519  2.98518  4.58477  3.61503
          0.09632  4.82642  2.47923  0.61958  0.77255  0.48576  0.95510
    122   1.82513  4.88392  3.29904  2.77301  4.35928  3.02000  3.95504  3.78975  2.77356  3.39502  4.19478  3.24814  1.86776  2.91319  3.22389  2.18643  2.69474  3.41714  5.58785  4.29777    265 a - - -
          2.68618  4.42225  2.77519  2.73123  3.46354  2.40513  3.72494  3.29354  2.67741  2.69355  4.24690  2.90347  2.73739  3.18146  2.89801  2.37887  2.77519  2.98518  4.58477  3.61503
          0.01303  4.74313  5.46548  0.61958  0.77255  0.39081  1.12858
    123   2.83462  4.36903  4.92993  4.34766  3.20601  4.10957  4.60250  1.34795  4.16705  1.97677  3.18319  4.38225  4.58276  4.31648  4.21123  3.57084  3.26281  1.41463  5.08475  3.92631    266 i - - -
          2.68618  4.42225  2.77519  2.73123  3.46354  2.40513  3.72494  3.29354  2.67741  2.69355  4.24690  2.90347  2.73739  3.18146  2.89801  2.37887  2.77519  2.98518  4.58477  3.61503
          0.01198  4.82642  5.54877  0.61958  0.77255  0.48576  0.95510
    124   2.57739  4.17565  3.27743  2.71994  4.11381  3.39492  3.55207  3.51877  2.70827  2.58076  3.41756  2.35574  4.04800  2.64675  3.15690  2.43139  1.91455  3.22378  5.40328  4.11294    267 t - - -
          2.68618  4.42225  2.77519  2.73123  3.46354  2.40513  3.72494  3.29354  2.67741  2.69355  4.24690  2.90347  2.73739  3.18146  2.89801  2.37887  2.77519  2.98518  4.58477  3.61503
          0.03241  4.82642  3.73508  0.61958  0.77255  0.48576  0.95510
    125   2.14742  4.52818  3.66234  3.09787  3.16402  3.66051  4.02731  3.03991  3.05415  2.24365  2.68038  3.25878  4.15390  2.96152  3.41152  1.97465  2.50395  2.81389  5.09884  3.87881    268 s - - -
          2.68618  4.42225  2.77519  2.73123  3.46354  2.40513  3.72494  3.29354  2.67741  2.69355  4.24690  2.90347  2.73739  3.18146  2.89801  2.37887  2.77519  2.98518  4.58477  3.61503
          0.01222  4.80624  5.52859  0.61958  0.77255  0.45788  1.00137
    126   2.60888  4.74087  3.41156  2.85217  3.92865  3.42198  3.93345  3.11316  2.83107  2.39836  3.52279  2.47237  3.69639  3.16168  3.25117  1.95041  2.11676  2.89423  5.28128  4.02238    269 s - - -
          2.68618  4.42225  2.77519  2.73123  3.46354  2.40513  3.72494  3.29354  2.67741  2.69355  4.24690  2.90347  2.73739  3.18146  2.89801  2.37887  2.77519  2.98518  4.58477  3.61503
          0.01198  4.82642  5.54877  0.61958  0.77255  0.48576  0.95510
    127   2.42482  5.26380  3.06701  2.42472  4.60795  3.34400  3.48849  3.95006  2.01279  3.58331  4.32330  2.82172  3.97480  2.26926  3.00123  1.83293  2.68923  3.66724  5.69078  4.31694    270 s - - -
          2.68618  4.42225  2.77519  2.73123  3.46354  2.40513  3.72494  3.29354  2.67741  2.69355  4.24690  2.90347  2.73739  3.18146  2.89801  2.37887  2.77519  2.98518  4.58477  3.61503
          0.01198  4.82642  5.54877  0.61958  0.77255  0.48576  0.95510
    128   2.68687  4.88721  3.28156  2.61099  4.10726  3.66368  3.87494  2.92838  2.71238  2.97945  3.97768  2.71969  2.14416  2.76683  3.16001  2.62992  2.15381  2.75399  5.39918  4.11007    271 p - - -
          2.68618  4.42225  2.77519  2.73123  3.46354  2.40513  3.72494  3.29354  2.67741  2.69355  4.24690  2.90347  2.73739  3.18146  2.89801  2.37887  2.77519  2.98518  4.58477  3.61503
          0.01198  4.82642  5.54877  0.61958  0.77255  0.48576  0.95510
    129   2.34521  4.32658  4.21773  3.64505  3.46132  3.52515  4.23187  1.41848  3.53639  2.24743  3.46587  3.87335  4.28222  3.77022  3.74128  2.82359  2.12292  2.57672  4.94925  3.76899    272 i - - -
          2.68618  4.42225  2.77519  2.73123  3.46354  2.40513  3.72494  3.29354  2.67741  2.69355  4.24690  2.90347  2.73739  3.18146  2.89801  2.37887  2.77519  2.98518  4.58477  3.61503
          0.01198  4.82642  5.54877  0.61958  0.77255  0.48576  0.95510
    130   2.48522  5.08976  2.72113  2.40755  4.36864  3.61463  3.28608  2.58145  2.49336  3.22336  4.16424  2.96315  4.00353  2.94398  2.78132  2.17688  2.45175  2.82024  5.55877  4.10192    273 s - - -
          2.68618  4.42225  2.77519  2.73123  3.46354  2.40513  3.72494  3.29354  2.67741  2.69355  4.24690  2.90347  2.73739  3.18146  2.89801  2.37887  2.77519  2.98518  4.58477  3.61503
          0.01198  4.82642  5.54877  0.61958  0.77255  0.48576  0.95510
    131   3.25641  4.55717  5.18550  4.62162  2.98929  4.52848  4.90407  1.59843  4.45559  1.56179  3.49654  4.67216  4.82522  4.58233  4.49532  3.87331  3.49076  1.19442  5.31426  4.18089    274 v - - -
          2.68618  4.42225  2.77519  2.73123  3.46354  2.40513  3.72494  3.29354  2.67741  2.69355  4.24690  2.90347  2.73739  3.18146  2.89801  2.37887  2.77519  2.98518  4.58477  3.61503
          0.01198  4.82642  5.54877  0.61958  0.77255  0.48576  0.95510
    132   2.56984  4.84989  3.44775  2.96985  4.20885  3.68486  3.93086  3.60914  2.75922  3.02587  4.11187  3.41471  1.05125  3.28729  3.26573  2.77216  3.16398  3.30494  5.50566  4.25905    275 p - - -
          2.68618  4.42225  2.77519  2.73123  3.46354  2.40513  3.72494  3.29354  2.67741  2.69355  4.24690  2.90347  2.73739  3.18146  2.89801  2.37887  2.77519  2.98518  4.58477  3.61503
          0.01198  4.82642  5.54877  0.61958  0.77255  0.48576  0.95510
    133   1.70234  1.88423  4.51474  3.96806  3.55689  3.89283  4.43340  2.79802  3.81264  1.54029  3.55663  4.06695  4.35624  4.02721  3.95282  3.24078  3.14718  2.60517  5.07550  3.90934    276 l - - -
          2.68618  4.42225  2.77519  2.73123  3.46354  2.40513  3.72494  3.29354  2.67741  2.69355  4.24690  2.90347  2.73739  3.18146  2.89801  2.37887  2.77519  2.98518  4.58477  3.61503
          0.01198  4.82642  5.54877  0.61958  0.77255  0.48576  0.95510
    134   3.00041  5.47794  1.76461  2.41200  4.82111  3.62085  3.91797  4.31866  2.73097  3.80875  4.56594  2.08920  1.75332  3.04012  3.01902  2.94406  3.24416  3.89264  5.89765  4.51298    277 p - - -
          2.68618  4.42225  2.77519  2.73123  3.46354  2.40513  3.72494  3.29354  2.67741  2.69355  4.24690  2.90347  2.73739  3.18146  2.89801  2.37887  2.77519  2.98518  4.58477  3.61503
          0.01198  4.82642  5.54877  0.61958  0.77255  0.48576  0.95510
    135   2.79703  4.25156  4.57439  3.98044  2.97725  3.58519  4.30509  2.54592  3.81262  1.08922  2.51145  4.07181  4.34658  3.69847  3.89875  3.21421  3.07975  2.38998  4.85778  3.69250    278 l - - -
          2.68618  4.42225  2.77519  2.73123  3.46354  2.40513  3.72494  3.29354  2.67741  2.69355  4.24690  2.90347  2.73739  3.18146  2.89801  2.37887  2.77519  2.98518  4.58477  3.61503
          0.01198  4.82642  5.54877  0.61958  0.77255  0.48576  0.95510
    136   2.73556  5.27585  2.56451  2.41880  4.62454  2.98829  3.66554  4.10996  2.51065  3.35565  4.33409  2.12238  3.97218  2.74645  2.56085  2.23068  2.26884  3.68184  5.70015  4.32269    279 n - - -
          2.68618  4.42225  2.77519  2.73123  3.46354  2.40513  3.72494  3.29354  2.67741  2.69355  4.24690  2.90347  2.73739  3.18146  2.89801  2.37887  2.77519  2.98518  4.58477  3.61503
          0.01198  4.82642  5.54877  0.61958  0.77255  0.48576  0.95510
    137   2.80962  5.15394  3.12071  2.56475  3.95111  3.60469  3.50435  3.90773  2.46425  3.45297  3.51080  2.58366  3.99416  2.56542  2.21687  1.71527  3.04001  3.53254  5.60736  3.52861    280 s - - -
          2.68618  4.42225  2.77519  2.73123  3.46354  2.40513  3.72494  3.29354  2.67741  2.69355  4.24690  2.90347  2.73739  3.18146  2.89801  2.37887  2.77519  2.98518  4.58477  3.61503
          0.01198  4.82642  5.54877  0.61958  0.77255  0.48576  0.95510
    138   2.90589  3.74379  4.82326  4.22578  3.12208  4.08614  4.42460  2.06103  4.02726  1.79895  2.61968  4.23463  4.43785  4.16521  4.05227  3.40484  2.77107  1.35938  4.91175  3.75141    281 v - - -
          2.68618  4.42225  2.77519  2.73123  3.46354  2.40513  3.72494  3.29354  2.67741  2.69355  4.24690  2.90347  2.73739  3.18146  2.89801  2.37887  2.77519  2.98518  4.58477  3.61503
          0.01198  4.82642  5.54877  0.61958  0.77255  0.48576  0.95510
    139   3.10140  5.16605  3.16984  3.05566  4.84027  3.63752  4.43029  4.52877  3.31984  4.12174  4.95942  0.57133  4.31053  3.66454  3.69900  2.87005  3.50894  4.03831  6.06371  4.73933    282 N - - -
          2.68618  4.42225  2.77519  2.73123  3.46354  2.40513  3.72494  3.29354  2.67741  2.69355  4.24690  2.90347  2.73739  3.18146  2.89801  2.37887  2.77519  2.98518  4.58477  3.61503
          0.01198  4.82642  5.54877  0.61958  0.77255  0.48576  0.95510
    140   2.56006  3.07204  3.82042  3.25422  3.61470  3.81138  4.09786  2.97130  3.19094  2.46708  3.31873  3.61827  1.47995  3.48091  3.19947  2.75521  3.05322  2.62532  5.05978  3.85445    283 p - - -
          2.68618  4.42225  2.77519  2.73123  3.46354  2.40513  3.72494  3.29354  2.67741  2.69355  4.24690  2.90347  2.73739  3.18146  2.89801  2.37887  2.77519  2.98518  4.58477  3.61503
          0.01198  4.82642  5.54877  0.61958  0.77255  0.48576  0.95510
    141   2.82440  3.74406  4.57411  3.97849  3.27818  3.96540  3.78086  1.89012  3.80657  2.40314  2.15050  4.05790  4.32750  3.97476  3.25450  3.27161  2.48644  1.68261  4.83607  3.66812    284 v - - -
          2.68618  4.42225  2.77519  2.73123  3.46354  2.40513  3.72494  3.29354  2.67741  2.69355  4.24690  2.90347  2.73739  3.18146  2.89801  2.37887  2.77519  2.98518  4.58477  3.61503
          0.01198  4.82642  5.54877  0.61958  0.77255  0.48576  0.95510
    142   3.48809  4.75023  5.38686  4.85045  3.71019  4.82727  5.23885  0.98057  4.70612  1.31777  3.53724  4.95706  5.07221  4.83091  4.76965  4.19796  3.72400  1.92661  5.57882  4.48366    285 i - - -
          2.68618  4.42225  2.77519  2.73123  3.46354  2.40513  3.72494  3.29354  2.67741  2.69355  4.24690  2.90347  2.73739  3.18146  2.89801  2.37887  2.77519  2.98518  4.58477  3.61503
          0.01198  4.82642  5.54877  0.61958  0.77255  0.48576  0.95510
    143   3.67945  5.68747  4.18572  3.41160  5.26272  4.22428  4.06209  4.59950  0.51189  3.97513  4.84649  3.75412  4.56363  3.19977  2.27314  3.66086  3.80889  4.29052  5.87209  4.81719    286 K - - -
          2.68618  4.42225  2.77519  2.73123  3.46354  2.40513  3.72494  3.29354  2.67741  2.69355  4.24690  2.90347  2.73739  3.18146  2.89801  2.37887  2.77519  2.98518  4.58477  3.61503
          0.01198  4.82642  5.54877  0.61958  0.77255  0.48576  0.95510
    144   2.76804  5.27065  1.14674  2.66007  4.79876  3.01372  4.03367  4.28176  2.87936  3.81464  4.58460  3.18937  4.11329  3.17357  3.38079  1.89927  3.00390  3.84097  5.92172  4.57477    287 d - - -
          2.68618  4.42225  2.77519  2.73123  3.46354  2.40513  3.72494  3.29354  2.67741  2.69355  4.24690  2.90347  2.73739  3.18146  2.89801  2.37887  2.77519  2.98518  4.58477  3.61503
          0.01198  4.82642  5.54877  0.61958  0.77255  0.48576  0.95510
    145   2.53471  4.98845  3.27750  2.78663  4.48809  3.58797  3.99836  3.92814  2.80365  3.51679  4.30841  3.04015  2.71302  2.94453  3.25553  1.10046  2.97616  3.53906  5.68807  4.38978    288 s - - -
          2.68618  4.42225  2.77519  2.73123  3.46354  2.40513  3.72494  3.29354  2.67741  2.69355  4.24690  2.90347  2.73739  3.18146  2.89801  2.37887  2.77519  2.98518  4.58477  3.61503
          0.01198  4.82642  5.54877  0.61958  0.77255  0.48576  0.95510
    146   2.47895  4.28901  4.62678  4.03994  3.16220  3.88473  4.38648  2.23891  3.87949  2.24342  3.42008  4.13683  4.41087  4.05697  3.97368  3.36280  2.50324  1.13025  4.94374  3.77517    289 v - - -
          2.68618  4.42225  2.77519  2.73123  3.46354  2.40513  3.72494  3.29354  2.67741  2.69355  4.24690  2.90347  2.73739  3.18146  2.89801  2.37887  2.77519  2.98518  4.58477  3.61503
          0.01198  4.82642  5.54877  0.61958  0.77255  0.48576  0.95510
    147   2.43507  4.72152  3.43019  2.73693  3.90265  3.42760  3.94026  2.92647  2.71684  1.99080  3.65253  3.34084  3.41718  2.99916  3.26287  2.26779  2.11634  3.02833  5.26293  4.00782    290 l - - -
          2.68618  4.42225  2.77519  2.73123  3.46354  2.40513  3.72494  3.29354  2.67741  2.69355  4.24690  2.90347  2.73739  3.18146  2.89801  2.37887  2.77519  2.98518  4.58477  3.61503
          0.01198  4.82642  5.54877  0.61958  0.77255  0.48576  0.95510
    148   4.09781  5.30044  5.17970  4.87066  1.56801  4.86954  4.00552  3.90460  4.70304  3.32184  4.48727  4.59346  3.84617  4.65962  4.71008  4.24301  4.31778  3.77722  4.14549  0.62021    291 Y - - -
          2.68618  4.42225  2.77519  2.73123  3.46354  2.40513  3.72494  3.29354  2.67741  2.69355  4.24690  2.90347  2.73739  3.18146  2.89801  2.37887  2.77519  2.98518  4.58477  3.61503
          0.01198  4.82642  5.54877  0.61958  0.77255  0.48576  0.95510
    149   2.81815  4.87004  3.31089  2.75339  4.09038  3.67504  3.88963  3.49041  2.58801  2.47986  3.96709  2.75877  4.06256  3.07653  2.92630  2.34806  1.53271  3.02171  5.38856  4.10680    292 t - - -
          2.68618  4.42225  2.77519  2.73123  3.46354  2.40513  3.72494  3.29354  2.67741  2.69355  4.24690  2.90347  2.73739  3.18146  2.89801  2.37887  2.77519  2.98518  4.58477  3.61503
          0.01198  4.82642  5.54877  0.61958  0.77255  0.48576  0.95510
    150   3.51089  6.01069  0.54496  2.58630  5.35932  3.69243  4.31842  4.99535  3.43444  4.48902  5.34209  2.52316  4.35484  3.51246  4.06901  3.37941  3.82874  4.54368  6.46179  5.02350    293 D - - -
          2.68618  4.42225  2.77519  2.73123  3.46354  2.40513  3.72494  3.29354  2.67741  2.69355  4.24690  2.90347  2.73739  3.18146  2.89801  2.37887  2.77519  2.98518  4.58477  3.61503
          0.01198  4.82642  5.54877  0.61958  0.77255  0.48576  0.95510
    151   2.80799  2.77732  3.50358  2.95104  3.95346  3.38942  3.32566  3.33771  2.91335  3.01645  3.87570  3.39762  4.11434  3.24798  3.09679  2.24768  1.43264  3.06896  5.31159  4.06637    294 t - - -
          2.68618  4.42225  2.77519  2.73123  3.46354  2.40513  3.72494  3.29354  2.67741  2.69355  4.24690  2.90347  2.73739  3.18146  2.89801  2.37887  2.77519  2.98518  4.58477  3.61503
          0.01198  4.82642  5.54877  0.61958  0.77255  0.48576  0.95510
    152   2.96750  4.79895  3.99052  3.67420  4.24676  3.70777  4.58918  3.21993  3.49576  3.38786  4.40240  3.89428  0.61275  3.93887  3.74906  3.16151  3.38796  3.37601  5.68966  4.40436    295 P - - -
          2.68618  4.42225  2.77519  2.73123  3.46354  2.40513  3.72494  3.29354  2.67741  2.69355  4.24690  2.90347  2.73739  3.18146  2.89801  2.37887  2.77519  2.98518  4.58477  3.61503
          0.01198  4.82642  5.54877  0.61958  0.77255  0.48576  0.95510
    153   3.76760  5.76269  4.41503  3.48524  5.40584  4.30102  4.04617  4.68260  1.00594  4.01475  4.88489  3.80187  4.60122  3.17619  1.04149  3.73529  3.86148  4.37995  5.88445  4.87210    296 k - - -
          2.68618  4.42225  2.77519  2.73123  3.46354  2.40513  3.72494  3.29354  2.67741  2.69355  4.24690  2.90347  2.73739  3.18146  2.89801  2.37887  2.77519  2.98518  4.58477  3.61503
          0.01198  4.82642  5.54877  0.61958  0.77255  0.48576  0.95510
    154   3.16425  4.51186  4.97634  4.39727  2.47820  4.32222  4.53096  2.72128  4.20998  0.83039  3.33366  4.42777  4.63421  4.30796  4.23723  3.64664  3.39018  2.27637  3.51888  3.65659    297 l - - -
          2.68630  4.42236  2.77532  2.73135  3.46366  2.40525  3.72478  3.29361  2.67753  2.69349  4.24701  2.90308  2.73752  3.18158  2.89813  2.37869  2.77469  2.98517  4.58488  3.61515
          0.46446  1.00066  5.54877  0.09067  2.44553  0.48576  0.95510
    155   2.68606  3.72883  4.71354  4.11079  3.08125  3.58759  4.31466  2.14289  3.91210  1.23127  3.09971  4.12680  4.34730  4.05415  3.94335  3.30024  3.06119  2.20334  4.81932  2.93357    299 l - - -
          2.68618  4.42225  2.77519  2.73123  3.46354  2.40513  3.72494  3.29354  2.67741  2.69355  4.24690  2.90347  2.73739  3.18146  2.89801  2.37887  2.77519  2.98518  4.58477  3.61503
          0.01198  4.82642  5.54877  0.61958  0.77255  0.48576  0.95510
    156   1.79876  4.56048  3.63281  3.06897  3.71080  3.46501  3.14820  2.53342  3.02892  2.54659  3.66966  3.24743  4.15261  3.33611  3.17389  2.40174  2.62304  2.39391  5.12715  3.55715    300 a - - -
          2.68618  4.42225  2.77519  2.73123  3.46354  2.40513  3.72494  3.29354  2.67741  2.69355  4.24690  2.90347  2.73739  3.18146  2.89801  2.37887  2.77519  2.98518  4.58477  3.61503
          0.01198  4.82642  5.54877  0.61958  0.77255  0.48576  0.95510
    157   2.68152  3.81138  4.16830  3.31324  2.30505  3.89824  3.13000  2.74601  3.48668  2.32596  3.43818  3.49501  4.26607  3.41195  3.70026  2.98910  2.87998  2.14299  4.91667  1.99492    301 y - - -
          2.68618  4.42225  2.77519  2.73123  3.46354  2.40513  3.72494  3.29354  2.67741  2.69355  4.24690  2.90347  2.73739  3.18146  2.89801  2.37887  2.77519  2.98518  4.58477  3.61503
          0.01198  4.82642  5.54877  0.61958  0.77255  0.48576  0.95510
    158   2.80619  4.74817  3.39281  2.83318  3.93525  3.69824  3.40136  3.32278  2.81086  2.99238  3.28225  3.31107  3.40874  2.97197  3.04616  1.53340  2.62739  3.05920  3.85045  2.95002    302 s - - -
          2.68618  4.42225  2.77519  2.73123  3.46354  2.40513  3.72494  3.29354  2.67741  2.69355  4.24690  2.90347  2.73739  3.18146  2.89801  2.37887  2.77519  2.98518  4.58477  3.61503
          0.01216  4.81133  5.53367  0.61958  0.77255  0.48576  0.95510
    159   2.13166  5.15644  2.94901  2.45764  4.46075  3.15336  3.78677  3.59248  2.31867  3.06323  4.22476  3.08741  2.34059  2.66071  2.85092  2.65207  2.64372  3.11595  5.60863  4.25772    303 a - - -
          2.68612  4.42229  2.77524  2.73127  3.46358  2.40517  3.72498  3.29358  2.67725  2.69359  4.24694  2.90351  2.73733  3.18150  2.89780  2.37891  2.77524  2.98522  4.58481  3.61507
          0.07573  2.67386  5.53367  0.66237  0.72490  0.48576  0.95510
    160   1.75677  4.14254  3.30788  2.75037  4.05776  3.39456  3.88501  3.45667  2.51520  2.99084  3.93993  2.33390  4.05400  2.91628  3.17686  2.63192  2.88195  2.32315  5.36570  4.08480    306 a - - -
          2.68618  4.42225  2.77519  2.73123  3.46354  2.40513  3.72494  3.29354  2.67741  2.69355  4.24690  2.90347  2.73739  3.18146  2.89801  2.37887  2.77519  2.98518  4.58477  3.61503
          0.01216  4.81133  5.53367  0.61958  0.77255  0.48576  0.95510
    161   2.47340  5.10927  2.77892  2.59580  4.42842  2.69100  3.82975  3.87458  2.61004  3.21184  4.21650  3.12453  1.64124  2.81517  3.08635  2.64442  2.81061  3.50685  5.60361  4.26654    307 p - - -
          2.68618  4.42225  2.77519  2.73123  3.46354  2.40513  3.72494  3.29354  2.67741  2.69355  4.24690  2.90347  2.73739  3.18146  2.89801  2.37887  2.77519  2.98518  4.58477  3.61503
          0.01216  4.81133  5.53367  0.61958  0.77255  0.48576  0.95510
    162   2.34961  5.23810  2.28137  2.39708  4.57390  2.61276  3.77009  4.05012  2.26994  2.96957  4.30000  3.05821  3.63380  2.87722  3.00649  2.15934  2.57769  3.63685  5.67121  4.30138    308 s - - -
          2.68618  4.42225  2.77519  2.73123  3.46354  2.40513  3.72494  3.29354  2.67741  2.69355  4.24690  2.90347  2.73739  3.18146  2.89801  2.37887  2.77519  2.98518  4.58477  3.61503
          0.01216  4.81133  5.53367  0.61958  0.77255  0.48576  0.95510
    163   2.26721  4.92688  2.92099  2.42814  4.56097  3.14753  3.77008  4.03495  2.27112  3.54299  4.29061  2.86575  3.38295  2.75213  3.00641  1.96302  2.19624  3.62521  5.66334  3.85443    309 s - - -
          2.68618  4.42225  2.77519  2.73123  3.46354  2.40513  3.72494  3.29354  2.67741  2.69355  4.24690  2.90347  2.73739  3.18146  2.89801  2.37887  2.77519  2.98518  4.58477  3.61503
          0.01216  4.81133  5.53367  0.61958  0.77255  0.48576  0.95510
    164   2.14852  5.16508  2.94472  2.45494  4.47297  3.59326  3.27173  3.93027  2.29130  3.46827  4.23369  3.08531  2.11710  2.90501  3.02958  2.47358  2.54208  3.07990  5.61608  4.26357    310 p - - -
          2.68618  4.42225  2.77519  2.73123  3.46354  2.40513  3.72494  3.29354  2.67741  2.69355  4.24690  2.90347  2.73739  3.18146  2.89801  2.37887  2.77519  2.98518  4.58477  3.61503
          0.01216  4.81133  5.53367  0.61958  0.77255  0.48576  0.95510
    165   2.38277  5.22258  2.79130  2.52072  4.55250  3.14775  3.77197  4.02474  2.27321  2.82347  4.28540  2.91292  2.90488  2.64216  3.00902  1.96289  2.57717  3.61783  5.65904  4.29264    311 s - - -
          2.68618  4.42225  2.77519  2.73123  3.46354  2.40513  3.72494  3.29354  2.67741  2.69355  4.24690  2.90347  2.73739  3.18146  2.89801  2.37887  2.77519  2.98518  4.58477  3.61503
          0.01216  4.81133  5.53367  0.61958  0.77255  0.48576  0.95510
    166   2.48331  5.21083  3.08183  2.27678  4.53689  3.34319  3.77594  4.00559  1.81111  3.24362  4.27571  2.78599  3.97657  2.88707  3.01187  2.30271  2.08620  3.43336  5.65071  4.28785    312 k - - -
          2.68618  4.42225  2.77519  2.73123  3.46354  2.40513  3.72494  3.29354  2.67741  2.69355  4.24690  2.90347  2.73739  3.18146  2.89801  2.37887  2.77519  2.98518  4.58477  3.61503
          0.16732  4.81133  1.92462  0.61958  0.77255  0.48576  0.95510
    167   2.61449  4.40446  3.71730  3.15063  3.54252  2.93237  4.00956  2.48592  3.09527  2.30404  3.52007  3.25649  4.12184  3.21967  3.42242  2.45131  2.12681  2.06611  4.98582  3.77739    313 v - - -
          2.68587  4.42239  2.77535  2.73128  3.46369  2.40513  3.72509  3.29332  2.67746  2.69370  4.24704  2.90337  2.73731  3.18162  2.89803  2.37896  2.77502  2.98497  4.58490  3.61518
          0.17654  1.85006  5.38054  1.16303  0.37475  0.34105  1.24142
    168   2.55857  4.69956  3.49543  2.94835  3.90549  3.71566  4.00052  2.47927  2.76941  2.96368  3.83357  2.91223  1.54382  3.24954  3.32000  2.67094  3.06089  2.70939  5.29764  4.03383    319 p - - -
          2.68618  4.42225  2.77519  2.73123  3.46354  2.40513  3.72494  3.29354  2.67741  2.69355  4.24690  2.90347  2.73739  3.18146  2.89801  2.37887  2.77519  2.98518  4.58477  3.61503
          0.01216  4.81133  5.53367  0.61958  0.77255  0.48576  0.95510
    169   2.81355  4.23968  3.94594  3.37123  3.52090  3.85345  4.13029  2.60397  2.91208  2.07111  3.25709  3.69924  3.76062  3.56686  3.58054  2.09975  1.88478  2.44155  5.00184  3.22005    320 t - - -
          2.68618  4.42225  2.77519  2.73123  3.46354  2.40513  3.72494  3.29354  2.67741  2.69355  4.24690  2.90347  2.73739  3.18146  2.89801  2.37887  2.77519  2.98518  4.58477  3.61503
          0.01216  4.81133  5.53367  0.61958  0.77255  0.48576  0.95510
    170   1.53749  2.42064  4.33001  3.75091  3.19181  2.48054  4.28163  2.60097  3.63078  2.41886  3.45918  3.94031  4.31050  3.84972  3.80883  3.21431  3.07554  2.23312  4.96690  3.77548    321 a - - -
          2.68618  4.42225  2.77519  2.73123  3.46354  2.40513  3.72494  3.29354  2.67741  2.69355  4.24690  2.90347  2.73739  3.18146  2.89801  2.37887  2.77519  2.98518  4.58477  3.61503
          0.01216  4.81133  5.53367  0.61958  0.77255  0.48576  0.95510
    171   2.68685  5.02433  2.86574  2.64423  4.27267  3.63262  3.09777  3.41699  2.64358  3.29232  4.10212  3.16494  4.02823  2.99319  3.10874  1.81183  1.74631  3.36459  5.53073  3.77024    322 t - - -
          2.68618  4.42225  2.77519  2.73123  3.46354  2.40513  3.72494  3.29354  2.67741  2.69355  4.24690  2.90347  2.73739  3.18146  2.89801  2.37887  2.77519  2.98518  4.58477  3.61503
          0.01216  4.81133  5.53367  0.61958  0.77255  0.48576  0.95510
    172   2.87590  4.35304  4.88340  4.28964  3.18903  3.95906  4.55984  1.57468  4.10879  1.52888  3.45338  4.33326  4.54998  4.26462  4.16100  3.22199  3.22715  1.57450  5.06630  3.88692    323 l - - -
          2.68618  4.42225  2.77519  2.73123  3.46354  2.40513  3.72494  3.29354  2.67741  2.69355  4.24690  2.90347  2.73739  3.18146  2.89801  2.37887  2.77519  2.98518  4.58477  3.61503
          0.01216  4.81133  5.53367  0.61958  0.77255  0.48576  0.95510
    173   2.83403  4.26789  4.46367  3.86906  2.93701  3.96447  4.27908  2.02229  3.72169  2.06522  3.13549  4.00908  4.32978  2.37496  3.84675  3.26023  2.20261  1.92288  4.88551  3.38664    324 v - - -
          2.68618  4.42225  2.77519  2.73123  3.46354  2.40513  3.72494  3.29354  2.67741  2.69355  4.24690  2.90347  2.73739  3.18146  2.89801  2.37887  2.77519  2.98518  4.58477  3.61503
          0.01216  4.81133  5.53367  0.61958  0.77255  0.48576  0.95510
    174   3.73677  4.92631  5.81219  5.33809  4.08460  5.35544  6.04044  0.64139  5.27200  2.06673  3.81430  5.51082  5.53096  5.45922  5.40539  4.79274  3.99059  1.58334  6.25880  5.09837    325 I - - -
          2.68618  4.42225  2.77519  2.73123  3.46354  2.40513  3.72494  3.29354  2.67741  2.69355  4.24690  2.90347  2.73739  3.18146  2.89801  2.37887  2.77519  2.98518  4.58477  3.61503
          0.01216  4.81133  5.53367  0.61958  0.77255  0.48576  0.95510
    175   2.70824  5.05390  3.22992  2.66689  3.83451  3.65713  3.52455  3.72393  2.49848  3.31489  4.12528  3.18353  4.04610  2.99145  1.37665  2.32826  2.76817  3.39520  5.54270  3.77463    326 r - - -
          2.68618  4.42225  2.77519  2.73123  3.46354  2.40513  3.72494  3.29354  2.67741  2.69355  4.24690  2.90347  2.73739  3.18146  2.89801  2.37887  2.77519  2.98518  4.58477  3.61503
          0.01216  4.81133  5.53367  0.61958  0.77255  0.48576  0.95510
    176   4.17360  5.76466  5.00954  5.04356  6.00467  0.10513  6.00037  5.92205  5.32974  5.40006  6.44460  5.17783  5.16188  5.58369  5.37860  4.38281  4.71209  5.28006  6.77059  6.16523    327 G - - -
          2.68618  4.42225  2.77519  2.73123  3.46354  2.40513  3.72494  3.29354  2.67741  2.69355  4.24690  2.90347  2.73739  3.18146  2.89801  2.37887  2.77519  2.98518  4.58477  3.61503
          0.01216  4.81133  5.53367  0.61958  0.77255  0.48576  0.95510
    177   2.80730  4.86532  3.25434  2.63025  3.68525  3.67336  3.88733  2.95549  1.87889  3.10688  3.60189  3.24632  4.06071  2.91489  2.72171  2.75215  2.26674  2.21975  5.39456  4.09193    328 k - - -
          2.68618  4.42225  2.77519  2.73123  3.46354  2.40513  3.72494  3.29354  2.67741  2.69355  4.24690  2.90347  2.73739  3.18146  2.89801  2.37887  2.77519  2.98518  4.58477  3.61503
          0.01216  4.81133  5.53367  0.61958  0.77255  0.48576  0.95510
    178   3.65754  4.87188  5.71249  5.20543  3.95968  5.18997  5.76485  1.28362  5.11329  1.34807  3.71802  5.34417  5.38940  5.26078  5.20703  4.59437  3.75430  1.20571  6.03207  4.89431    329 v - - -
          2.68618  4.42225  2.77519  2.73123  3.46354  2.40513  3.72494  3.29354  2.67741  2.69355  4.24690  2.90347  2.73739  3.18146  2.89801  2.37887  2.77519  2.98518  4.58477  3.61503
          0.01216  4.81133  5.53367  0.61958  0.77255  0.48576  0.95510
    179   2.71630  5.25480  3.13081  2.27877  4.57330  3.62403  3.79941  4.02824  2.41526  2.79718  4.30630  2.94263  4.01510  2.65231  1.51580  2.58632  2.77614  3.63189  5.69647  4.32148    330 r - - -
          2.68618  4.42225  2.77519  2.73123  3.46354  2.40513  3.72494  3.29354  2.67741  2.69355  4.24690  2.90347  2.73739  3.18146  2.89801  2.37887  2.77519  2.98518  4.58477  3.61503
          0.01216  4.81133  5.53367  0.61958  0.77255  0.48576  0.95510
    180   3.51564  3.73564  5.41307  4.83858  3.55110  4.80322  5.18933  2.45001  4.68072  0.69385  3.05651  4.94780  5.04684  4.75212  4.71791  4.15477  3.74836  1.81520  5.50406  4.41604    331 l - - -
          2.68618  4.42225  2.77519  2.73123  3.46354  2.40513  3.72494  3.29354  2.67741  2.69355  4.24690  2.90347  2.73739  3.18146  2.89801  2.37887  2.77519  2.98518  4.58477  3.61503
          0.01216  4.81133  5.53367  0.61958  0.77255  0.48576  0.95510
    181   2.70480  5.10336  3.22753  2.73512  4.54329  2.88302  2.44030  3.98608  2.70644  3.54882  4.34287  3.23625  4.08178  3.09400  2.77161  1.23392  3.13565  3.59606  5.74002  4.39649    332 s - - -
          2.68618  4.42225  2.77519  2.73123  3.46354  2.40513  3.72494  3.29354  2.67741  2.69355  4.24690  2.90347  2.73739  3.18146  2.89801  2.37887  2.77519  2.98518  4.58477  3.61503
          0.01216  4.81133  5.53367  0.61958  0.77255  0.48576  0.95510
    182   2.56089  5.22603  2.78531  2.54334  4.53262  2.83521  3.26927  3.99111  2.45980  3.51641  4.28234  3.08443  3.99731  2.91285  2.88857  1.39183  3.05251  3.59707  5.68666  3.84511    333 s - - -
          2.68618  4.42225  2.77519  2.73123  3.46354  2.40513  3.72494  3.29354  2.67741  2.69355  4.24690  2.90347  2.73739  3.18146  2.89801  2.37887  2.77519  2.98518  4.58477  3.61503
          0.01216  4.81133  5.53367  0.61958  0.77255  0.48576  0.95510
    183   3.06697  4.76693  4.41052  4.01537  4.08591  3.93654  4.84446  2.35610  3.87740  2.84959  4.03634  4.18647  0.74060  4.22184  4.11737  3.36452  3.45742  2.57071  5.76570  4.52492    334 p - - -
          2.68618  4.42225  2.77519  2.73123  3.46354  2.40513  3.72494  3.29354  2.67741  2.69355  4.24690  2.90347  2.73739  3.18146  2.89801  2.37887  2.77519  2.98518  4.58477  3.61503
          0.01216  4.81133  5.53367  0.61958  0.77255  0.48576  0.95510
    184   2.68393  4.45553  3.86632  3.29486  3.58328  3.83529  4.11244  2.93299  3.21463  1.33449  3.29485  3.64928  4.21654  3.25153  3.25998  2.08611  2.84654  2.59624  5.05426  3.83745    335 l - - -
          2.68618  4.42225  2.77519  2.73123  3.46354  2.40513  3.72494  3.29354  2.67741  2.69355  4.24690  2.90347  2.73739  3.18146  2.89801  2.37887  2.77519  2.98518  4.58477  3.61503
          0.01216  4.81133  5.53367  0.61958  0.77255  0.48576  0.95510
    185   2.67907  4.34280  4.12727  3.54896  3.45457  2.49199  4.18883  2.65964  3.45076  1.33367  3.45789  3.40573  3.68215  3.69646  3.68012  3.16900  3.05181  2.20571  4.95280  3.43126    336 l - - -
          2.68618  4.42225  2.77519  2.73123  3.46354  2.40513  3.72494  3.29354  2.67741  2.69355  4.24690  2.90347  2.73739  3.18146  2.89801  2.37887  2.77519  2.98518  4.58477  3.61503
          0.01216  4.81133  5.53367  0.61958  0.77255  0.48576  0.95510
    186   2.59553  4.96057  3.23511  2.67693  4.18678  3.38390  3.85448  3.14370  2.66741  3.03543  4.03550  2.52091  4.03643  1.74522  3.08128  2.72536  2.42145  2.93536  5.47252  3.45800    337 q - - -
          2.68618  4.42225  2.77519  2.73123  3.46354  2.40513  3.72494  3.29354  2.67741  2.69355  4.24690  2.90347  2.73739  3.18146  2.89801  2.37887  2.77519  2.98518  4.58477  3.61503
          0.07573  4.81133  2.73645  0.61958  0.77255  0.48576  0.95510
    187   1.89696  4.23114  2.98305  2.59862  4.29222  3.34227  3.80669  3.71826  2.39955  2.94281  4.10536  3.12290  2.38127  2.94589  2.90478  2.29540  2.86270  3.37773  5.53094  4.18407    338 a - - -
          2.68618  4.42225  2.77519  2.73123  3.46354  2.40513  3.72494  3.29354  2.67741  2.69355  4.24690  2.90347  2.73739  3.18146  2.89801  2.37887  2.77519  2.98518  4.58477  3.61503
          0.01296  4.74855  5.47089  0.61958  0.77255  0.61861  0.77369
    188   2.78436  4.58951  3.54000  2.97552  3.43324  3.42632  3.32747  2.83495  2.94139  2.19377  3.68818  2.70310  4.11239  3.25696  3.32616  1.81788  2.52977  2.73092  5.15951  3.55479    339 s - - -
          2.68618  4.42225  2.77519  2.73123  3.46354  2.40513  3.72494  3.29354  2.67741  2.69355  4.24690  2.90347  2.73739  3.18146  2.89801  2.37887  2.77519  2.98518  4.58477  3.61503
          0.23224  4.74855  1.61656  0.61958  0.77255  0.61861  0.77369
    189   2.04203  4.85553  3.13976  2.58500  4.10531  3.05759  3.76397  3.51610  2.53017  2.78872  3.95225  3.09531  2.97662  2.63683  3.03290  2.21923  2.64709  3.00148  5.38818  4.06356    340 a - - -
          2.68582  4.42241  2.77535  2.73129  3.46370  2.40529  3.72510  3.29370  2.67757  2.69371  4.24706  2.90363  2.73756  3.18162  2.89817  2.37800  2.77505  2.98525  4.58493  3.61519
          0.44965  1.01570        *  0.59194  0.80576  0.00000        *
//
