HMMER3/f [3.3.2 | Nov 2020]
NAME  vHMM_21257
LENG  134
ALPH  amino
RF    no
MM    no
CONS  yes
CS    no
MAP   yes
DATE  Sat Feb 27 15:31:24 2021
NSEQ  23
EFFN  1.462769
CKSUM 1197071318
STATS LOCAL MSV       -9.6679  0.71135
STATS LOCAL VITERBI  -10.5182  0.71135
STATS LOCAL FORWARD   -4.2467  0.71135
CUTOFF SCORE	101.68
TAXON	Leviviridae
TXID	11989
PROTEIN	Capsid
TYPE	Full-length
RANGE	Wide
HMM          A        C        D        E        F        G        H        I        K        L        M        N        P        Q        R        S        T        V        W        Y   
            m->m     m->i     m->d     i->m     i->i     d->m     d->d
  COMPO   2.44996  4.59606  3.00161  2.76219  3.51668  2.94993  3.99786  2.83162  2.70830  2.49974  3.66826  3.01716  3.19218  3.05879  2.95686  2.60110  2.63825  2.40045  5.12593  3.65289
          2.68623  4.42230  2.77524  2.73128  3.46359  2.40517  3.72499  3.29359  2.67745  2.69360  4.24467  2.90351  2.73744  3.18151  2.89805  2.37891  2.77524  2.98523  4.58482  3.61447
          0.21665  1.87371  3.18838  0.47976  0.96477  0.00000        *
      1   2.32597  4.52341  4.21465  3.79470  3.60692  3.79505  4.55219  2.66401  3.62185  2.26408  1.06464  3.98605  4.34238  3.95569  3.83392  3.21089  3.23958  2.56838  5.35040  4.16067      3 m - - -
          2.68618  4.42225  2.77519  2.73123  3.46354  2.40513  3.72494  3.29354  2.67741  2.69355  4.24690  2.90347  2.73739  3.18146  2.89801  2.37887  2.77519  2.98518  4.58477  3.61503
          0.01881  4.37874  5.10109  0.61958  0.77255  0.45339  1.00915
      2   1.47953  4.41973  3.69055  3.37211  4.57503  3.19052  4.44995  3.99225  3.42289  3.67040  4.48599  3.53692  1.35813  3.70819  3.75034  2.12788  2.94810  3.43251  5.90644  4.69231      4 p - - -
          2.68618  4.42225  2.77519  2.73123  3.46354  2.40513  3.72494  3.29354  2.67741  2.69355  4.24690  2.90347  2.73739  3.18146  2.89801  2.37887  2.77519  2.98518  4.58477  3.61503
          0.01814  4.41474  5.13709  0.61958  0.77255  0.48576  0.95510
      3   2.85284  5.21373  2.96924  2.51459  4.56566  3.54190  3.73940  4.00391  2.11539  3.50811  4.30128  2.57888  3.96861  1.49277  2.76600  2.82883  2.60627  3.61923  5.64738  4.30269      5 q - - -
          2.68618  4.42225  2.77519  2.73123  3.46354  2.40513  3.72494  3.29354  2.67741  2.69355  4.24690  2.90347  2.73739  3.18146  2.89801  2.37887  2.77519  2.98518  4.58477  3.61503
          0.01814  4.41474  5.13709  0.61958  0.77255  0.48576  0.95510
      4   3.77492  5.03510  5.36396  4.86385  2.38946  4.97824  4.98958  2.50781  4.70868  0.58049  3.05469  5.02122  5.10385  4.68062  4.72936  4.38447  3.99069  2.73879  5.09254  3.77099      6 L - - -
          2.68618  4.42225  2.77519  2.73123  3.46354  2.40513  3.72494  3.29354  2.67741  2.69355  4.24690  2.90347  2.73739  3.18146  2.89801  2.37887  2.77519  2.98518  4.58477  3.61503
          0.01814  4.41474  5.13709  0.61958  0.77255  0.48576  0.95510
      5   2.42703  5.09727  2.98319  2.35837  4.41150  3.49176  3.68448  3.85821  2.40110  3.38583  4.16292  2.78239  3.89328  1.86713  2.51711  2.71153  2.32725  3.47458  5.55435  4.18773      7 q - - -
          2.68618  4.42225  2.77519  2.73123  3.46354  2.40513  3.72494  3.29354  2.67741  2.69355  4.24690  2.90347  2.73739  3.18146  2.89801  2.37887  2.77519  2.98518  4.58477  3.61503
          0.01814  4.41474  5.13709  0.61958  0.77255  0.48576  0.95510
      6   2.66244  5.06762  2.93944  2.43920  4.39532  3.46417  3.70005  3.84650  2.39538  3.38404  4.16097  2.33191  2.41197  2.46002  2.93458  2.40196  2.44065  3.45904  5.56375  4.18816      8 n - - -
          2.68618  4.42225  2.77519  2.73123  3.46354  2.40513  3.72494  3.29354  2.67741  2.69355  4.24690  2.90347  2.73739  3.18146  2.89801  2.37887  2.77519  2.98518  4.58477  3.61503
          0.01814  4.41474  5.13709  0.61958  0.77255  0.48576  0.95510
      7   3.40642  4.70538  5.19351  4.62137  2.14110  4.67776  4.94141  2.28048  4.47866  0.96743  3.07478  4.76770  4.87691  4.51657  4.52118  4.02442  3.62771  1.81211  5.20037  4.05164      9 l - - -
          2.68618  4.42225  2.77519  2.73123  3.46354  2.40513  3.72494  3.29354  2.67741  2.69355  4.24690  2.90347  2.73739  3.18146  2.89801  2.37887  2.77519  2.98518  4.58477  3.61503
          0.01814  4.41474  5.13709  0.61958  0.77255  0.48576  0.95510
      8   2.61028  4.33283  4.03574  3.60423  3.88339  2.65954  4.41781  2.83223  3.53829  2.87799  3.83468  3.75430  4.10982  3.81752  3.79108  2.88894  2.05252  1.16495  5.39190  4.19080     10 v - - -
          2.68618  4.42225  2.77519  2.73123  3.46354  2.40513  3.72494  3.29354  2.67741  2.69355  4.24690  2.90347  2.73739  3.18146  2.89801  2.37887  2.77519  2.98518  4.58477  3.61503
          0.01814  4.41474  5.13709  0.61958  0.77255  0.48576  0.95510
      9   3.56754  4.88907  5.20471  4.70504  3.32973  4.79173  5.22595  2.30771  4.51561  0.64399  3.13135  4.91908  5.02012  4.64212  4.60791  4.20436  3.81885  2.01245  5.46389  4.36976     11 L - - -
          2.68618  4.42225  2.77519  2.73123  3.46354  2.40513  3.72494  3.29354  2.67741  2.69355  4.24690  2.90347  2.73739  3.18146  2.89801  2.37887  2.77519  2.98518  4.58477  3.61503
          0.01814  4.41474  5.13709  0.61958  0.77255  0.48576  0.95510
     10   2.77380  4.95610  3.19566  2.61970  4.25254  3.46289  3.73741  3.65055  1.52400  3.23430  4.05475  3.11490  3.96265  2.88379  2.42579  2.61571  2.82650  2.44689  5.44399  4.14150     12 k - - -
          2.68618  4.42225  2.77519  2.73123  3.46354  2.40513  3.72494  3.29354  2.67741  2.69355  4.24690  2.90347  2.73739  3.18146  2.89801  2.37887  2.77519  2.98518  4.58477  3.61503
          0.01814  4.41474  5.13709  0.61958  0.77255  0.48576  0.95510
     11   3.09109  5.65952  1.02435  2.32105  4.97846  3.06854  3.93253  4.49616  2.26239  3.97544  4.79915  2.66948  4.03352  3.08534  3.44594  2.98707  3.37004  4.05626  6.12420  4.63365     13 d - - -
          2.68618  4.42225  2.77519  2.73123  3.46354  2.40513  3.72494  3.29354  2.67741  2.69355  4.24690  2.90347  2.73739  3.18146  2.89801  2.37887  2.77519  2.98518  4.58477  3.61503
          0.09288  4.41474  2.56913  0.61958  0.77255  0.48576  0.95510
     12   2.71816  4.89230  3.12844  2.57237  4.16737  3.52045  3.71615  2.99536  2.42242  3.10030  3.99511  2.33716  3.92085  2.86819  1.83032  2.42172  2.95092  3.25214  5.39494  4.08005     14 r - - -
          2.68618  4.42225  2.77519  2.73123  3.46354  2.40513  3.72494  3.29354  2.67741  2.69355  4.24690  2.90347  2.73739  3.18146  2.89801  2.37887  2.77519  2.98518  4.58477  3.61503
          0.01953  4.34139  5.06374  0.61958  0.77255  0.59110  0.80681
     13   1.84477  5.22054  2.24076  2.06569  4.59391  2.02182  3.81231  4.06032  2.68624  3.59801  4.39820  2.92176  3.92512  2.95501  3.20653  2.79626  3.10326  3.65370  5.78262  4.36833     15 a - - -
          2.68618  4.42225  2.77519  2.73123  3.46354  2.40513  3.72494  3.29354  2.67741  2.69355  4.24690  2.90347  2.73739  3.18146  2.89801  2.37887  2.77519  2.98518  4.58477  3.61503
          0.01953  4.34139  5.06374  0.61958  0.77255  0.59110  0.80681
     14   1.47936  4.67175  3.17533  2.80459  4.37572  1.88604  4.00489  3.78114  2.31889  3.41262  4.23921  3.21792  3.92428  3.19346  3.20625  2.71369  2.97808  3.36286  5.64297  4.35624     16 a - - -
          2.68618  4.42225  2.77519  2.73123  3.46354  2.40513  3.72494  3.29354  2.67741  2.69355  4.24690  2.90347  2.73739  3.18146  2.89801  2.37887  2.77519  2.98518  4.58477  3.61503
          0.01953  4.34139  5.06374  0.61958  0.77255  0.59110  0.80681
     15   2.63450  4.89079  2.64166  2.50384  4.28819  3.42113  3.88403  3.68192  2.69050  3.32006  4.16296  2.97629  3.95109  3.06837  3.20377  2.80731  1.25607  3.33975  5.57704  4.24607     17 t - - -
          2.68618  4.42225  2.77519  2.73123  3.46354  2.40513  3.72494  3.29354  2.67741  2.69355  4.24690  2.90347  2.73739  3.18146  2.89801  2.37887  2.77519  2.98518  4.58477  3.61503
          0.10032  4.34139  2.49577  0.61958  0.77255  0.42512  1.06043
     16   2.44621  4.49890  3.42630  3.23739  4.68874  1.36982  4.44381  4.14712  3.42294  3.80211  4.62874  3.47305  1.43000  3.70124  3.75762  2.68726  3.01927  3.55693  5.97627  4.76380     18 g - - -
          2.68618  4.42225  2.77519  2.73123  3.46354  2.40513  3.72494  3.29354  2.67741  2.69355  4.24690  2.90347  2.73739  3.18146  2.89801  2.37887  2.77519  2.98518  4.58477  3.61503
          0.18821  4.34139  1.84173  0.61958  0.77255  0.59110  0.80681
     17   2.65098  4.98189  2.71013  2.38115  4.28437  3.40558  3.63907  3.72454  1.89104  3.27850  4.06730  2.45349  3.82480  2.76736  2.86719  2.34019  2.88914  2.80768  5.47084  4.10422     19 k - - -
          2.68621  4.42228  2.77523  2.73126  3.46357  2.40516  3.72498  3.29357  2.67717  2.69358  4.24693  2.90350  2.73743  3.18120  2.89804  2.37890  2.77523  2.98517  4.58480  3.61506
          0.22611  1.63522  4.89860  0.24467  1.52769  0.34052  1.24271
     18   2.75565  5.13831  1.68763  2.39180  4.49810  3.43901  3.72308  3.97680  2.52675  3.50087  4.26389  2.25975  3.88682  2.85034  3.02395  2.39489  2.58509  3.57309  5.60295  4.25403     21 d - - -
          2.68618  4.42225  2.77519  2.73123  3.46354  2.40513  3.72494  3.29354  2.67741  2.69355  4.24690  2.90347  2.73739  3.18146  2.89801  2.37887  2.77519  2.98518  4.58477  3.61503
          0.01814  4.41474  5.13709  0.61958  0.77255  0.48576  0.95510
     19   2.69672  4.41376  3.57937  3.00498  3.53698  3.67267  2.38728  2.52227  2.90102  2.34408  3.40874  3.40681  4.04927  3.24174  2.43951  2.92183  2.92683  2.13864  4.98797  3.75236     22 v - - -
          2.68618  4.42225  2.77519  2.73123  3.46354  2.40513  3.72494  3.29354  2.67741  2.69355  4.24690  2.90347  2.73739  3.18146  2.89801  2.37887  2.77519  2.98518  4.58477  3.61503
          0.01814  4.41474  5.13709  0.61958  0.77255  0.48576  0.95510
     20   2.57349  4.44764  3.42178  3.13749  4.02625  2.65245  4.16653  3.29844  3.14223  3.08202  3.96201  3.44948  3.98746  3.44757  3.49660  2.75954  1.23591  2.28869  5.43407  4.19645     23 t - - -
          2.68618  4.42225  2.77519  2.73123  3.46354  2.40513  3.72494  3.29354  2.67741  2.69355  4.24690  2.90347  2.73739  3.18146  2.89801  2.37887  2.77519  2.98518  4.58477  3.61503
          0.01814  4.41474  5.13709  0.61958  0.77255  0.48576  0.95510
     21   3.33143  4.65888  5.00214  4.46859  1.27364  4.52981  4.62770  2.37628  4.32143  1.65631  3.23335  4.56823  4.79518  4.41175  4.39823  3.87629  3.56492  1.76662  4.91544  3.52565     24 f - - -
          2.68618  4.42225  2.77519  2.73123  3.46354  2.40513  3.72494  3.29354  2.67741  2.69355  4.24690  2.90347  2.73739  3.18146  2.89801  2.37887  2.77519  2.98518  4.58477  3.61503
          0.01814  4.41474  5.13709  0.61958  0.77255  0.48576  0.95510
     22   1.74991  4.46206  3.53168  3.01775  3.94733  3.40973  4.04466  3.30357  2.99311  3.01248  3.87489  2.98668  3.95892  3.30610  3.37115  2.04462  2.27234  2.16066  5.33787  4.09114     25 a - - -
          2.68618  4.42225  2.77519  2.73123  3.46354  2.40513  3.72494  3.29354  2.67741  2.69355  4.24690  2.90347  2.73739  3.18146  2.89801  2.37887  2.77519  2.98518  4.58477  3.61503
          0.01814  4.41474  5.13709  0.61958  0.77255  0.48576  0.95510
     23   3.63248  5.26127  4.29998  4.23746  5.13477  3.92019  5.23691  4.86403  4.34992  4.40993  5.50337  4.47634  0.24355  4.71816  4.50249  3.82361  4.11960  4.43823  6.13198  5.27234     26 P - - -
          2.68618  4.42225  2.77519  2.73123  3.46354  2.40513  3.72494  3.29354  2.67741  2.69355  4.24690  2.90347  2.73739  3.18146  2.89801  2.37887  2.77519  2.98518  4.58477  3.61503
          0.01814  4.41474  5.13709  0.61958  0.77255  0.48576  0.95510
     24   2.72239  4.81994  3.19792  2.62650  3.19912  3.56067  3.74610  3.44421  2.04712  3.06753  3.90432  3.12140  3.94766  2.91726  1.90707  2.46372  2.94999  2.71419  5.32448  4.02278     27 r - - -
          2.68618  4.42225  2.77519  2.73123  3.46354  2.40513  3.72494  3.29354  2.67741  2.69355  4.24690  2.90347  2.73739  3.18146  2.89801  2.37887  2.77519  2.98518  4.58477  3.61503
          0.01814  4.41474  5.13709  0.61958  0.77255  0.48576  0.95510
     25   2.93395  5.39967  1.90101  2.36600  4.82326  1.97680  3.89131  4.32511  2.80334  3.82462  4.62195  1.83841  3.98037  3.03436  3.35111  2.38951  3.22109  3.87587  5.98168  4.52774     28 n - - -
          2.68618  4.42225  2.77519  2.73123  3.46354  2.40513  3.72494  3.29354  2.67741  2.69355  4.24690  2.90347  2.73739  3.18146  2.89801  2.37887  2.77519  2.98518  4.58477  3.61503
          0.01814  4.41474  5.13709  0.61958  0.77255  0.48576  0.95510
     26   2.85806  4.27323  4.44028  3.87124  2.74584  4.02847  4.36724  1.37552  3.74476  2.31856  3.36016  3.05345  4.38343  3.95963  3.90522  3.33715  3.09726  1.70310  4.97713  3.76040     29 i - - -
          2.68621  4.42228  2.77523  2.73126  3.46357  2.40516  3.72498  3.29357  2.67744  2.69358  4.24693  2.90320  2.73718  3.18149  2.89804  2.37890  2.77523  2.98521  4.58480  3.61506
          0.09288  2.49102  5.13709  0.65790  0.72968  0.48576  0.95510
     27   2.16040  4.96445  3.02302  2.04462  4.28889  3.48698  3.74085  3.70870  2.49757  3.28911  4.09264  3.03779  3.91254  2.88052  2.55977  2.73298  1.89827  3.35462  5.50217  4.15919     32 t - - -
          2.68618  4.42225  2.77519  2.73123  3.46354  2.40513  3.72494  3.29354  2.67741  2.69355  4.24690  2.90347  2.73739  3.18146  2.89801  2.37887  2.77519  2.98518  4.58477  3.61503
          0.01814  4.41474  5.13709  0.61958  0.77255  0.48576  0.95510
     28   2.43742  5.32520  2.30136  2.36252  4.66372  2.78775  3.78701  4.14757  2.62271  3.64978  4.42926  1.60203  3.93554  2.47924  3.14103  2.79828  3.10512  3.72530  5.80699  4.37850     33 n - - -
          2.68618  4.42225  2.77519  2.73123  3.46354  2.40513  3.72494  3.29354  2.67741  2.69355  4.24690  2.90347  2.73739  3.18146  2.89801  2.37887  2.77519  2.98518  4.58477  3.61503
          0.01814  4.41474  5.13709  0.61958  0.77255  0.48576  0.95510
     29   2.83143  4.90669  2.95963  2.86612  4.83609  1.07538  4.30902  4.40050  3.27721  3.99032  4.83248  1.66011  4.06894  3.53063  3.69949  2.91197  3.26739  3.85050  6.07173  4.75444     34 g - - -
          2.68618  4.42225  2.77519  2.73123  3.46354  2.40513  3.72494  3.29354  2.67741  2.69355  4.24690  2.90347  2.73739  3.18146  2.89801  2.37887  2.77519  2.98518  4.58477  3.61503
          0.01814  4.41474  5.13709  0.61958  0.77255  0.48576  0.95510
     30   3.27206  4.70352  4.85812  4.56868  4.02013  4.26809  5.30197  2.18842  4.44967  2.62948  3.92883  4.66638  4.82126  4.78417  4.60789  3.83151  3.63407  0.53435  5.88448  4.63980     35 V - - -
          2.68618  4.42225  2.77519  2.73123  3.46354  2.40513  3.72494  3.29354  2.67741  2.69355  4.24690  2.90347  2.73739  3.18146  2.89801  2.37887  2.77519  2.98518  4.58477  3.61503
          0.01814  4.41474  5.13709  0.61958  0.77255  0.48576  0.95510
     31   1.02720  4.40243  3.86273  3.66800  4.76423  1.34381  4.71036  4.16913  3.77987  3.88966  4.71191  3.69169  3.97201  4.02029  4.03825  2.66590  3.00318  3.53499  6.09365  4.93790     36 a - - -
          2.68618  4.42225  2.77519  2.73123  3.46354  2.40513  3.72494  3.29354  2.67741  2.69355  4.24690  2.90347  2.73739  3.18146  2.89801  2.37887  2.77519  2.98518  4.58477  3.61503
          0.01814  4.41474  5.13709  0.61958  0.77255  0.48576  0.95510
     32   2.61927  5.08070  2.97625  1.75285  4.38351  3.47773  3.66751  3.83492  2.19324  3.36446  4.13604  2.96638  3.87264  2.78271  2.55270  2.50350  2.55602  3.44914  5.53680  3.29998     37 e - - -
          2.68618  4.42225  2.77519  2.73123  3.46354  2.40513  3.72494  3.29354  2.67741  2.69355  4.24690  2.90347  2.73739  3.18146  2.89801  2.37887  2.77519  2.98518  4.58477  3.61503
          0.01814  4.41474  5.13709  0.61958  0.77255  0.48576  0.95510
     33   3.03364  4.41629  4.70328  4.12563  3.13987  4.19551  4.43325  2.44317  3.94365  1.28957  3.18649  4.24816  4.51068  4.10691  4.04005  3.51514  3.26478  1.64896  2.59233  3.61250     38 l - - -
          2.68618  4.42225  2.77519  2.73123  3.46354  2.40513  3.72494  3.29354  2.67741  2.69355  4.24690  2.90347  2.73739  3.18146  2.89801  2.37887  2.77519  2.98518  4.58477  3.61503
          0.01814  4.41474  5.13709  0.61958  0.77255  0.48576  0.95510
     34   2.72659  4.26763  3.97493  3.40958  3.41437  3.79494  4.11920  2.23845  3.31653  2.17947  3.39606  2.97171  4.17772  3.58490  3.57155  2.62417  2.96778  1.47016  4.93258  3.72371     39 v - - -
          2.68618  4.42225  2.77519  2.73123  3.46354  2.40513  3.72494  3.29354  2.67741  2.69355  4.24690  2.90347  2.73739  3.18146  2.89801  2.37887  2.77519  2.98518  4.58477  3.61503
          0.01814  4.41474  5.13709  0.61958  0.77255  0.48576  0.95510
     35   2.94734  5.35679  2.60779  1.23823  4.72862  3.45395  3.87880  4.20986  2.72669  3.72968  4.54315  2.96584  3.99792  2.86115  3.21656  1.83566  3.22172  3.79847  5.89178  4.47220     40 e - - -
          2.68618  4.42225  2.77519  2.73123  3.46354  2.40513  3.72494  3.29354  2.67741  2.69355  4.24690  2.90347  2.73739  3.18146  2.89801  2.37887  2.77519  2.98518  4.58477  3.61503
          0.01814  4.41474  5.13709  0.61958  0.77255  0.48576  0.95510
     36   2.38147  4.82257  3.12046  2.57326  4.11136  3.49266  3.74931  3.52182  2.54737  2.70939  3.95444  2.67071  3.90739  2.90864  2.61448  1.84367  2.56098  3.19662  5.38512  4.06306     41 s - - -
          2.68618  4.42225  2.77519  2.73123  3.46354  2.40513  3.72494  3.29354  2.67741  2.69355  4.24690  2.90347  2.73739  3.18146  2.89801  2.37887  2.77519  2.98518  4.58477  3.61503
          0.01814  4.41474  5.13709  0.61958  0.77255  0.48576  0.95510
     37   2.60795  4.71761  3.14937  2.77394  4.47918  2.62957  4.02226  3.92100  2.87718  3.52179  4.32298  1.90377  3.92289  3.19442  3.31577  2.26654  1.63307  3.46002  5.73323  4.41905     42 t - - -
          2.68618  4.42225  2.77519  2.73123  3.46354  2.40513  3.72494  3.29354  2.67741  2.69355  4.24690  2.90347  2.73739  3.18146  2.89801  2.37887  2.77519  2.98518  4.58477  3.61503
          0.01814  4.41474  5.13709  0.61958  0.77255  0.48576  0.95510
     38   1.65793  4.37835  3.79642  3.53019  4.73862  1.21100  4.59409  4.18798  3.62070  3.85504  4.64619  3.60240  3.92301  3.86706  3.92293  1.73876  2.94047  3.52691  6.06005  4.87390     43 g - - -
          2.68618  4.42225  2.77519  2.73123  3.46354  2.40513  3.72494  3.29354  2.67741  2.69355  4.24690  2.90347  2.73739  3.18146  2.89801  2.37887  2.77519  2.98518  4.58477  3.61503
          0.17367  4.41474  1.91508  0.61958  0.77255  0.48576  0.95510
     39   2.84253  4.32421  4.33652  3.82097  3.59431  3.95254  4.51165  1.85156  3.71026  2.42425  3.51252  4.03235  4.38995  3.98567  3.93239  2.60973  3.12874  1.11655  5.25019  4.03395     44 v - - -
          2.68618  4.42225  2.77519  2.73123  3.46354  2.40513  3.72494  3.29354  2.67741  2.69355  4.24690  2.90347  2.73739  3.18146  2.89801  2.37887  2.77519  2.98518  4.58477  3.61503
          0.02116  4.26223  4.98457  0.61958  0.77255  0.37809  1.15572
     40   2.78688  4.87783  3.27512  2.84648  4.51025  2.67079  3.98310  3.94335  2.64461  3.51784  4.34607  3.27746  1.39258  3.15222  2.05820  2.85936  3.11197  3.53683  5.68111  4.41266     45 p - - -
          2.68618  4.42225  2.77519  2.73123  3.46354  2.40513  3.72494  3.29354  2.67741  2.69355  4.24690  2.90347  2.73739  3.18146  2.89801  2.37887  2.77519  2.98518  4.58477  3.61503
          0.01814  4.41474  5.13709  0.61958  0.77255  0.48576  0.95510
     41   2.07472  4.28775  4.11280  3.56639  3.53095  3.77792  4.26758  1.92406  3.47766  2.51865  3.49265  3.80692  4.22245  3.73590  3.72098  2.24719  3.01267  1.63442  5.07278  3.86888     46 v - - -
          2.68618  4.42225  2.77519  2.73123  3.46354  2.40513  3.72494  3.29354  2.67741  2.69355  4.24690  2.90347  2.73739  3.18146  2.89801  2.37887  2.77519  2.98518  4.58477  3.61503
          0.01814  4.41474  5.13709  0.61958  0.77255  0.48576  0.95510
     42   2.09573  4.76158  3.15894  2.67270  4.11058  1.96445  3.84018  3.50551  2.65413  2.65096  3.98265  3.15007  3.94428  2.26867  3.07458  2.76201  2.95905  3.18424  5.41321  4.10880     47 g - - -
          2.68618  4.42225  2.77519  2.73123  3.46354  2.40513  3.72494  3.29354  2.67741  2.69355  4.24690  2.90347  2.73739  3.18146  2.89801  2.37887  2.77519  2.98518  4.58477  3.61503
          0.01814  4.41474  5.13709  0.61958  0.77255  0.48576  0.95510
     43   2.16887  5.21008  2.14685  1.61996  4.51120  3.45833  3.74811  3.95999  2.55946  2.86936  4.28627  2.94207  3.91607  2.87475  3.06192  2.76042  3.03737  3.57036  5.68197  4.27869     48 e - - -
          2.68618  4.42225  2.77519  2.73123  3.46354  2.40513  3.72494  3.29354  2.67741  2.69355  4.24690  2.90347  2.73739  3.18146  2.89801  2.37887  2.77519  2.98518  4.58477  3.61503
          0.01814  4.41474  5.13709  0.61958  0.77255  0.48576  0.95510
     44   2.40978  4.96026  3.01976  2.48154  4.23252  3.48847  3.69959  3.66401  2.05586  3.23978  4.03747  2.64225  2.74776  2.83530  2.93574  2.42022  2.92188  3.31564  5.45440  2.81147     49 k - - -
          2.68618  4.42225  2.77519  2.73123  3.46354  2.40513  3.72494  3.29354  2.67741  2.69355  4.24690  2.90347  2.73739  3.18146  2.89801  2.37887  2.77519  2.98518  4.58477  3.61503
          0.01814  4.41474  5.13709  0.61958  0.77255  0.48576  0.95510
     45   3.03220  5.18785  3.47761  2.84311  4.60845  3.73377  3.78246  3.97024  1.92213  3.47406  4.31581  3.28261  4.11898  2.91820  1.37130  3.04552  1.97357  3.63730  5.58670  4.36363     50 r - - -
          2.68618  4.42225  2.77519  2.73123  3.46354  2.40513  3.72494  3.29354  2.67741  2.69355  4.24690  2.90347  2.73739  3.18146  2.89801  2.37887  2.77519  2.98518  4.58477  3.61503
          0.01814  4.41474  5.13709  0.61958  0.77255  0.48576  0.95510
     46   2.75100  4.18697  4.32425  3.74131  2.06460  3.86953  4.11616  2.55857  3.59977  2.03414  3.25598  3.88742  3.16993  3.79012  3.73555  3.16657  2.98313  1.74913  4.67796  2.79873     51 v - - -
          2.68618  4.42225  2.77519  2.73123  3.46354  2.40513  3.72494  3.29354  2.67741  2.69355  4.24690  2.90347  2.73739  3.18146  2.89801  2.37887  2.77519  2.98518  4.58477  3.61503
          0.01814  4.41474  5.13709  0.61958  0.77255  0.48576  0.95510
     47   2.62934  4.64565  3.39337  2.91610  4.27861  3.39606  4.01204  3.67772  2.78075  3.31784  4.15374  3.30328  3.96258  3.20848  2.54378  2.00604  1.33987  3.29146  5.56204  4.29365     52 t - - -
          2.68618  4.42225  2.77519  2.73123  3.46354  2.40513  3.72494  3.29354  2.67741  2.69355  4.24690  2.90347  2.73739  3.18146  2.89801  2.37887  2.77519  2.98518  4.58477  3.61503
          0.01814  4.41474  5.13709  0.61958  0.77255  0.48576  0.95510
     48   2.44948  3.11103  4.70732  4.12316  3.36702  4.10318  4.47212  1.43923  3.96365  2.00741  2.71264  4.20960  4.44433  4.13476  4.04722  3.42273  3.11611  1.84001  4.99441  3.81538     53 i - - -
          2.68618  4.42225  2.77519  2.73123  3.46354  2.40513  3.72494  3.29354  2.67741  2.69355  4.24690  2.90347  2.73739  3.18146  2.89801  2.37887  2.77519  2.98518  4.58477  3.61503
          0.01814  4.41474  5.13709  0.61958  0.77255  0.48576  0.95510
     49   2.46998  4.41293  3.76972  3.52785  4.66073  3.17918  4.58183  4.06453  3.56769  3.78441  4.61890  3.61711  3.95728  3.86665  3.84743  0.73434  2.28422  3.47555  6.00625  4.79717     54 s - - -
          2.68618  4.42225  2.77519  2.73123  3.46354  2.40513  3.72494  3.29354  2.67741  2.69355  4.24690  2.90347  2.73739  3.18146  2.89801  2.37887  2.77519  2.98518  4.58477  3.61503
          0.01814  4.41474  5.13709  0.61958  0.77255  0.48576  0.95510
     50   2.68870  4.19367  4.06130  3.48463  3.30173  3.77237  4.08660  2.57641  3.37306  1.93548  3.30971  3.72652  4.15048  3.61555  3.58470  2.62449  2.53612  1.63744  4.81687  2.94651     55 v - - -
          2.68618  4.42225  2.77519  2.73123  3.46354  2.40513  3.72494  3.29354  2.67741  2.69355  4.24690  2.90347  2.73739  3.18146  2.89801  2.37887  2.77519  2.98518  4.58477  3.61503
          0.01814  4.41474  5.13709  0.61958  0.77255  0.48576  0.95510
     51   2.64240  5.08986  3.27386  2.68645  4.48011  3.61449  3.75389  3.87768  2.03619  3.40614  4.22177  3.16439  4.01583  2.88675  1.39468  2.65298  2.59984  3.52449  5.55512  4.27486     56 r - - -
          2.68618  4.42225  2.77519  2.73123  3.46354  2.40513  3.72494  3.29354  2.67741  2.69355  4.24690  2.90347  2.73739  3.18146  2.89801  2.37887  2.77519  2.98518  4.58477  3.61503
          0.01814  4.41474  5.13709  0.61958  0.77255  0.48576  0.95510
     52   2.43724  5.14033  3.01585  2.52155  4.50675  3.52478  3.73049  3.94336  1.92792  3.45998  4.24952  3.04045  3.94665  1.65563  2.78143  2.42874  3.03624  3.55801  5.61073  4.26696     57 q - - -
          2.68618  4.42225  2.77519  2.73123  3.46354  2.40513  3.72494  3.29354  2.67741  2.69355  4.24690  2.90347  2.73739  3.18146  2.89801  2.37887  2.77519  2.98518  4.58477  3.61503
          0.01814  4.41474  5.13709  0.61958  0.77255  0.48576  0.95510
     53   2.49324  4.49164  3.53208  3.11837  4.45994  2.51594  4.23691  3.88968  3.14742  3.53236  4.34056  3.40413  2.78756  3.45325  3.53077  1.86645  1.33975  3.38651  5.76744  4.51609     58 t - - -
          2.68618  4.42225  2.77519  2.73123  3.46354  2.40513  3.72494  3.29354  2.67741  2.69355  4.24690  2.90347  2.73739  3.18146  2.89801  2.37887  2.77519  2.98518  4.58477  3.61503
          0.01814  4.41474  5.13709  0.61958  0.77255  0.48576  0.95510
     54   1.58329  4.49184  3.55650  3.09686  4.45226  2.52975  4.20527  3.88534  3.10265  3.52073  4.32232  3.38970  2.80215  3.41153  3.49569  1.63932  2.35387  3.38044  5.75141  4.49486     59 a - - -
          2.68618  4.42225  2.77519  2.73123  3.46354  2.40513  3.72494  3.29354  2.67741  2.69355  4.24690  2.90347  2.73739  3.18146  2.89801  2.37887  2.77519  2.98518  4.58477  3.61503
          0.01814  4.41474  5.13709  0.61958  0.77255  0.48576  0.95510
     55   2.18979  5.22326  2.47744  2.14333  4.55048  2.89135  3.69309  4.02917  2.46462  3.52354  4.28048  2.07876  3.88030  2.80309  2.58481  2.70238  2.98016  3.60668  5.67003  4.25839     60 n - - -
          2.68618  4.42225  2.77519  2.73123  3.46354  2.40513  3.72494  3.29354  2.67741  2.69355  4.24690  2.90347  2.73739  3.18146  2.89801  2.37887  2.77519  2.98518  4.58477  3.61503
          0.01814  4.41474  5.13709  0.61958  0.77255  0.48576  0.95510
     56   2.95895  5.47122  2.17140  2.34134  4.80471  1.78288  3.85804  4.30465  2.74975  3.79797  4.59533  1.85570  3.98159  2.47768  3.29034  2.88497  3.22573  3.87400  5.95232  4.49631     61 g - - -
          2.68618  4.42225  2.77519  2.73123  3.46354  2.40513  3.72494  3.29354  2.67741  2.69355  4.24690  2.90347  2.73739  3.18146  2.89801  2.37887  2.77519  2.98518  4.58477  3.61503
          0.09288  4.41474  2.56913  0.61958  0.77255  0.48576  0.95510
     57   2.77269  5.13658  3.05356  2.49849  4.49184  2.89104  3.67193  3.92796  1.87695  3.42819  4.21025  2.59115  3.91595  2.78732  1.91990  2.75495  2.57795  3.54045  5.56438  4.22549     62 k - - -
          2.68618  4.42225  2.77519  2.73123  3.46354  2.40513  3.72494  3.29354  2.67741  2.69355  4.24690  2.90347  2.73739  3.18146  2.89801  2.37887  2.77519  2.98518  4.58477  3.61503
          0.18821  4.34139  1.84173  0.61958  0.77255  0.59110  0.80681
     58   2.89374  5.17196  3.19232  2.60722  4.56742  2.78605  3.64436  3.96138  1.85010  3.43163  4.24703  3.08503  3.97010  2.33431  1.63757  2.87626  3.09201  3.60117  5.52585  4.26184     63 r - - -
          2.68618  4.42225  2.77519  2.73123  3.46354  2.40513  3.72494  3.29354  2.67741  2.69355  4.24690  2.90347  2.73739  3.18146  2.89801  2.37887  2.77519  2.98518  4.58477  3.61503
          0.11945  4.17626  2.33064  0.61958  0.77255  0.77337  0.61888
     59   2.92828  5.17439  3.18231  2.62174  4.58883  3.58227  3.62605  3.97650  1.39750  3.43525  4.26528  2.47334  3.97246  2.75292  1.96903  2.90920  3.12159  3.62309  5.50889  4.26603     64 k - - -
          2.68618  4.42225  2.77519  2.73123  3.46354  2.40513  3.72494  3.29354  2.67741  2.69355  4.24690  2.90347  2.73739  3.18146  2.89801  2.37887  2.77519  2.98518  4.58477  3.61503
          0.02538  4.08219  4.80454  0.61958  0.77255  0.30980  1.32274
     60   3.07601  4.56873  4.20320  3.69506  2.13791  4.04960  3.85673  3.03694  3.59739  2.67958  3.68799  2.84857  4.41267  3.79583  3.81052  3.34608  3.30879  2.35917  4.25785  1.26178     65 y - - -
          2.68618  4.42225  2.77519  2.73123  3.46354  2.40513  3.72494  3.29354  2.67741  2.69355  4.24690  2.90347  2.73739  3.18146  2.89801  2.37887  2.77519  2.98518  4.58477  3.61503
          0.26157  4.41474  1.52300  0.61958  0.77255  0.48576  0.95510
     61   3.20644  5.31547  3.66055  2.93579  4.81971  3.79674  3.68761  4.14610  1.11828  3.54848  4.42245  3.31830  4.15006  2.81749  1.55462  3.19123  3.35481  3.82597  5.55456  4.41591     66 k - - -
          2.68618  4.42225  2.77519  2.73123  3.46354  2.40513  3.72494  3.29354  2.67741  2.69355  4.24690  2.90347  2.73739  3.18146  2.89801  2.37887  2.77519  2.98518  4.58477  3.61503
          0.02308  4.17626  4.89860  0.61958  0.77255  0.77337  0.61888
     62   1.82705  4.24360  3.80669  3.31537  3.70021  3.41287  4.17484  2.62959  3.24853  2.69852  3.64821  3.55119  3.98464  3.54055  3.54202  2.28263  2.87037  1.60563  5.19647  3.98157     67 v - - -
          2.68618  4.42225  2.77519  2.73123  3.46354  2.40513  3.72494  3.29354  2.67741  2.69355  4.24690  2.90347  2.73739  3.18146  2.89801  2.37887  2.77519  2.98518  4.58477  3.61503
          0.02308  4.17626  4.89860  0.61958  0.77255  0.34052  1.24271
     63   2.59581  4.95420  3.00988  2.05478  4.23125  3.49298  3.72118  3.64285  2.49917  3.23607  4.04285  3.02144  3.90283  2.27332  2.95788  2.72227  1.98918  2.81825  5.46302  4.11666     68 t - - -
          2.68618  4.42225  2.77519  2.73123  3.46354  2.40513  3.72494  3.29354  2.67741  2.69355  4.24690  2.90347  2.73739  3.18146  2.89801  2.37887  2.77519  2.98518  4.58477  3.61503
          0.01814  4.41474  5.13709  0.61958  0.77255  0.48576  0.95510
     64   3.44733  4.71904  5.31658  4.74591  2.57602  4.77845  5.10692  1.41415  4.60956  1.07873  3.09797  4.89445  4.95451  4.63327  4.63919  4.13612  3.66948  2.10045  5.33532  4.25234     69 l - - -
          2.68618  4.42225  2.77519  2.73123  3.46354  2.40513  3.72494  3.29354  2.67741  2.69355  4.24690  2.90347  2.73739  3.18146  2.89801  2.37887  2.77519  2.98518  4.58477  3.61503
          0.01814  4.41474  5.13709  0.61958  0.77255  0.48576  0.95510
     65   3.42595  5.51110  3.93074  3.14305  5.07068  3.98267  3.81926  4.37089  0.86021  3.73440  4.61694  3.49954  4.32253  2.94662  1.63113  3.40271  3.55414  4.05372  5.70563  4.60093     70 k - - -
          2.68618  4.42225  2.77519  2.73123  3.46354  2.40513  3.72494  3.29354  2.67741  2.69355  4.24690  2.90347  2.73739  3.18146  2.89801  2.37887  2.77519  2.98518  4.58477  3.61503
          0.01814  4.41474  5.13709  0.61958  0.77255  0.48576  0.95510
     66   3.56573  4.83456  5.35379  4.77902  3.27173  4.89698  5.22126  2.11170  4.64829  0.76665  2.42909  4.98803  5.02612  4.65344  4.68928  4.25839  3.78124  2.03528  5.40369  4.39425     71 l - - -
          2.68618  4.42225  2.77519  2.73123  3.46354  2.40513  3.72494  3.29354  2.67741  2.69355  4.24690  2.90347  2.73739  3.18146  2.89801  2.37887  2.77519  2.98518  4.58477  3.61503
          0.01814  4.41474  5.13709  0.61958  0.77255  0.48576  0.95510
     67   1.99990  4.70872  3.19074  2.15597  3.90857  3.54821  3.77302  3.28307  2.62123  2.94187  2.70157  3.13552  3.94054  2.60768  3.05313  2.77117  2.91563  2.63422  5.24968  3.95457     72 a - - -
          2.68618  4.42225  2.77519  2.73123  3.46354  2.40513  3.72494  3.29354  2.67741  2.69355  4.24690  2.90347  2.73739  3.18146  2.89801  2.37887  2.77519  2.98518  4.58477  3.61503
          0.01814  4.41474  5.13709  0.61958  0.77255  0.48576  0.95510
     68   2.83640  4.37605  4.08671  3.56611  3.54882  3.89055  4.30928  2.40213  3.44611  2.47189  2.79334  2.94378  4.30686  3.75221  3.69675  3.21309  3.10109  1.11648  5.13205  3.90820     73 v - - -
          2.68618  4.42225  2.77519  2.73123  3.46354  2.40513  3.72494  3.29354  2.67741  2.69355  4.24690  2.90347  2.73739  3.18146  2.89801  2.37887  2.77519  2.98518  4.58477  3.61503
          0.01814  4.41474  5.13709  0.61958  0.77255  0.48576  0.95510
     69   3.63248  5.26127  4.29998  4.23746  5.13477  3.92019  5.23691  4.86403  4.34992  4.40993  5.50337  4.47634  0.24355  4.71816  4.50249  3.82361  4.11960  4.43823  6.13198  5.27234     74 P - - -
          2.68618  4.42225  2.77519  2.73123  3.46354  2.40513  3.72494  3.29354  2.67741  2.69355  4.24690  2.90347  2.73739  3.18146  2.89801  2.37887  2.77519  2.98518  4.58477  3.61503
          0.01814  4.41474  5.13709  0.61958  0.77255  0.48576  0.95510
     70   2.76253  4.54576  3.58475  3.05304  3.81932  3.66769  4.02134  2.86694  2.15279  2.80057  3.73709  3.45089  4.10690  3.29345  3.18777  2.96782  2.22920  1.51723  5.25113  4.01161     75 v - - -
          2.68618  4.42225  2.77519  2.73123  3.46354  2.40513  3.72494  3.29354  2.67741  2.69355  4.24690  2.90347  2.73739  3.18146  2.89801  2.37887  2.77519  2.98518  4.58477  3.61503
          0.01814  4.41474  5.13709  0.61958  0.77255  0.48576  0.95510
     71   2.54222  4.44608  4.76566  4.25997  3.79344  4.28334  4.91577  1.74752  4.15294  2.50585  3.65170  4.42397  4.69072  4.41412  4.34529  3.49507  3.34053  0.87488  5.55239  4.34080     76 v - - -
          2.68618  4.42225  2.77519  2.73123  3.46354  2.40513  3.72494  3.29354  2.67741  2.69355  4.24690  2.90347  2.73739  3.18146  2.89801  2.37887  2.77519  2.98518  4.58477  3.61503
          0.01814  4.41474  5.13709  0.61958  0.77255  0.48576  0.95510
     72   2.32784  3.29129  3.41919  2.86956  3.81007  3.53120  3.90811  3.13283  2.82195  2.85750  3.73397  3.29520  3.97957  1.74592  3.21204  2.80061  2.51951  2.48490  5.20499  3.94616     77 q - - -
          2.68618  4.42225  2.77519  2.73123  3.46354  2.40513  3.72494  3.29354  2.67741  2.69355  4.24690  2.90347  2.73739  3.18146  2.89801  2.37887  2.77519  2.98518  4.58477  3.61503
          0.01814  4.41474  5.13709  0.61958  0.77255  0.48576  0.95510
     73   2.81093  5.18677  1.84275  2.42122  4.60023  3.42514  3.82619  4.06953  2.67434  3.60273  4.39241  2.49911  3.93736  2.96295  3.18386  2.34256  1.80464  3.65155  5.77923  4.37284     78 t - - -
          2.68619  4.42226  2.77521  2.73125  3.46355  2.40514  3.72496  3.29355  2.67742  2.69356  4.24691  2.90318  2.73741  3.18148  2.89802  2.37888  2.77521  2.98520  4.58478  3.61505
          0.17367  2.49102  2.56913  0.34998  1.21977  0.48576  0.95510
     74   2.36678  5.08434  2.83966  2.52144  4.51418  3.44770  3.82794  3.96709  2.56275  3.51825  4.33792  2.49779  3.95877  1.36113  2.97042  2.82373  3.09934  3.57764  5.68531  4.33003     80 q - - -
          2.68618  4.42225  2.77519  2.73123  3.46354  2.40513  3.72494  3.29354  2.67741  2.69355  4.24690  2.90347  2.73739  3.18146  2.89801  2.37887  2.77519  2.98518  4.58477  3.61503
          0.01953  4.34139  5.06374  0.61958  0.77255  0.59110  0.80681
     75   2.65799  4.44998  2.85804  2.89400  3.64333  3.59734  3.89446  2.50902  2.86830  2.68684  3.58473  3.32162  4.00192  3.18183  3.24899  2.48911  2.25054  1.92021  5.07718  3.82770     81 v - - -
          2.68618  4.42225  2.77519  2.73123  3.46354  2.40513  3.72494  3.29354  2.67741  2.69355  4.24690  2.90347  2.73739  3.18146  2.89801  2.37887  2.77519  2.98518  4.58477  3.61503
          0.01953  4.34139  5.06374  0.61958  0.77255  0.50467  0.92560
     76   2.81603  4.52520  5.01692  4.53218  3.87178  4.55433  5.23965  1.62963  4.43397  2.43111  3.66961  4.70260  4.91037  4.70433  4.62629  3.95117  3.48609  0.78646  5.78716  4.57179     82 v - - -
          2.68618  4.42225  2.77519  2.73123  3.46354  2.40513  3.72494  3.29354  2.67741  2.69355  4.24690  2.90347  2.73739  3.18146  2.89801  2.37887  2.77519  2.98518  4.58477  3.61503
          0.01881  4.37874  5.10109  0.61958  0.77255  0.45339  1.00915
     77   2.79407  5.07934  2.80350  2.51507  4.60600  2.01853  3.88585  4.06880  2.48343  3.61306  4.41226  1.64048  3.95593  3.03277  3.17276  2.31899  3.09617  3.63969  5.78955  4.41345     83 n - - -
          2.68618  4.42225  2.77519  2.73123  3.46354  2.40513  3.72494  3.29354  2.67741  2.69355  4.24690  2.90347  2.73739  3.18146  2.89801  2.37887  2.77519  2.98518  4.58477  3.61503
          0.01814  4.41474  5.13709  0.61958  0.77255  0.48576  0.95510
     78   2.97588  5.25323  2.30801  2.50017  4.89971  1.00901  4.10039  4.41988  3.11962  3.97066  4.81518  2.38545  4.04903  3.28758  3.66060  2.96119  3.33939  3.94100  6.12837  4.70034     84 g - - -
          2.68618  4.42225  2.77519  2.73123  3.46354  2.40513  3.72494  3.29354  2.67741  2.69355  4.24690  2.90347  2.73739  3.18146  2.89801  2.37887  2.77519  2.98518  4.58477  3.61503
          0.01814  4.41474  5.13709  0.61958  0.77255  0.48576  0.95510
     79   2.68852  4.38008  4.66231  4.13380  3.68528  4.18419  4.73328  1.61920  4.02035  2.48757  3.57956  4.29666  4.58250  4.26544  4.20031  3.17151  3.14661  1.02179  5.37185  4.16784     85 v - - -
          2.68618  4.42225  2.77519  2.73123  3.46354  2.40513  3.72494  3.29354  2.67741  2.69355  4.24690  2.90347  2.73739  3.18146  2.89801  2.37887  2.77519  2.98518  4.58477  3.61503
          0.01814  4.41474  5.13709  0.61958  0.77255  0.48576  0.95510
     80   2.37434  3.34678  3.47958  2.29396  3.60102  3.61713  3.88710  2.57550  2.87808  2.66705  3.55440  3.33859  4.00870  3.18897  3.25075  2.51918  2.28605  2.40777  5.03219  3.78848     86 t - - -
          2.68618  4.42225  2.77519  2.73123  3.46354  2.40513  3.72494  3.29354  2.67741  2.69355  4.24690  2.90347  2.73739  3.18146  2.89801  2.37887  2.77519  2.98518  4.58477  3.61503
          0.01814  4.41474  5.13709  0.61958  0.77255  0.48576  0.95510
     81   2.67472  4.89936  2.68421  2.50168  4.14861  3.49689  3.70269  3.56843  2.49367  2.47091  3.97183  2.66279  3.88963  2.84759  2.36242  2.42828  2.58002  2.80693  5.39968  4.05931     87 r - - -
          2.68618  4.42225  2.77519  2.73123  3.46354  2.40513  3.72494  3.29354  2.67741  2.69355  4.24690  2.90347  2.73739  3.18146  2.89801  2.37887  2.77519  2.98518  4.58477  3.61503
          0.01814  4.41474  5.13709  0.61958  0.77255  0.48576  0.95510
     82   2.72229  4.56208  3.87600  3.58764  4.22194  3.45129  4.55953  3.36120  3.53312  3.18909  4.25033  3.76506  0.85359  3.89189  3.79590  2.93488  3.17387  2.32643  5.71633  4.47524     88 p - - -
          2.68618  4.42225  2.77519  2.73123  3.46354  2.40513  3.72494  3.29354  2.67741  2.69355  4.24690  2.90347  2.73739  3.18146  2.89801  2.37887  2.77519  2.98518  4.58477  3.61503
          0.01814  4.41474  5.13709  0.61958  0.77255  0.48576  0.95510
     83   2.66806  4.26436  3.94202  3.38955  3.47839  3.36297  4.12489  2.22345  3.30664  2.52892  3.45907  3.66119  4.12199  3.57275  3.56950  2.54279  1.98335  1.70704  4.97885  3.77284     89 v - - -
          2.68618  4.42225  2.77519  2.73123  3.46354  2.40513  3.72494  3.29354  2.67741  2.69355  4.24690  2.90347  2.73739  3.18146  2.89801  2.37887  2.77519  2.98518  4.58477  3.61503
          0.01814  4.41474  5.13709  0.61958  0.77255  0.48576  0.95510
     84   2.05414  4.30189  4.05803  3.51873  3.57312  3.72864  4.25783  2.19410  3.43616  2.56440  3.53264  3.76682  4.19479  3.70219  3.69430  2.21657  3.00411  1.50224  5.10581  3.89927     90 v - - -
          2.68618  4.42225  2.77519  2.73123  3.46354  2.40513  3.72494  3.29354  2.67741  2.69355  4.24690  2.90347  2.73739  3.18146  2.89801  2.37887  2.77519  2.98518  4.58477  3.61503
          0.01814  4.41474  5.13709  0.61958  0.77255  0.48576  0.95510
     85   2.08853  4.48309  3.49373  2.54586  3.75311  3.59472  3.99502  2.90905  2.96205  2.77815  3.68689  3.39146  4.04540  3.28113  3.33347  2.88482  2.22974  1.71187  5.19197  3.94520     91 v - - -
          2.68618  4.42225  2.77519  2.73123  3.46354  2.40513  3.72494  3.29354  2.67741  2.69355  4.24690  2.90347  2.73739  3.18146  2.89801  2.37887  2.77519  2.98518  4.58477  3.61503
          0.01814  4.41474  5.13709  0.61958  0.77255  0.48576  0.95510
     86   3.32370  5.13540  4.02998  3.34457  3.76289  3.98561  3.95553  3.82586  2.44782  3.32072  4.29849  3.67645  4.37316  3.26329  0.92530  3.41242  3.52085  3.59360  2.31437  3.70342     92 r - - -
          2.68618  4.42225  2.77519  2.73123  3.46354  2.40513  3.72494  3.29354  2.67741  2.69355  4.24690  2.90347  2.73739  3.18146  2.89801  2.37887  2.77519  2.98518  4.58477  3.61503
          0.01814  4.41474  5.13709  0.61958  0.77255  0.48576  0.95510
     87   2.71435  4.95695  3.08785  2.52579  4.22927  3.52028  3.70481  3.64876  2.20405  3.22623  4.03153  3.04244  3.91153  2.41668  2.52814  2.53754  1.94586  2.82933  5.44004  4.10677     93 t - - -
          2.68618  4.42225  2.77519  2.73123  3.46354  2.40513  3.72494  3.29354  2.67741  2.69355  4.24690  2.90347  2.73739  3.18146  2.89801  2.37887  2.77519  2.98518  4.58477  3.61503
          0.01814  4.41474  5.13709  0.61958  0.77255  0.48576  0.95510
     88   0.95288  4.36473  3.84979  3.55790  4.68158  2.30334  4.58781  4.12022  3.61648  3.79576  4.59383  3.61587  3.92296  3.86754  3.91248  1.74350  2.93225  3.48601  6.01418  4.83072     94 a - - -
          2.68618  4.42225  2.77519  2.73123  3.46354  2.40513  3.72494  3.29354  2.67741  2.69355  4.24690  2.90347  2.73739  3.18146  2.89801  2.37887  2.77519  2.98518  4.58477  3.61503
          0.01814  4.41474  5.13709  0.61958  0.77255  0.48576  0.95510
     89   2.93633  4.36356  4.40717  3.85612  2.70226  4.02680  4.07973  2.24845  3.72050  2.36856  3.41477  3.98614  4.38014  3.90271  3.86856  3.22217  3.16986  2.14005  4.52560  1.34607     95 y - - -
          2.68618  4.42225  2.77519  2.73123  3.46354  2.40513  3.72494  3.29354  2.67741  2.69355  4.24690  2.90347  2.73739  3.18146  2.89801  2.37887  2.77519  2.98518  4.58477  3.61503
          0.01814  4.41474  5.13709  0.61958  0.77255  0.48576  0.95510
     90   1.41187  4.34253  3.90509  3.36938  3.59580  3.67185  4.17537  2.67285  3.27124  2.24724  3.55682  3.65835  4.14219  3.57294  3.42862  2.92015  2.98822  1.92126  5.10882  3.89465     96 a - - -
          2.68618  4.42225  2.77519  2.73123  3.46354  2.40513  3.72494  3.29354  2.67741  2.69355  4.24690  2.90347  2.73739  3.18146  2.89801  2.37887  2.77519  2.98518  4.58477  3.61503
          0.01814  4.41474  5.13709  0.61958  0.77255  0.48576  0.95510
     91   2.82271  5.22694  1.65497  2.40502  4.63801  3.42455  3.82253  4.11444  2.67111  3.63626  4.42183  2.49035  3.93768  2.95641  3.18582  2.09630  2.23711  3.68848  5.80453  4.38909     97 d - - -
          2.68618  4.42225  2.77519  2.73123  3.46354  2.40513  3.72494  3.29354  2.67741  2.69355  4.24690  2.90347  2.73739  3.18146  2.89801  2.37887  2.77519  2.98518  4.58477  3.61503
          0.01814  4.41474  5.13709  0.61958  0.77255  0.48576  0.95510
     92   2.16991  4.37753  4.78246  4.21522  3.49092  4.29709  4.68950  1.42724  4.08645  1.90146  2.92349  4.36556  4.61420  4.27663  4.21504  3.62409  3.26971  1.61917  5.21808  4.04419     98 i - - -
          2.68618  4.42225  2.77519  2.73123  3.46354  2.40513  3.72494  3.29354  2.67741  2.69355  4.24690  2.90347  2.73739  3.18146  2.89801  2.37887  2.77519  2.98518  4.58477  3.61503
          0.01814  4.41474  5.13709  0.61958  0.77255  0.48576  0.95510
     93   2.93753  5.40130  1.93727  1.82509  4.72412  3.44442  3.85429  4.19469  2.74350  3.72094  4.52580  2.92678  3.97888  2.99645  3.27753  2.87622  1.57307  3.78654  5.89556  4.45636     99 t - - -
          2.68618  4.42225  2.77519  2.73123  3.46354  2.40513  3.72494  3.29354  2.67741  2.69355  4.24690  2.90347  2.73739  3.18146  2.89801  2.37887  2.77519  2.98518  4.58477  3.61503
          0.01814  4.41474  5.13709  0.61958  0.77255  0.48576  0.95510
     94   3.72146  4.98601  5.23925  4.78074  1.18209  4.83147  4.55587  2.64132  4.61581  1.11271  3.21227  4.79846  5.02462  4.59330  4.62989  4.22244  3.94209  2.81404  4.68977  3.16647    100 l - - -
          2.68618  4.42225  2.77519  2.73123  3.46354  2.40513  3.72494  3.29354  2.67741  2.69355  4.24690  2.90347  2.73739  3.18146  2.89801  2.37887  2.77519  2.98518  4.58477  3.61503
          0.01814  4.41474  5.13709  0.61958  0.77255  0.48576  0.95510
     95   2.74597  5.05912  2.47052  2.46282  4.42420  3.44757  3.77682  3.87145  2.58519  3.42923  4.22324  2.99534  3.91548  2.50859  3.06739  2.13315  1.68760  3.48677  5.62575  4.25123    101 t - - -
          2.68618  4.42225  2.77519  2.73123  3.46354  2.40513  3.72494  3.29354  2.67741  2.69355  4.24690  2.90347  2.73739  3.18146  2.89801  2.37887  2.77519  2.98518  4.58477  3.61503
          0.01814  4.41474  5.13709  0.61958  0.77255  0.48576  0.95510
     96   2.85768  4.27198  4.45048  3.88204  1.59354  3.97472  4.13031  1.98271  3.73164  2.26355  3.30415  3.99115  4.32801  3.90248  3.84827  3.27990  2.57551  2.42342  4.60287  2.65407    102 f - - -
          2.68618  4.42225  2.77519  2.73123  3.46354  2.40513  3.72494  3.29354  2.67741  2.69355  4.24690  2.90347  2.73739  3.18146  2.89801  2.37887  2.77519  2.98518  4.58477  3.61503
          0.01814  4.41474  5.13709  0.61958  0.77255  0.48576  0.95510
     97   2.36144  5.07779  1.51455  2.47902  4.56836  3.40752  3.86040  4.01631  2.71182  3.57619  4.37126  3.00759  2.49186  3.00301  3.21116  2.77052  2.54759  3.59549  5.76663  4.37822    103 d - - -
          2.68618  4.42225  2.77519  2.73123  3.46354  2.40513  3.72494  3.29354  2.67741  2.69355  4.24690  2.90347  2.73739  3.18146  2.89801  2.37887  2.77519  2.98518  4.58477  3.61503
          0.01814  4.41474  5.13709  0.61958  0.77255  0.48576  0.95510
     98   2.00865  4.80808  3.13543  2.57812  4.03617  2.96841  3.73530  2.57561  2.28888  3.06268  3.89160  3.08372  3.91894  2.72023  2.61314  2.58480  2.91786  3.13571  5.32602  4.01280    104 a - - -
          2.68618  4.42225  2.77519  2.73123  3.46354  2.40513  3.72494  3.29354  2.67741  2.69355  4.24690  2.90347  2.73739  3.18146  2.89801  2.37887  2.77519  2.98518  4.58477  3.61503
          0.01814  4.41474  5.13709  0.61958  0.77255  0.48576  0.95510
     99   2.38155  4.45644  3.45260  2.88884  2.61236  3.61696  3.86676  2.97708  2.84334  2.67854  3.56246  3.31818  4.00284  3.16258  2.45203  2.52001  2.29293  2.74131  5.02788  3.08032    105 t - - -
          2.68618  4.42225  2.77519  2.73123  3.46354  2.40513  3.72494  3.29354  2.67741  2.69355  4.24690  2.90347  2.73739  3.18146  2.89801  2.37887  2.77519  2.98518  4.58477  3.61503
          0.01814  4.41474  5.13709  0.61958  0.77255  0.48576  0.95510
    100   1.65433  4.37805  3.85194  3.60886  4.70145  3.15265  4.63799  4.10710  3.66605  3.82610  4.64590  3.64651  3.94335  3.93130  3.93852  0.83041  2.96089  3.48527  6.04716  4.85769    106 s - - -
          2.68618  4.42225  2.77519  2.73123  3.46354  2.40513  3.72494  3.29354  2.67741  2.69355  4.24690  2.90347  2.73739  3.18146  2.89801  2.37887  2.77519  2.98518  4.58477  3.61503
          0.01814  4.41474  5.13709  0.61958  0.77255  0.48576  0.95510
    101   2.01760  4.38929  3.94154  3.67551  4.50275  3.23290  4.63748  3.64150  3.65010  3.52517  4.44267  3.71159  4.00200  3.95585  3.89629  2.70596  0.78714  3.20241  5.91981  4.73677    107 t - - -
          2.68618  4.42225  2.77519  2.73123  3.46354  2.40513  3.72494  3.29354  2.67741  2.69355  4.24690  2.90347  2.73739  3.18146  2.89801  2.37887  2.77519  2.98518  4.58477  3.61503
          0.01814  4.41474  5.13709  0.61958  0.77255  0.48576  0.95510
    102   2.69091  5.01624  2.69132  1.86855  4.29337  3.47662  3.68896  3.72776  2.46633  2.83457  4.08066  2.62469  3.87900  2.81643  2.94528  2.69085  2.33420  2.83337  5.49627  4.12943    108 e - - -
          2.68618  4.42225  2.77519  2.73123  3.46354  2.40513  3.72494  3.29354  2.67741  2.69355  4.24690  2.90347  2.73739  3.18146  2.89801  2.37887  2.77519  2.98518  4.58477  3.61503
          0.01814  4.41474  5.13709  0.61958  0.77255  0.48576  0.95510
    103   2.42002  5.16796  2.58566  2.04541  4.49970  3.45179  3.64931  3.97706  2.18745  3.46730  4.21371  2.92375  3.85172  2.24909  2.83793  2.39422  2.59271  3.46482  5.60804  4.20366    109 e - - -
          2.68618  4.42225  2.77519  2.73123  3.46354  2.40513  3.72494  3.29354  2.67741  2.69355  4.24690  2.90347  2.73739  3.18146  2.89801  2.37887  2.77519  2.98518  4.58477  3.61503
          0.01814  4.41474  5.13709  0.61958  0.77255  0.48576  0.95510
    104   3.25331  5.90168  1.67717  0.89435  5.18720  3.44661  4.03354  4.74190  3.10290  4.21007  5.07736  2.90174  4.09486  3.20482  3.73684  3.10987  3.55152  4.28834  6.34341  4.80205    110 e - - -
          2.68618  4.42225  2.77519  2.73123  3.46354  2.40513  3.72494  3.29354  2.67741  2.69355  4.24690  2.90347  2.73739  3.18146  2.89801  2.37887  2.77519  2.98518  4.58477  3.61503
          0.01814  4.41474  5.13709  0.61958  0.77255  0.48576  0.95510
    105   2.76580  3.13661  3.73737  3.14533  3.90388  3.62615  4.02304  3.12306  2.74032  2.89945  3.83580  3.49244  4.10122  3.28462  1.26770  2.95387  3.05492  2.41395  5.29217  4.06182    111 r - - -
          2.68618  4.42225  2.77519  2.73123  3.46354  2.40513  3.72494  3.29354  2.67741  2.69355  4.24690  2.90347  2.73739  3.18146  2.89801  2.37887  2.77519  2.98518  4.58477  3.61503
          0.01814  4.41474  5.13709  0.61958  0.77255  0.48576  0.95510
    106   2.42170  5.14570  2.91060  2.18352  4.47372  3.46369  3.67641  3.93846  1.85736  3.44705  4.20874  2.33073  3.87401  2.78695  2.89709  2.40206  2.59172  3.53075  5.60201  4.21103    112 k - - -
          2.68618  4.42225  2.77519  2.73123  3.46354  2.40513  3.72494  3.29354  2.67741  2.69355  4.24690  2.90347  2.73739  3.18146  2.89801  2.37887  2.77519  2.98518  4.58477  3.61503
          0.01814  4.41474  5.13709  0.61958  0.77255  0.48576  0.95510
    107   2.67027  4.77386  2.03761  2.55862  3.64069  3.51133  3.72305  3.41231  2.55250  2.54940  3.86819  2.68833  3.89918  2.89635  3.00486  2.72621  2.48310  2.83357  5.27555  3.98740    113 d - - -
          2.68618  4.42225  2.77519  2.73123  3.46354  2.40513  3.72494  3.29354  2.67741  2.69355  4.24690  2.90347  2.73739  3.18146  2.89801  2.37887  2.77519  2.98518  4.58477  3.61503
          0.01814  4.41474  5.13709  0.61958  0.77255  0.48576  0.95510
    108   3.38021  4.65362  5.26179  4.70136  2.62403  4.72992  5.09222  1.13158  4.57037  1.43084  3.19107  4.84293  4.93546  4.63917  4.62405  4.08838  3.60948  1.93566  5.37120  4.25382    114 i - - -
          2.68618  4.42225  2.77519  2.73123  3.46354  2.40513  3.72494  3.29354  2.67741  2.69355  4.24690  2.90347  2.73739  3.18146  2.89801  2.37887  2.77519  2.98518  4.58477  3.61503
          0.01814  4.41474  5.13709  0.61958  0.77255  0.48576  0.95510
    109   2.31129  4.47078  3.57101  3.03078  3.77970  3.55244  3.98969  3.06116  2.89762  2.82725  3.71989  3.40668  4.02557  3.27628  2.32263  2.44403  2.94937  1.57515  5.19301  3.95649    115 v - - -
          2.68618  4.42225  2.77519  2.73123  3.46354  2.40513  3.72494  3.29354  2.67741  2.69355  4.24690  2.90347  2.73739  3.18146  2.89801  2.37887  2.77519  2.98518  4.58477  3.61503
          0.01814  4.41474  5.13709  0.61958  0.77255  0.48576  0.95510
    110   2.66515  4.86448  3.09572  2.61809  4.38679  2.12188  3.83628  3.82071  2.02562  3.39626  4.19290  3.10171  3.91290  2.98167  3.04030  2.08315  2.21002  3.41784  5.59758  4.26469    116 k - - -
          2.68618  4.42225  2.77519  2.73123  3.46354  2.40513  3.72494  3.29354  2.67741  2.69355  4.24690  2.90347  2.73739  3.18146  2.89801  2.37887  2.77519  2.98518  4.58477  3.61503
          0.01814  4.41474  5.13709  0.61958  0.77255  0.48576  0.95510
    111   2.36998  4.21034  3.92803  2.82393  2.80492  3.73736  4.02538  2.35473  3.25944  2.15626  2.21490  3.63542  4.10932  3.51164  3.50513  2.60997  2.90287  2.45251  4.81662  3.61452    117 l - - -
          2.68618  4.42225  2.77519  2.73123  3.46354  2.40513  3.72494  3.29354  2.67741  2.69355  4.24690  2.90347  2.73739  3.18146  2.89801  2.37887  2.77519  2.98518  4.58477  3.61503
          0.01814  4.41474  5.13709  0.61958  0.77255  0.48576  0.95510
    112   3.26415  4.56986  5.15343  4.56455  2.19087  4.53557  4.86677  1.56099  4.40528  1.38440  2.49519  4.66643  4.76838  4.45431  4.42584  3.87440  3.48739  2.00497  5.17790  4.09000    118 l - - -
          2.68618  4.42225  2.77519  2.73123  3.46354  2.40513  3.72494  3.29354  2.67741  2.69355  4.24690  2.90347  2.73739  3.18146  2.89801  2.37887  2.77519  2.98518  4.58477  3.61503
          0.01814  4.41474  5.13709  0.61958  0.77255  0.48576  0.95510
    113   1.59034  4.93473  3.00932  2.58509  4.35866  3.45713  3.82853  3.78539  2.59909  3.37281  4.18643  2.59115  3.94110  1.95172  3.02913  2.76525  3.01091  3.30818  5.58260  4.24437    119 a - - -
          2.68618  4.42225  2.77519  2.73123  3.46354  2.40513  3.72494  3.29354  2.67741  2.69355  4.24690  2.90347  2.73739  3.18146  2.89801  2.37887  2.77519  2.98518  4.58477  3.61503
          0.01814  4.41474  5.13709  0.61958  0.77255  0.48576  0.95510
    114   2.41673  5.18356  2.02665  2.38736  4.53253  2.52153  3.70582  4.00723  2.48176  3.51085  4.27159  2.55979  3.88193  2.81877  2.58920  2.39331  2.97737  3.58666  5.66388  4.25830    120 d - - -
          2.68618  4.42225  2.77519  2.73123  3.46354  2.40513  3.72494  3.29354  2.67741  2.69355  4.24690  2.90347  2.73739  3.18146  2.89801  2.37887  2.77519  2.98518  4.58477  3.61503
          0.01814  4.41474  5.13709  0.61958  0.77255  0.48576  0.95510
    115   1.97291  4.36700  3.71483  3.22299  3.72559  3.49529  4.12078  3.04083  3.16579  1.51723  3.69231  3.52060  3.71751  3.47025  3.47860  2.08881  2.93759  2.78198  5.18433  3.96326    121 l - - -
          2.68618  4.42225  2.77519  2.73123  3.46354  2.40513  3.72494  3.29354  2.67741  2.69355  4.24690  2.90347  2.73739  3.18146  2.89801  2.37887  2.77519  2.98518  4.58477  3.61503
          0.01814  4.41474  5.13709  0.61958  0.77255  0.48576  0.95510
    116   3.71417  4.97123  5.44939  4.87367  2.46413  5.00619  5.18944  2.45149  4.73392  0.65246  2.36521  5.08258  5.08067  4.66715  4.73684  4.37260  3.91639  2.70895  5.28439  4.20310    122 L - - -
          2.68618  4.42225  2.77519  2.73123  3.46354  2.40513  3.72494  3.29354  2.67741  2.69355  4.24690  2.90347  2.73739  3.18146  2.89801  2.37887  2.77519  2.98518  4.58477  3.61503
          0.01814  4.41474  5.13709  0.61958  0.77255  0.48576  0.95510
    117   2.00013  5.19620  2.17080  2.40305  4.55336  2.84354  3.74238  4.02144  1.79686  3.53529  4.30807  2.95013  3.90695  2.86309  3.01788  2.74076  3.02130  3.60781  5.69538  4.29401    123 k - - -
          2.68618  4.42225  2.77519  2.73123  3.46354  2.40513  3.72494  3.29354  2.67741  2.69355  4.24690  2.90347  2.73739  3.18146  2.89801  2.37887  2.77519  2.98518  4.58477  3.61503
          0.01814  4.41474  5.13709  0.61958  0.77255  0.48576  0.95510
    118   2.38894  4.78283  2.52630  2.57866  4.02936  3.41834  3.74809  3.42878  2.57498  2.67323  3.88963  3.08285  2.74254  2.91818  3.02734  2.64547  2.31215  2.71410  5.33053  4.01428    124 t - - -
          2.68618  4.42225  2.77519  2.73123  3.46354  2.40513  3.72494  3.29354  2.67741  2.69355  4.24690  2.90347  2.73739  3.18146  2.89801  2.37887  2.77519  2.98518  4.58477  3.61503
          0.01814  4.41474  5.13709  0.61958  0.77255  0.48576  0.95510
    119   2.07346  5.04408  1.85738  2.48485  4.56553  2.36820  3.83267  4.03324  2.65980  3.56955  4.34834  3.00770  3.15647  2.96626  3.15531  2.34942  3.01916  3.59310  5.74383  4.35678    125 d - - -
          2.68618  4.42225  2.77519  2.73123  3.46354  2.40513  3.72494  3.29354  2.67741  2.69355  4.24690  2.90347  2.73739  3.18146  2.89801  2.37887  2.77519  2.98518  4.58477  3.61503
          0.09288  4.41474  2.56913  0.61958  0.77255  0.48576  0.95510
    120   2.84385  5.06569  3.10165  2.59859  4.34817  3.57039  3.73455  3.76694  1.61084  2.52287  4.16012  2.01095  3.98142  2.87832  2.68698  2.85368  3.06770  3.43545  5.50017  4.18605    126 k - - -
          2.68618  4.42225  2.77519  2.73123  3.46354  2.40513  3.72494  3.29354  2.67741  2.69355  4.24690  2.90347  2.73739  3.18146  2.89801  2.37887  2.77519  2.98518  4.58477  3.61503
          0.28458  4.34139  1.44964  0.61958  0.77255  0.59110  0.80681
    121   2.25823  4.52803  3.17323  2.63315  3.78016  3.42725  3.72902  3.15397  2.59485  2.82497  2.94700  3.09725  3.85201  2.52605  3.00535  2.34266  2.43984  2.87533  5.13862  3.85999    127 a - - -
          2.68618  4.42225  2.77519  2.73123  3.46354  2.40513  3.72494  3.29354  2.67741  2.69355  4.24690  2.90347  2.73739  3.18146  2.89801  2.37887  2.77519  2.98518  4.58477  3.61503
          0.02538  4.08219  4.80454  0.61958  0.77255  0.30980  1.32274
    122   2.36101  4.42572  3.84047  3.31379  3.54796  3.71695  4.16056  2.76813  3.21353  1.42797  3.36629  3.64039  2.22346  3.52829  3.50799  3.03162  3.03701  2.60776  5.11379  3.90524    128 l - - -
          2.68618  4.42225  2.77519  2.73123  3.46354  2.40513  3.72494  3.29354  2.67741  2.69355  4.24690  2.90347  2.73739  3.18146  2.89801  2.37887  2.77519  2.98518  4.58477  3.61503
          0.01814  4.41474  5.13709  0.61958  0.77255  0.48576  0.95510
    123   3.38656  4.62020  5.34420  4.83571  3.75774  4.88845  5.45314  1.37791  4.74276  1.78163  3.52762  5.00591  5.11239  4.93502  4.87813  4.28404  3.63615  0.99571  5.79715  4.63164    129 v - - -
          2.68618  4.42225  2.77519  2.73123  3.46354  2.40513  3.72494  3.29354  2.67741  2.69355  4.24690  2.90347  2.73739  3.18146  2.89801  2.37887  2.77519  2.98518  4.58477  3.61503
          0.01814  4.41474  5.13709  0.61958  0.77255  0.48576  0.95510
    124   2.40802  4.89842  3.05833  2.50439  4.14699  3.49880  3.08311  3.31902  2.26412  3.16244  3.97061  2.18900  3.17979  2.84841  2.95390  2.70418  2.86074  2.64430  5.39799  4.05870    130 n - - -
          2.68618  4.42225  2.77519  2.73123  3.46354  2.40513  3.72494  3.29354  2.67741  2.69355  4.24690  2.90347  2.73739  3.18146  2.89801  2.37887  2.77519  2.98518  4.58477  3.61503
          0.01814  4.41474  5.13709  0.61958  0.77255  0.48576  0.95510
    125   2.91181  5.46905  1.56591  2.13017  4.78487  2.75919  3.80453  4.28851  2.66588  3.76429  4.54150  2.40344  3.95165  2.46990  3.20576  2.40853  3.16579  3.84852  5.90588  4.44763    131 d - - -
          2.68619  4.42226  2.77521  2.73125  3.46355  2.40496  3.72496  3.29355  2.67742  2.69356  4.24691  2.90348  2.73741  3.18148  2.89802  2.37888  2.77521  2.98520  4.58478  3.61505
          0.09288  2.49102  5.13709  0.34998  1.21977  0.48576  0.95510
    126   1.29939  2.94170  4.13216  3.64148  3.82439  3.42068  4.38049  2.95472  3.55344  2.86614  3.78950  3.74168  4.05241  3.80438  3.79359  2.81547  2.03566  2.23025  5.31318  4.12290    133 a - - -
          2.68618  4.42225  2.77519  2.73123  3.46354  2.40513  3.72494  3.29354  2.67741  2.69355  4.24690  2.90347  2.73739  3.18146  2.89801  2.37887  2.77519  2.98518  4.58477  3.61503
          0.01814  4.41474  5.13709  0.61958  0.77255  0.48576  0.95510
    127   3.41280  4.64187  5.36893  4.86556  3.76170  4.92594  5.50351  0.94431  4.77340  1.88743  3.52483  5.04381  5.14215  4.96695  4.91247  4.32787  3.66333  1.36898  5.83030  4.66721    134 i - - -
          2.68618  4.42225  2.77519  2.73123  3.46354  2.40513  3.72494  3.29354  2.67741  2.69355  4.24690  2.90347  2.73739  3.18146  2.89801  2.37887  2.77519  2.98518  4.58477  3.61503
          0.01814  4.41474  5.13709  0.61958  0.77255  0.48576  0.95510
    128   2.14239  4.55646  2.47818  2.81647  3.77204  3.58613  3.87989  2.61537  2.80611  2.80938  3.69409  3.26981  3.99702  3.12792  3.21223  2.48778  2.92905  1.99736  5.17738  3.91095    135 v - - -
          2.68618  4.42225  2.77519  2.73123  3.46354  2.40513  3.72494  3.29354  2.67741  2.69355  4.24690  2.90347  2.73739  3.18146  2.89801  2.37887  2.77519  2.98518  4.58477  3.61503
          0.01814  4.41474  5.13709  0.61958  0.77255  0.48576  0.95510
    129   2.42812  5.21050  2.50373  2.37772  4.53968  3.45499  3.68499  4.01608  2.01391  3.50979  4.26593  1.98090  3.87787  2.70281  2.88052  2.40010  2.97070  3.59478  5.65453  4.24782    136 n - - -
          2.68618  4.42225  2.77519  2.73123  3.46354  2.40513  3.72494  3.29354  2.67741  2.69355  4.24690  2.90347  2.73739  3.18146  2.89801  2.37887  2.77519  2.98518  4.58477  3.61503
          0.01814  4.41474  5.13709  0.61958  0.77255  0.48576  0.95510
    130   2.73516  4.42178  3.62377  3.08524  3.52841  3.70549  3.97541  2.82964  2.97651  1.56600  3.49914  2.86234  4.09498  2.77839  3.29346  2.97872  2.97171  2.08617  5.00882  3.77597    137 l - - -
          2.68618  4.42225  2.77519  2.73123  3.46354  2.40513  3.72494  3.29354  2.67741  2.69355  4.24690  2.90347  2.73739  3.18146  2.89801  2.37887  2.77519  2.98518  4.58477  3.61503
          0.01814  4.41474  5.13709  0.61958  0.77255  0.48576  0.95510
    131   2.82502  5.35672  2.33469  1.72114  4.68193  2.82208  3.74497  4.17636  2.55756  3.65505  4.41716  2.49728  3.91366  2.46848  3.07719  2.13724  3.07001  3.73949  5.79368  4.35627    138 e - - -
          2.68618  4.42225  2.77519  2.73123  3.46354  2.40513  3.72494  3.29354  2.67741  2.69355  4.24690  2.90347  2.73739  3.18146  2.89801  2.37887  2.77519  2.98518  4.58477  3.61503
          0.01814  4.41474  5.13709  0.61958  0.77255  0.48576  0.95510
    132   2.81226  4.72078  3.68383  3.57134  4.96734  0.59102  4.76557  4.51345  3.80979  4.14406  5.00185  3.77829  2.51907  4.07691  4.09391  2.98008  3.32229  3.88843  6.14553  5.06270    139 G - - -
          2.68618  4.42225  2.77519  2.73123  3.46354  2.40513  3.72494  3.29354  2.67741  2.69355  4.24690  2.90347  2.73739  3.18146  2.89801  2.37887  2.77519  2.98518  4.58477  3.61503
          0.01814  4.41474  5.13709  0.61958  0.77255  0.48576  0.95510
    133   2.50725  4.35790  4.86050  4.29017  2.74320  4.29973  4.69125  1.49953  4.14748  1.94582  3.36170  4.40028  4.61521  4.31812  4.24334  3.63053  3.26299  1.41835  5.18202  4.00676    140 v - - -
          2.68618  4.42225  2.77519  2.73123  3.46354  2.40513  3.72494  3.29354  2.67741  2.69355  4.24690  2.90347  2.73739  3.18146  2.89801  2.37887  2.77519  2.98518  4.58477  3.61503
          0.01814  4.41474  5.13709  0.61958  0.77255  0.48576  0.95510
    134   4.11998  5.38469  4.68584  4.54324  2.52969  4.49855  4.01132  4.07012  4.39139  3.37573  4.68931  4.45434  4.97150  4.55510  4.44934  4.18871  4.41568  3.96890  4.18401  0.39245    141 Y - - -
          2.68597  4.42228  2.77523  2.73126  3.46357  2.40498  3.72498  3.29357  2.67744  2.69358  4.24693  2.90350  2.73743  3.18149  2.89804  2.37890  2.77523  2.98521  4.58480  3.61506
          0.16778  1.86782        *  0.24467  1.52769  0.00000        *
//
