HMMER3/f [3.3.2 | Nov 2020]
NAME  vHMM_21239
LENG  108
ALPH  amino
RF    no
MM    no
CONS  yes
CS    no
MAP   yes
DATE  Sat Feb 27 15:15:26 2021
NSEQ  11
EFFN  2.886963
CKSUM 397213722
STATS LOCAL MSV       -9.7542  0.71575
STATS LOCAL VITERBI  -10.5164  0.71575
STATS LOCAL FORWARD   -3.7000  0.71575
CUTOFF SCORE	42.72
TAXON	Inoviridae
TXID	10860
PROTEIN	Minor coat protein
TYPE	Full-length
RANGE	Wide
HMM          A        C        D        E        F        G        H        I        K        L        M        N        P        Q        R        S        T        V        W        Y   
            m->m     m->i     m->d     i->m     i->i     d->m     d->d
  COMPO   2.39922  4.36487  3.40465  3.18738  3.10055  2.93066  4.15362  2.43885  3.06295  2.00268  3.31361  3.39756  3.38095  3.37405  3.26611  2.70036  2.88441  2.31458  4.16375  3.67959
          2.68615  4.42269  2.77512  2.73167  3.46398  2.40485  3.72538  3.29225  2.67784  2.69209  4.24137  2.90390  2.73783  3.18190  2.89844  2.37896  2.77563  2.98562  4.58521  3.61547
          0.72199  1.40937  1.30963  1.53117  0.24371  0.00000        *
      1   2.82539  5.18285  2.43495  2.02919  4.45802  3.53005  3.78903  3.90386  2.58400  3.45276  1.85670  3.02044  3.96856  2.29085  3.06683  2.80813  3.06348  3.53630  5.65161  4.27109     13 m - - -
          2.68618  4.42225  2.77519  2.73123  3.46354  2.40513  3.72494  3.29354  2.67741  2.69355  4.24690  2.90347  2.73739  3.18146  2.89801  2.37887  2.77519  2.98518  4.58477  3.61503
          0.01569  4.55838  5.28073  0.61958  0.77255  0.99118  0.46384
      2   2.86940  4.69555  3.73510  3.31770  3.91153  2.25227  4.25916  3.56965  3.25978  3.23467  4.13385  3.64849  1.75616  3.61343  3.58016  3.04786  3.21506  3.26455  1.53628  4.00689     14 w - - -
          2.68618  4.42225  2.77519  2.73123  3.46354  2.40513  3.72494  3.29354  2.67741  2.69355  4.24690  2.90347  2.73739  3.18146  2.89801  2.37887  2.77519  2.98518  4.58477  3.61503
          0.01569  4.55838  5.28073  0.61958  0.77255  0.99118  0.46384
      3   2.13881  4.31215  4.15186  3.60157  3.50927  3.79418  4.26181  2.62944  3.50109  1.66491  3.48756  3.82878  4.23573  3.75246  3.72795  2.31376  3.03339  1.72304  5.03991  3.84176     15 l - - -
          2.68618  4.42225  2.77519  2.73123  3.46354  2.40513  3.72494  3.29354  2.67741  2.69355  4.24690  2.90347  2.73739  3.18146  2.89801  2.37887  2.77519  2.98518  4.58477  3.61503
          0.01569  4.55838  5.28073  0.61958  0.77255  0.99118  0.46384
      4   2.21361  2.66959  4.75209  4.16908  3.42852  4.13780  4.51779  1.95624  4.00850  1.57270  3.38532  4.25167  4.48795  4.18125  4.09272  3.45889  3.16442  1.72279  5.04617  3.86582     16 l - - -
          2.68618  4.42225  2.77519  2.73123  3.46354  2.40513  3.72494  3.29354  2.67741  2.69355  4.24690  2.90347  2.73739  3.18146  2.89801  2.37887  2.77519  2.98518  4.58477  3.61503
          0.01569  4.55838  5.28073  0.61958  0.77255  0.99118  0.46384
      5   2.75485  4.66103  2.17330  2.82394  3.85583  3.63281  3.92312  3.14565  2.84142  1.90278  3.77876  3.29077  4.04855  3.16192  3.25564  2.28202  3.00111  2.28512  5.25865  3.98240     17 l - - -
          2.68618  4.42225  2.77519  2.73123  3.46354  2.40513  3.72494  3.29354  2.67741  2.69355  4.24690  2.90347  2.73739  3.18146  2.89801  2.37887  2.77519  2.98518  4.58477  3.61503
          0.01569  4.55838  5.28073  0.61958  0.77255  0.99118  0.46384
      6   2.71740  4.67266  3.33423  2.85747  4.00938  2.00455  3.97100  3.38505  2.86109  2.00316  3.92551  2.41004  4.02600  3.19757  3.26606  2.84354  2.27853  3.08935  5.37434  4.09760     18 l - - -
          2.68618  4.42225  2.77519  2.73123  3.46354  2.40513  3.72494  3.29354  2.67741  2.69355  4.24690  2.90347  2.73739  3.18146  2.89801  2.37887  2.77519  2.98518  4.58477  3.61503
          0.01569  4.55838  5.28073  0.61958  0.77255  0.99118  0.46384
      7   2.21485  4.43500  4.73568  4.18343  1.61605  4.20716  4.55696  1.53219  4.04118  2.22142  3.38443  4.30004  4.56542  4.21386  4.15480  3.54017  3.29033  2.25168  5.05010  3.79144     19 i - - -
          2.68618  4.42225  2.77519  2.73123  3.46354  2.40513  3.72494  3.29354  2.67741  2.69355  4.24690  2.90347  2.73739  3.18146  2.89801  2.37887  2.77519  2.98518  4.58477  3.61503
          0.01569  4.55838  5.28073  0.61958  0.77255  0.68640  0.69994
      8   2.76134  4.71946  3.35148  2.80312  3.92132  3.64342  3.89818  3.30382  2.77946  2.37828  2.76212  2.23579  2.29750  3.11789  3.19828  2.32497  3.00185  3.03525  5.28821  4.00706     20 n - - -
          2.68618  4.42225  2.77519  2.73123  3.46354  2.40513  3.72494  3.29354  2.67741  2.69355  4.24690  2.90347  2.73739  3.18146  2.89801  2.37887  2.77519  2.98518  4.58477  3.61503
          0.01399  4.67252  5.39487  0.61958  0.77255  0.84933  0.55809
      9   1.62831  4.61517  3.60394  3.04246  3.80236  3.75292  4.02713  3.01437  2.04854  2.24802  3.73184  3.46790  4.15152  3.30277  3.29442  3.00930  3.06107  2.23538  5.23471  3.98895     21 a - - -
          2.68618  4.42225  2.77519  2.73123  3.46354  2.40513  3.72494  3.29354  2.67741  2.69355  4.24690  2.90347  2.73739  3.18146  2.89801  2.37887  2.77519  2.98518  4.58477  3.61503
          0.01399  4.67252  5.39487  0.61958  0.77255  0.84933  0.55809
     10   3.76746  5.02402  5.61443  5.03665  3.39542  5.09907  5.41882  2.48455  4.88854  0.83391  1.71658  5.22402  5.21024  4.85483  4.89236  4.46953  3.98092  1.96262  5.54800  4.55243     22 l - - -
          2.68618  4.42225  2.77519  2.73123  3.46354  2.40513  3.72494  3.29354  2.67741  2.69355  4.24690  2.90347  2.73739  3.18146  2.89801  2.37887  2.77519  2.98518  4.58477  3.61503
          0.01399  4.67252  5.39487  0.61958  0.77255  0.54455  0.86775
     11   1.92069  4.33568  4.50773  3.91840  3.39399  4.03897  4.36271  1.90430  3.77719  1.67921  2.52481  4.07605  2.84515  3.97121  3.91312  3.33798  3.13651  2.46831  4.96713  3.78980     23 l - - -
          2.68618  4.42225  2.77519  2.73123  3.46354  2.40513  3.72494  3.29354  2.67741  2.69355  4.24690  2.90347  2.73739  3.18146  2.89801  2.37887  2.77519  2.98518  4.58477  3.61503
          0.01262  4.77496  5.49731  0.61958  0.77255  0.68398  0.70240
     12   2.81409  4.92558  3.27167  2.38710  4.14440  3.66028  2.82810  3.54568  2.65953  2.52578  4.00363  3.21497  2.89071  3.03129  2.10767  2.87331  3.04373  2.16222  5.43877  4.12801     24 r - - -
          2.68618  4.42225  2.77519  2.73123  3.46354  2.40513  3.72494  3.29354  2.67741  2.69355  4.24690  2.90347  2.73739  3.18146  2.89801  2.37887  2.77519  2.98518  4.58477  3.61503
          0.01262  4.77496  5.49731  0.61958  0.77255  0.68398  0.70240
     13   4.72185  5.70384  5.64058  5.54422  0.44131  5.24240  4.01101  4.23117  5.30896  3.37156  4.75316  4.86696  5.51798  5.01641  5.12971  4.69189  4.92915  4.22625  2.30560  2.34023     25 F - - -
          2.68618  4.42225  2.77519  2.73123  3.46354  2.40513  3.72494  3.29354  2.67741  2.69355  4.24690  2.90347  2.73739  3.18146  2.89801  2.37887  2.77519  2.98518  4.58477  3.61503
          0.01262  4.77496  5.49731  0.61958  0.77255  0.37919  1.15332
     14   3.82335  5.05692  5.80884  5.24169  3.61172  5.22271  5.59879  1.93382  5.10707  0.86480  2.36726  5.38185  5.35132  5.07796  5.09625  4.60062  4.04408  1.60726  5.73625  4.71747     26 l - - -
          2.68618  4.42225  2.77519  2.73123  3.46354  2.40513  3.72494  3.29354  2.67741  2.69355  4.24690  2.90347  2.73739  3.18146  2.89801  2.37887  2.77519  2.98518  4.58477  3.61503
          0.01149  4.86788  5.59022  0.61958  0.77255  0.48576  0.95510
     15   1.96795  4.29127  4.45773  3.86472  3.38791  2.81771  4.29026  2.72092  3.72042  1.79440  2.60087  4.01290  4.34302  3.91684  3.85311  3.26976  3.08316  2.11664  4.90791  2.38091     27 l - - -
          2.68499  4.42247  2.77542  2.73146  3.46376  2.40535  3.72517  3.29376  2.67763  2.69377  4.24712  2.90369  2.73762  3.18091  2.89823  2.37909  2.77490  2.98414  4.58499  3.61525
          0.10553  2.33906  5.59022  1.67225  0.20804  0.48576  0.95510
     16   2.84276  4.90045  3.34193  2.78139  2.93424  2.79302  3.91526  3.50017  2.74428  2.14978  3.98306  3.27846  2.93125  2.13484  2.27522  2.92026  3.07364  3.21397  5.42582  4.12407     35 q - - -
          2.68618  4.42225  2.77519  2.73123  3.46354  2.40513  3.72494  3.29354  2.67741  2.69355  4.24690  2.90347  2.73739  3.18146  2.89801  2.37887  2.77519  2.98518  4.58477  3.61503
          0.01149  4.86788  5.59022  0.61958  0.77255  0.48576  0.95510
     17   3.80051  5.07751  5.63835  5.05786  3.37563  5.05396  5.21794  2.08437  4.86459  0.58817  3.27917  5.16225  5.21246  4.84819  4.84991  4.40934  4.01171  2.91567  2.74544  4.20731     36 L - - -
          2.68618  4.42225  2.77519  2.73123  3.46354  2.40513  3.72494  3.29354  2.67741  2.69355  4.24690  2.90347  2.73739  3.18146  2.89801  2.37887  2.77519  2.98518  4.58477  3.61503
          0.01149  4.86788  5.59022  0.61958  0.77255  0.48576  0.95510
     18   2.38036  4.48392  4.96250  4.38359  3.62755  4.36005  4.74609  1.95115  4.22721  1.34588  3.56976  4.47161  4.70221  4.40206  4.31450  3.68404  2.48696  1.57433  5.26764  4.08743     37 l - - -
          2.68618  4.42225  2.77519  2.73123  3.46354  2.40513  3.72494  3.29354  2.67741  2.69355  4.24690  2.90347  2.73739  3.18146  2.89801  2.37887  2.77519  2.98518  4.58477  3.61503
          0.01149  4.86788  5.59022  0.61958  0.77255  0.48576  0.95510
     19   2.31541  4.32914  4.31884  3.73386  3.44092  3.95115  4.26727  2.02519  3.61469  1.82102  3.44941  3.93974  2.91619  3.83542  3.79604  2.52478  2.44634  2.13380  4.95195  3.75992     38 l - - -
          2.68618  4.42225  2.77519  2.73123  3.46354  2.40513  3.72494  3.29354  2.67741  2.69355  4.24690  2.90347  2.73739  3.18146  2.89801  2.37887  2.77519  2.98518  4.58477  3.61503
          0.01149  4.86788  5.59022  0.61958  0.77255  0.48576  0.95510
     20   2.29833  4.46164  3.96582  3.40155  3.62638  2.25623  4.19139  2.37398  3.33291  1.89730  3.61278  3.72473  4.25051  3.60751  3.62614  2.45564  2.16257  2.74849  5.10177  3.88911     39 l - - -
          2.68618  4.42225  2.77519  2.73123  3.46354  2.40513  3.72494  3.29354  2.67741  2.69355  4.24690  2.90347  2.73739  3.18146  2.89801  2.37887  2.77519  2.98518  4.58477  3.61503
          0.01149  4.86788  5.59022  0.61958  0.77255  0.48576  0.95510
     21   2.44576  4.72384  5.40922  4.86166  3.84510  4.81620  5.28248  1.51930  4.72760  1.24833  3.68500  4.95705  5.09724  4.88714  4.80778  4.17500  3.68688  1.45045  5.69292  4.53066     40 l - - -
          2.68618  4.42225  2.77519  2.73123  3.46354  2.40513  3.72494  3.29354  2.67741  2.69355  4.24690  2.90347  2.73739  3.18146  2.89801  2.37887  2.77519  2.98518  4.58477  3.61503
          0.01149  4.86788  5.59022  0.61958  0.77255  0.48576  0.95510
     22   2.97680  4.36197  4.77852  4.18737  2.58263  4.16036  4.51406  1.60155  4.02054  2.48945  3.47657  4.26619  2.88453  4.19209  4.10150  3.47303  2.46286  1.46003  5.05701  3.87363     41 v - - -
          2.68618  4.42225  2.77519  2.73123  3.46354  2.40513  3.72494  3.29354  2.67741  2.69355  4.24690  2.90347  2.73739  3.18146  2.89801  2.37887  2.77519  2.98518  4.58477  3.61503
          0.01149  4.86788  5.59022  0.61958  0.77255  0.48576  0.95510
     23   2.28768  5.49863  2.33488  2.74651  5.16379  0.95636  4.30155  4.66279  3.27243  4.19156  5.00323  2.33116  4.27926  3.46563  3.81872  3.15891  3.52273  4.16877  6.36087  4.92718     42 g - - -
          2.68618  4.42225  2.77519  2.73123  3.46354  2.40513  3.72494  3.29354  2.67741  2.69355  4.24690  2.90347  2.73739  3.18146  2.89801  2.37887  2.77519  2.98518  4.58477  3.61503
          0.01149  4.86788  5.59022  0.61958  0.77255  0.48576  0.95510
     24   2.37497  4.51979  4.87038  4.31385  2.30903  4.25421  4.25386  2.95632  4.13013  2.64099  2.06586  4.29462  4.60714  4.24383  4.17474  3.56661  3.37635  2.78472  2.20775  1.64142     43 y - - -
          2.68618  4.42225  2.77519  2.73123  3.46354  2.40513  3.72494  3.29354  2.67741  2.69355  4.24690  2.90347  2.73739  3.18146  2.89801  2.37887  2.77519  2.98518  4.58477  3.61503
          0.43977  4.89702  1.05456  0.61958  0.77255  0.48576  0.95510
     25   3.56598  4.86882  5.28106  4.77086  3.40395  4.83797  5.28307  2.26985  4.59959  0.71687  3.19793  4.97030  5.05977  4.71408  4.68633  4.24245  3.81417  1.72607  5.52430  4.43464     44 l - - -
          2.68618  4.42225  2.77519  2.73123  3.46354  2.40513  3.72494  3.29354  2.67741  2.69355  4.24690  2.90347  2.73739  3.18146  2.89801  2.37887  2.77519  2.98518  4.58477  3.61503
          0.01708  4.47434  5.19668  0.61958  0.77255  1.11539  0.39718
     26   2.21400  4.94231  3.29165  2.69992  4.20978  3.63219  3.77518  2.55273  1.66282  3.18928  4.02886  3.18333  4.01507  2.93318  2.17700  2.87210  3.04406  3.27512  5.42249  4.13896     45 k - - -
          2.68356  4.42292  2.77587  2.73190  3.46319  2.40580  3.72562  3.29248  2.67808  2.69232  4.24757  2.90355  2.73757  3.18214  2.89868  2.37919  2.77484  2.98522  4.58230  3.61570
          0.32845  1.29307  5.19668  2.17674  0.12037  1.11539  0.39718
     27   3.07260  5.65572  1.50054  2.34703  4.95927  3.47218  3.92149  4.48405  2.84221  3.95471  4.76119  2.09460  4.04032  1.68264  3.39880  2.97327  3.34155  4.04051  6.09287  4.60678     59 d - - -
          2.68618  4.42225  2.77519  2.73123  3.46354  2.40513  3.72494  3.29354  2.67741  2.69355  4.24690  2.90347  2.73739  3.18146  2.89801  2.37887  2.77519  2.98518  4.58477  3.61503
          0.01708  4.47434  5.19668  0.61958  0.77255  0.81060  0.58805
     28   1.80432  4.49433  4.94195  4.38851  3.68803  4.45490  4.89742  1.69061  4.26692  1.89296  3.56638  4.53822  4.77809  4.47341  4.40626  3.79409  3.40607  1.32363  5.43198  4.24536     60 v - - -
          2.68618  4.42225  2.77519  2.73123  3.46354  2.40513  3.72494  3.29354  2.67741  2.69355  4.24690  2.90347  2.73739  3.18146  2.89801  2.37887  2.77519  2.98518  4.58477  3.61503
          0.01508  4.59789  5.32024  0.61958  0.77255  0.26412  1.46052
     29   1.95281  4.77299  5.10030  4.54628  1.63015  4.52888  4.80974  2.77275  4.38866  1.09118  3.41776  4.63879  4.85332  4.49563  4.45775  3.86841  3.63180  2.78404  5.19109  3.92820     61 l - - -
          2.68618  4.42225  2.77519  2.73123  3.46354  2.40513  3.72494  3.29354  2.67741  2.69355  4.24690  2.90347  2.73739  3.18146  2.89801  2.37887  2.77519  2.98518  4.58477  3.61503
          0.01116  4.89702  5.61937  0.61958  0.77255  0.48576  0.95510
     30   2.33120  4.32879  4.56859  3.97818  2.59560  4.02837  4.36990  2.69870  3.82641  1.56053  3.43466  4.09986  4.40247  4.01282  3.94161  2.12191  3.13604  1.80367  4.96276  3.77744     62 l - - -
          2.68618  4.42225  2.77519  2.73123  3.46354  2.40513  3.72494  3.29354  2.67741  2.69355  4.24690  2.90347  2.73739  3.18146  2.89801  2.37887  2.77519  2.98518  4.58477  3.61503
          0.01116  4.89702  5.61937  0.61958  0.77255  0.48576  0.95510
     31   2.93099  4.87947  3.56788  3.02558  4.12941  3.77460  4.06976  3.54504  2.29209  3.20146  4.06375  3.46862  4.20956  3.29188  3.21339  2.00572  2.46747  3.26258  1.50416  4.19265     63 w - - -
          2.68618  4.42225  2.77519  2.73123  3.46354  2.40513  3.72494  3.29354  2.67741  2.69355  4.24690  2.90347  2.73739  3.18146  2.89801  2.37887  2.77519  2.98518  4.58477  3.61503
          0.01116  4.89702  5.61937  0.61958  0.77255  0.48576  0.95510
     32   2.35697  4.47298  4.34353  3.77004  1.57807  4.05535  4.33535  2.83201  2.64871  1.53728  3.50031  4.00532  4.42383  3.87745  3.81031  3.34858  3.21156  2.67696  5.02649  3.79712     64 l - - -
          2.68618  4.42225  2.77519  2.73123  3.46354  2.40513  3.72494  3.29354  2.67741  2.69355  4.24690  2.90347  2.73739  3.18146  2.89801  2.37887  2.77519  2.98518  4.58477  3.61503
          0.01116  4.89702  5.61937  0.61958  0.77255  0.48576  0.95510
     33   3.16791  4.53285  4.95598  4.38462  3.68275  4.39647  4.79539  1.95741  4.23626  1.73512  3.61761  4.49600  4.74272  4.42540  4.34429  2.10858  3.41117  1.19337  5.33526  4.15112     65 v - - -
          2.68618  4.42225  2.77519  2.73123  3.46354  2.40513  3.72494  3.29354  2.67741  2.69355  4.24690  2.90347  2.73739  3.18146  2.89801  2.37887  2.77519  2.98518  4.58477  3.61503
          0.01116  4.89702  5.61937  0.61958  0.77255  0.48576  0.95510
     34   2.87058  5.37526  2.48746  1.89517  4.71324  2.32348  3.82625  4.19772  2.19148  2.79941  4.41983  2.51067  4.02603  2.92705  3.07046  2.35899  3.10387  3.76249  5.81064  4.39802     66 e - - -
          2.68618  4.42225  2.77519  2.73123  3.46354  2.40513  3.72494  3.29354  2.67741  2.69355  4.24690  2.90347  2.73739  3.18146  2.89801  2.37887  2.77519  2.98518  4.58477  3.61503
          0.01116  4.89702  5.61937  0.61958  0.77255  0.48576  0.95510
     35   3.02995  5.39431  3.35231  2.75731  4.75021  1.92204  3.89009  4.17912  1.78560  3.66572  2.93998  3.26759  4.16186  2.39877  1.95302  3.00926  3.24294  3.79472  5.78724  4.46300     67 k - - -
          2.68618  4.42225  2.77519  2.73123  3.46354  2.40513  3.72494  3.29354  2.67741  2.69355  4.24690  2.90347  2.73739  3.18146  2.89801  2.37887  2.77519  2.98518  4.58477  3.61503
          0.01116  4.89702  5.61937  0.61958  0.77255  0.48576  0.95510
     36   2.34595  4.32104  4.80056  4.19997  2.58681  2.82732  4.46188  1.81781  4.01597  2.05993  3.43544  4.24485  4.47842  4.17213  4.06965  3.43066  3.17474  1.51311  4.98497  3.80506     68 v - - -
          2.68618  4.42225  2.77519  2.73123  3.46354  2.40513  3.72494  3.29354  2.67741  2.69355  4.24690  2.90347  2.73739  3.18146  2.89801  2.37887  2.77519  2.98518  4.58477  3.61503
          0.01116  4.89702  5.61937  0.61958  0.77255  0.48576  0.95510
     37   3.27964  4.62509  5.17402  4.57023  1.45267  4.48573  4.80423  2.12331  4.38541  1.48155  2.44698  4.62477  4.77874  4.46730  4.40197  3.80806  2.52127  2.65682  5.19892  4.07379     69 f - - -
          2.68618  4.42225  2.77519  2.73123  3.46354  2.40513  3.72494  3.29354  2.67741  2.69355  4.24690  2.90347  2.73739  3.18146  2.89801  2.37887  2.77519  2.98518  4.58477  3.61503
          0.01116  4.89702  5.61937  0.61958  0.77255  0.48576  0.95510
     38   2.34558  4.63126  3.64040  3.07583  3.78695  2.81055  4.05341  2.52032  3.03500  2.85617  3.73961  3.50366  4.18415  3.34977  2.64846  2.45718  2.10900  2.91775  2.51433  3.96700     70 t - - -
          2.68618  4.42225  2.77519  2.73123  3.46354  2.40513  3.72494  3.29354  2.67741  2.69355  4.24690  2.90347  2.73739  3.18146  2.89801  2.37887  2.77519  2.98518  4.58477  3.61503
          0.01116  4.89702  5.61937  0.61958  0.77255  0.48576  0.95510
     39   1.77802  4.69777  3.55272  2.98805  3.85766  3.77864  4.01332  3.22812  2.41364  2.39693  2.82132  3.43942  4.16181  3.27632  2.62535  2.44943  3.08097  2.43440  5.26167  4.00347     71 a - - -
          2.68618  4.42225  2.77519  2.73123  3.46354  2.40513  3.72494  3.29354  2.67741  2.69355  4.24690  2.90347  2.73739  3.18146  2.89801  2.37887  2.77519  2.98518  4.58477  3.61503
          0.01116  4.89702  5.61937  0.61958  0.77255  0.48576  0.95510
     40   2.92087  4.37057  4.46560  3.88473  3.48923  2.81858  4.37595  2.19029  3.75348  1.58077  3.48799  2.82373  4.41628  3.96745  3.91241  3.34344  3.15732  1.55837  5.02360  3.83342     72 v - - -
          2.68618  4.42225  2.77519  2.73123  3.46354  2.40513  3.72494  3.29354  2.67741  2.69355  4.24690  2.90347  2.73739  3.18146  2.89801  2.37887  2.77519  2.98518  4.58477  3.61503
          0.01116  4.89702  5.61937  0.61958  0.77255  0.48576  0.95510
     41   1.36179  4.90793  3.66187  3.46467  5.15885  1.21792  4.74743  4.63331  3.72493  4.25417  5.04430  1.85141  4.29491  3.96886  4.11580  3.02377  3.36804  3.99185  6.43168  5.17106     73 g - - -
          2.68618  4.42225  2.77519  2.73123  3.46354  2.40513  3.72494  3.29354  2.67741  2.69355  4.24690  2.90347  2.73739  3.18146  2.89801  2.37887  2.77519  2.98518  4.58477  3.61503
          0.01116  4.89702  5.61937  0.61958  0.77255  0.48576  0.95510
     42   2.89728  4.32712  4.53657  3.94403  3.41786  4.03149  2.91216  1.65076  3.78939  1.56849  3.42888  4.08062  4.39687  3.98540  3.91243  2.56080  3.13048  2.10045  4.95228  3.76542     74 l - - -
          2.68627  4.42234  2.77529  2.73133  3.46363  2.40522  3.72504  3.29363  2.67750  2.69317  4.24699  2.90298  2.73749  3.18156  2.89810  2.37896  2.77478  2.98528  4.58486  3.61513
          0.20267  2.36821  2.41010  0.96616  0.47891  0.48576  0.95510
     43   2.29144  4.33761  4.39361  3.81226  3.43828  2.22960  4.32048  2.69085  3.68444  1.52006  2.56731  3.99684  4.35470  3.89822  3.85070  3.27379  3.11055  2.07639  4.97880  3.79286     78 l - - -
          2.68618  4.42225  2.77519  2.73123  3.46354  2.40513  3.72494  3.29354  2.67741  2.69355  4.24690  2.90347  2.73739  3.18146  2.89801  2.37887  2.77519  2.98518  4.58477  3.61503
          0.01222  4.80690  5.52925  0.61958  0.77255  0.68398  0.70240
     44   2.36920  4.51987  5.10967  4.51941  2.49606  4.42849  4.78880  1.64390  4.34327  1.33132  3.40981  4.57006  4.74006  4.46393  4.37923  3.75600  3.41808  1.89139  5.22415  4.07362     79 l - - -
          2.68618  4.42225  2.77519  2.73123  3.46354  2.40513  3.72494  3.29354  2.67741  2.69355  4.24690  2.90347  2.73739  3.18146  2.89801  2.37887  2.77519  2.98518  4.58477  3.61503
          0.01222  4.80690  5.52925  0.61958  0.77255  0.37919  1.15332
     45   2.85024  4.82973  3.41651  2.02784  2.89796  3.72793  3.97919  3.41034  2.85743  3.08360  3.93994  3.34968  4.12848  3.19133  3.28526  1.60104  2.48958  2.51568  5.39518  4.10819     80 s - - -
          2.68618  4.42225  2.77519  2.73123  3.46354  2.40513  3.72494  3.29354  2.67741  2.69355  4.24690  2.90347  2.73739  3.18146  2.89801  2.37887  2.77519  2.98518  4.58477  3.61503
          0.01116  4.89702  5.61937  0.61958  0.77255  0.48576  0.95510
     46   1.77058  4.70978  3.54433  2.98252  3.88193  2.80533  4.01709  3.25193  2.40876  2.40606  2.82267  3.43486  4.15939  3.27471  3.34442  3.00310  2.11491  3.00333  5.28219  4.02171     81 a - - -
          2.68618  4.42225  2.77519  2.73123  3.46354  2.40513  3.72494  3.29354  2.67741  2.69355  4.24690  2.90347  2.73739  3.18146  2.89801  2.37887  2.77519  2.98518  4.58477  3.61503
          0.01116  4.89702  5.61937  0.61958  0.77255  0.48576  0.95510
     47   2.32554  4.26486  4.68469  4.08053  2.56954  2.83257  4.33276  2.69898  3.89610  2.06398  3.38226  4.13076  4.38393  4.05274  3.95447  3.32429  3.09968  1.81500  3.02368  2.23126     82 v - - -
          2.68618  4.42225  2.77519  2.73123  3.46354  2.40513  3.72494  3.29354  2.67741  2.69355  4.24690  2.90347  2.73739  3.18146  2.89801  2.37887  2.77519  2.98518  4.58477  3.61503
          0.01116  4.89702  5.61937  0.61958  0.77255  0.48576  0.95510
     48   3.05806  4.43118  4.89487  4.29756  2.55521  4.24531  4.57670  1.79082  4.12036  1.27363  3.41603  2.83844  4.58557  4.26497  4.17722  3.55885  3.29012  2.02764  5.07171  3.89844     83 l - - -
          2.68618  4.42225  2.77519  2.73123  3.46354  2.40513  3.72494  3.29354  2.67741  2.69355  4.24690  2.90347  2.73739  3.18146  2.89801  2.37887  2.77519  2.98518  4.58477  3.61503
          0.01116  4.89702  5.61937  0.61958  0.77255  0.48576  0.95510
     49   1.98969  4.70797  4.45785  4.27841  5.34932  0.91632  5.24616  4.83586  4.37828  4.50421  5.26370  4.13124  4.31103  4.56496  4.59459  1.29824  3.32570  4.02116  6.66811  5.54798     84 g - - -
          2.68618  4.42225  2.77519  2.73123  3.46354  2.40513  3.72494  3.29354  2.67741  2.69355  4.24690  2.90347  2.73739  3.18146  2.89801  2.37887  2.77519  2.98518  4.58477  3.61503
          0.01116  4.89702  5.61937  0.61958  0.77255  0.48576  0.95510
     50   2.37747  4.47833  4.78387  4.19942  3.43689  4.22771  4.55096  2.66743  4.03384  0.97489  3.43041  4.30960  4.57794  4.20366  4.12980  3.54076  3.31119  2.08181  5.07508  2.69888     85 l - - -
          2.68618  4.42225  2.77519  2.73123  3.46354  2.40513  3.72494  3.29354  2.67741  2.69355  4.24690  2.90347  2.73739  3.18146  2.89801  2.37887  2.77519  2.98518  4.58477  3.61503
          0.01116  4.89702  5.61937  0.61958  0.77255  0.48576  0.95510
     51   2.33781  4.35776  2.92582  3.76355  2.63006  3.99271  4.30027  1.67842  3.64639  1.82369  3.46441  3.97367  4.36071  3.86672  3.82862  3.28036  2.46586  2.55091  4.98157  3.78968     86 i - - -
          2.68618  4.42225  2.77519  2.73123  3.46354  2.40513  3.72494  3.29354  2.67741  2.69355  4.24690  2.90347  2.73739  3.18146  2.89801  2.37887  2.77519  2.98518  4.58477  3.61503
          0.10234  4.89702  2.41010  0.61958  0.77255  0.48576  0.95510
     52   1.94315  4.41543  4.29717  2.67295  3.53204  4.03883  4.35181  2.13164  3.62209  1.53489  3.50371  3.97826  4.40224  3.86396  3.84167  3.32531  3.16302  2.01790  5.08238  3.88673     87 l - - -
          2.68618  4.42225  2.77519  2.73123  3.46354  2.40513  3.72494  3.29354  2.67741  2.69355  4.24690  2.90347  2.73739  3.18146  2.89801  2.37887  2.77519  2.98518  4.58477  3.61503
          0.01222  4.80690  5.52925  0.61958  0.77255  0.68398  0.70240
     53   2.24780  4.53556  3.77404  3.22237  3.76738  2.68421  4.13739  3.12367  3.17620  1.91725  3.73271  3.58945  2.26302  3.47372  3.52059  2.37168  3.06491  2.29785  5.21119  3.98172     88 l - - -
          2.68618  4.42225  2.77519  2.73123  3.46354  2.40513  3.72494  3.29354  2.67741  2.69355  4.24690  2.90347  2.73739  3.18146  2.89801  2.37887  2.77519  2.98518  4.58477  3.61503
          0.01222  4.80690  5.52925  0.61958  0.77255  0.68398  0.70240
     54   2.37054  4.55556  5.02360  4.44333  3.54706  4.43289  4.80858  2.41587  4.28505  1.55898  1.98456  4.54434  4.75186  4.43491  4.36387  3.76023  3.43970  1.35601  5.28276  4.13178     89 v - - -
          2.68618  4.42225  2.77519  2.73123  3.46354  2.40513  3.72494  3.29354  2.67741  2.69355  4.24690  2.90347  2.73739  3.18146  2.89801  2.37887  2.77519  2.98518  4.58477  3.61503
          0.01222  4.80690  5.52925  0.61958  0.77255  0.37919  1.15332
     55   2.00769  3.11321  1.88409  2.72895  4.35438  3.65275  3.92985  3.77263  2.73435  3.37520  4.18384  2.56119  4.07694  3.07986  3.19757  2.36432  3.09396  2.65439  5.61333  4.27818     90 d - - -
          2.68618  4.42225  2.77519  2.73123  3.46354  2.40513  3.72494  3.29354  2.67741  2.69355  4.24690  2.90347  2.73739  3.18146  2.89801  2.37887  2.77519  2.98518  4.58477  3.61503
          0.20267  4.89702  1.73735  0.61958  0.77255  0.48576  0.95510
     56   2.82174  4.94549  3.44406  2.99103  4.73807  1.88525  4.14844  4.18498  2.84557  3.74631  4.54316  3.40455  4.11612  3.30473  1.81296  1.43055  3.17910  3.71044  5.90640  4.61428     91 s - - -
          2.68618  4.42225  2.77519  2.73123  3.46354  2.40513  3.72494  3.29354  2.67741  2.69355  4.24690  2.90347  2.73739  3.18146  2.89801  2.37887  2.77519  2.98518  4.58477  3.61503
          0.01350  4.70785  5.43019  0.61958  0.77255  0.84933  0.55809
     57   2.26240  4.30997  4.30084  2.65896  2.07675  3.95410  4.25998  1.81111  3.60189  1.99270  3.38224  3.93288  4.31735  3.82225  3.78443  3.24351  3.07440  2.45945  4.93265  3.74010     92 i - - -
          2.68618  4.42225  2.77519  2.73123  3.46354  2.40513  3.72494  3.29354  2.67741  2.69355  4.24690  2.90347  2.73739  3.18146  2.89801  2.37887  2.77519  2.98518  4.58477  3.61503
          0.01350  4.70785  5.43019  0.61958  0.77255  0.31128  1.31867
     58   2.86752  4.51807  3.87145  3.29487  3.64447  3.87389  4.13039  2.99577  2.52525  1.69945  2.25845  3.66178  4.24977  3.50847  2.67209  2.49425  3.09823  2.29483  5.10665  3.88733     93 l - - -
          2.68618  4.42225  2.77519  2.73123  3.46354  2.40513  3.72494  3.29354  2.67741  2.69355  4.24690  2.90347  2.73739  3.18146  2.89801  2.37887  2.77519  2.98518  4.58477  3.61503
          0.01116  4.89702  5.61937  0.61958  0.77255  0.48576  0.95510
     59   2.84449  4.71430  3.52591  2.96544  3.88261  2.80995  4.00775  2.58313  2.93888  2.94436  3.81567  2.66370  2.94204  3.26245  3.34190  1.82567  3.07871  2.44815  5.28123  2.89992     94 s - - -
          2.68618  4.42225  2.77519  2.73123  3.46354  2.40513  3.72494  3.29354  2.67741  2.69355  4.24690  2.90347  2.73739  3.18146  2.89801  2.37887  2.77519  2.98518  4.58477  3.61503
          0.01116  4.89702  5.61937  0.61958  0.77255  0.48576  0.95510
     60   2.37626  5.21111  3.13958  2.21229  4.50546  2.79462  3.83772  3.95442  2.60012  2.30399  4.27212  3.13176  2.74724  2.10720  3.08098  2.50389  3.07812  3.57554  5.68265  4.30751     95 q - - -
          2.68618  4.42225  2.77519  2.73123  3.46354  2.40513  3.72494  3.29354  2.67741  2.69355  4.24690  2.90347  2.73739  3.18146  2.89801  2.37887  2.77519  2.98518  4.58477  3.61503
          0.01116  4.89702  5.61937  0.61958  0.77255  0.48576  0.95510
     61   3.58309  4.88732  5.37102  4.83409  2.27508  4.73379  4.62600  2.19505  4.64549  1.07893  3.50222  4.77915  5.00025  4.65154  4.62779  4.06867  3.80334  2.95179  4.85288  1.58119     96 l - - -
          2.68618  4.42225  2.77519  2.73123  3.46354  2.40513  3.72494  3.29354  2.67741  2.69355  4.24690  2.90347  2.73739  3.18146  2.89801  2.37887  2.77519  2.98518  4.58477  3.61503
          0.01116  4.89702  5.61937  0.61958  0.77255  0.48576  0.95510
     62   2.34828  4.51771  3.96264  3.39466  3.61076  3.91774  4.19777  2.95381  3.30754  1.29040  2.68362  3.74241  2.91761  2.69185  3.60287  3.18424  3.13311  2.76660  5.11274  3.90351     97 l - - -
          2.68618  4.42225  2.77519  2.73123  3.46354  2.40513  3.72494  3.29354  2.67741  2.69355  4.24690  2.90347  2.73739  3.18146  2.89801  2.37887  2.77519  2.98518  4.58477  3.61503
          0.01116  4.89702  5.61937  0.61958  0.77255  0.48576  0.95510
     63   2.08827  4.78463  3.94984  3.49194  4.87506  2.39861  4.59025  4.32239  3.49094  3.94902  4.73605  3.74499  1.98424  3.79501  3.87668  1.73363  1.49642  3.76126  6.15991  4.91156     98 t - - -
          2.68618  4.42225  2.77519  2.73123  3.46354  2.40513  3.72494  3.29354  2.67741  2.69355  4.24690  2.90347  2.73739  3.18146  2.89801  2.37887  2.77519  2.98518  4.58477  3.61503
          0.01116  4.89702  5.61937  0.61958  0.77255  0.48576  0.95510
     64   2.36942  5.27951  1.85111  2.59174  4.61642  2.29432  3.86979  4.07848  2.63860  3.60203  2.99893  2.51605  4.05016  2.98474  3.12809  2.35872  3.11741  3.67543  5.77063  4.38099     99 d - - -
          2.68618  4.42225  2.77519  2.73123  3.46354  2.40513  3.72494  3.29354  2.67741  2.69355  4.24690  2.90347  2.73739  3.18146  2.89801  2.37887  2.77519  2.98518  4.58477  3.61503
          0.20267  4.89702  1.73735  0.61958  0.77255  0.48576  0.95510
     65   2.34278  4.62110  5.15339  4.59169  3.62673  4.60240  5.02133  1.79508  4.45326  1.06358  3.47784  4.71508  4.89402  4.60570  4.54537  3.94625  3.54388  1.72497  5.45902  4.31388    100 l - - -
          2.68618  4.42225  2.77519  2.73123  3.46354  2.40513  3.72494  3.29354  2.67741  2.69355  4.24690  2.90347  2.73739  3.18146  2.89801  2.37887  2.77519  2.98518  4.58477  3.61503
          0.01350  4.70785  5.43019  0.61958  0.77255  0.84933  0.55809
     66   1.71504  4.56485  3.77603  3.26159  4.04777  3.56236  4.24127  3.38921  3.22160  2.29044  3.98832  3.58324  4.12338  3.52967  3.57753  1.78131  1.83027  3.08160  5.45936  4.22494    101 a - - -
          2.68619  4.42273  2.77568  2.73122  3.46402  2.40419  3.72542  3.29316  2.67789  2.69403  4.24514  2.90395  2.73788  3.18040  2.89849  2.37796  2.77568  2.98503  4.58525  3.61551
          0.76365  0.63553  5.43019  1.06447  0.42298  0.31128  1.31867
     67   3.48800  4.76397  5.45450  4.90880  3.86936  4.87079  5.33997  1.12701  4.77608  1.39114  3.70062  5.01009  5.14411  4.93404  4.85751  4.23212  2.55024  1.73460  5.73926  4.58132    108 i - - -
          2.68618  4.42225  2.77519  2.73123  3.46354  2.40513  3.72494  3.29354  2.67741  2.69355  4.24690  2.90347  2.73739  3.18146  2.89801  2.37887  2.77519  2.98518  4.58477  3.61503
          0.01116  4.89702  5.61937  0.61958  0.77255  0.48576  0.95510
     68   2.85865  4.64590  3.68574  3.12790  2.78166  3.79407  4.09423  3.19506  3.06675  2.89903  3.78630  3.54120  1.53670  3.39436  2.62565  2.43841  3.10730  2.38459  5.24885  3.99864    109 p - - -
          2.68618  4.42225  2.77519  2.73123  3.46354  2.40513  3.72494  3.29354  2.67741  2.69355  4.24690  2.90347  2.73739  3.18146  2.89801  2.37887  2.77519  2.98518  4.58477  3.61503
          0.01116  4.89702  5.61937  0.61958  0.77255  0.48576  0.95510
     69   2.36266  5.31654  2.44566  2.60751  4.68389  3.63459  2.81806  4.15219  2.69191  3.67078  4.43747  3.14858  1.99413  3.02915  3.18470  1.74468  3.16083  3.73826  5.83442  4.43915    110 s - - -
          2.68618  4.42225  2.77519  2.73123  3.46354  2.40513  3.72494  3.29354  2.67741  2.69355  4.24690  2.90347  2.73739  3.18146  2.89801  2.37887  2.77519  2.98518  4.58477  3.61503
          0.01116  4.89702  5.61937  0.61958  0.77255  0.48576  0.95510
     70   2.91015  5.39155  1.81970  2.15764  4.71466  2.74747  3.86368  4.19322  2.63090  3.68785  4.44233  3.10382  4.05497  2.42060  3.12968  2.87168  2.51720  3.77139  5.83415  2.43832    111 d - - -
          2.68618  4.42225  2.77519  2.73123  3.46354  2.40513  3.72494  3.29354  2.67741  2.69355  4.24690  2.90347  2.73739  3.18146  2.89801  2.37887  2.77519  2.98518  4.58477  3.61503
          0.01116  4.89702  5.61937  0.61958  0.77255  0.48576  0.95510
     71   1.97182  4.54448  5.13232  4.56071  2.09028  4.48264  4.88995  1.62379  4.40034  2.54288  3.63576  4.62121  4.81658  4.56599  4.46858  3.81720  3.45507  1.33297  5.37423  4.18581    112 v - - -
          2.68618  4.42225  2.77519  2.73123  3.46354  2.40513  3.72494  3.29354  2.67741  2.69355  4.24690  2.90347  2.73739  3.18146  2.89801  2.37887  2.77519  2.98518  4.58477  3.61503
          0.10234  4.89702  2.41010  0.61958  0.77255  0.48576  0.95510
     72   1.93351  4.31820  4.28231  3.70336  3.43167  2.77047  4.25105  2.73462  3.58570  2.09000  3.44327  3.91311  4.30405  3.81160  3.77282  3.21455  3.06985  1.57321  4.94480  2.71212    113 v - - -
          2.68618  4.42225  2.77519  2.73123  3.46354  2.40513  3.72494  3.29354  2.67741  2.69355  4.24690  2.90347  2.73739  3.18146  2.89801  2.37887  2.77519  2.98518  4.58477  3.61503
          0.01222  4.80690  5.52925  0.61958  0.77255  0.68398  0.70240
     73   2.85068  5.30364  2.07656  2.52410  4.62212  2.72452  3.81523  4.09414  2.57775  3.60017  4.35860  2.47176  4.00836  2.38845  3.07102  2.32578  3.08571  3.68223  2.53355  4.35327    114 d - - -
          2.68618  4.42225  2.77519  2.73123  3.46354  2.40513  3.72494  3.29354  2.67741  2.69355  4.24690  2.90347  2.73739  3.18146  2.89801  2.37887  2.77519  2.98518  4.58477  3.61503
          0.01222  4.80690  5.52925  0.61958  0.77255  0.37919  1.15332
     74   1.97004  4.42598  4.77144  4.19127  3.58802  2.80719  4.59255  1.74008  4.04253  2.10181  3.56314  4.30367  4.57886  4.23331  4.15473  3.52953  3.27291  1.43714  5.16713  3.97968    115 v - - -
          2.68618  4.42225  2.77519  2.73123  3.46354  2.40513  3.72494  3.29354  2.67741  2.69355  4.24690  2.90347  2.73739  3.18146  2.89801  2.37887  2.77519  2.98518  4.58477  3.61503
          0.01116  4.89702  5.61937  0.61958  0.77255  0.48576  0.95510
     75   3.26195  4.59965  5.20841  4.60304  3.43425  4.47866  4.80803  1.50436  4.40930  1.50123  1.99712  4.63443  4.77527  4.48850  4.41205  3.80336  3.48865  2.08294  2.89067  4.07353    116 l - - -
          2.68618  4.42225  2.77519  2.73123  3.46354  2.40513  3.72494  3.29354  2.67741  2.69355  4.24690  2.90347  2.73739  3.18146  2.89801  2.37887  2.77519  2.98518  4.58477  3.61503
          0.01116  4.89702  5.61937  0.61958  0.77255  0.48576  0.95510
     76   2.03229  5.32915  2.47823  2.57500  4.69699  2.28744  3.86524  4.17347  2.62553  3.67173  4.42383  3.11880  2.90224  2.42416  3.11916  2.02037  3.12160  3.74499  5.81855  4.41562    117 s - - -
          2.68618  4.42225  2.77519  2.73123  3.46354  2.40513  3.72494  3.29354  2.67741  2.69355  4.24690  2.90347  2.73739  3.18146  2.89801  2.37887  2.77519  2.98518  4.58477  3.61503
          0.10234  4.89702  2.41010  0.61958  0.77255  0.48576  0.95510
     77   1.67135  4.32336  4.40510  3.81894  3.41565  3.98276  4.30849  2.18573  3.68770  1.74736  2.56809  3.99936  4.35292  3.89729  3.84680  2.50836  3.10244  2.50110  4.95472  3.76900    118 a - - -
          2.68618  4.42225  2.77519  2.73123  3.46354  2.40513  3.72494  3.29354  2.67741  2.69355  4.24690  2.90347  2.73739  3.18146  2.89801  2.37887  2.77519  2.98518  4.58477  3.61503
          0.01222  4.80690  5.52925  0.61958  0.77255  0.68398  0.70240
     78   2.35914  4.47475  5.07549  4.49006  2.03091  4.39389  4.76838  1.61983  4.31570  1.92904  3.48291  4.53562  4.71870  4.45746  4.36078  3.72206  3.37696  1.54956  5.23029  4.06017    119 v - - -
          2.68618  4.42225  2.77519  2.73123  3.46354  2.40513  3.72494  3.29354  2.67741  2.69355  4.24690  2.90347  2.73739  3.18146  2.89801  2.37887  2.77519  2.98518  4.58477  3.61503
          0.34965  4.80690  1.24866  0.61958  0.77255  0.68398  0.70240
     79   2.93009  5.23533  2.84286  2.56496  4.71740  1.46766  3.90867  4.17683  1.97673  3.69688  4.50829  2.18482  4.03676  3.05388  3.04229  2.91635  3.21146  3.76197  5.84075  4.48126    120 g - - -
          2.68618  4.42225  2.77519  2.73123  3.46354  2.40513  3.72494  3.29354  2.67741  2.69355  4.24690  2.90347  2.73739  3.18146  2.89801  2.37887  2.77519  2.98518  4.58477  3.61503
          0.01708  4.47434  5.19668  0.61958  0.77255  0.38832  1.13381
     80   3.69469  4.89411  5.77052  5.27873  4.01965  5.27524  5.89947  1.39046  5.20257  1.54910  3.76273  5.43107  5.45962  5.36363  5.31147  4.69470  3.94410  0.94727  6.13962  4.99358    121 v - - -
          2.68618  4.42225  2.77519  2.73123  3.46354  2.40513  3.72494  3.29354  2.67741  2.69355  4.24690  2.90347  2.73739  3.18146  2.89801  2.37887  2.77519  2.98518  4.58477  3.61503
          0.01222  4.80690  5.52925  0.61958  0.77255  0.68398  0.70240
     81   1.97187  4.80930  4.26838  4.16209  5.20498  3.56663  5.19468  4.60880  4.27590  4.33402  5.20817  4.14122  0.50820  4.53926  4.48039  3.09772  3.44613  3.97182  6.51932  5.40161    122 P - - -
          2.68618  4.42225  2.77519  2.73123  3.46354  2.40513  3.72494  3.29354  2.67741  2.69355  4.24690  2.90347  2.73739  3.18146  2.89801  2.37887  2.77519  2.98518  4.58477  3.61503
          0.01222  4.80690  5.52925  0.61958  0.77255  0.68398  0.70240
     82   2.83334  5.32726  2.45503  2.13213  4.66121  3.58438  3.79124  4.14254  2.54046  3.62783  3.00665  2.47671  3.99079  2.04736  3.03521  2.00438  3.06653  3.71233  5.76522  4.35556    123 s - - -
          2.68631  4.42238  2.77532  2.73136  3.46367  2.40490  3.72507  3.29367  2.67753  2.69368  4.24702  2.90242  2.73752  3.18082  2.89813  2.37899  2.77532  2.98531  4.58490  3.61516
          0.49326  0.95347  5.52925  0.08851  2.46855  0.37919  1.15332
     83   1.56221  2.19884  4.21488  3.68125  3.84255  2.60935  4.41975  2.39754  3.60198  2.93122  3.83052  3.88403  4.28335  3.85654  3.86033  2.35021  2.37598  2.93577  5.31622  4.11716    125 a - - -
          2.68618  4.42225  2.77519  2.73123  3.46354  2.40513  3.72494  3.29354  2.67741  2.69355  4.24690  2.90347  2.73739  3.18146  2.89801  2.37887  2.77519  2.98518  4.58477  3.61503
          0.01116  4.89702  5.61937  0.61958  0.77255  0.48576  0.95510
     84   2.98855  4.43652  4.51569  3.92480  3.46376  4.11311  4.41865  2.21383  2.70892  1.17031  2.57776  4.11539  4.46559  3.99146  3.92806  3.40770  2.48232  2.58314  5.05101  3.87675    126 l - - -
          2.68618  4.42225  2.77519  2.73123  3.46354  2.40513  3.72494  3.29354  2.67741  2.69355  4.24690  2.90347  2.73739  3.18146  2.89801  2.37887  2.77519  2.98518  4.58477  3.61503
          0.01116  4.89702  5.61937  0.61958  0.77255  0.48576  0.95510
     85   2.83884  5.00070  3.44282  3.00182  4.81930  2.02035  4.24033  4.28075  3.06384  3.84764  4.62141  2.47175  1.75781  3.38922  3.51688  1.83990  2.37728  3.77850  6.02798  4.69726    127 p - - -
          2.68618  4.42225  2.77519  2.73123  3.46354  2.40513  3.72494  3.29354  2.67741  2.69355  4.24690  2.90347  2.73739  3.18146  2.89801  2.37887  2.77519  2.98518  4.58477  3.61503
          0.01116  4.89702  5.61937  0.61958  0.77255  0.48576  0.95510
     86   3.36742  1.79911  5.31561  4.73148  3.59224  4.64010  5.01431  1.41783  4.55776  1.82165  1.99919  4.79054  4.92647  4.66069  4.58682  3.97774  3.60037  2.37659  5.40227  4.27130    128 i - - -
          2.68618  4.42225  2.77519  2.73123  3.46354  2.40513  3.72494  3.29354  2.67741  2.69355  4.24690  2.90347  2.73739  3.18146  2.89801  2.37887  2.77519  2.98518  4.58477  3.61503
          0.01116  4.89702  5.61937  0.61958  0.77255  0.48576  0.95510
     87   2.99207  4.40381  4.63832  2.79244  2.61641  4.15879  4.49638  1.36651  3.91610  2.53827  3.52059  4.20358  4.51634  4.11595  4.05004  3.46245  2.48174  1.70039  5.09925  3.91030    129 i - - -
          2.68618  4.42225  2.77519  2.73123  3.46354  2.40513  3.72494  3.29354  2.67741  2.69355  4.24690  2.90347  2.73739  3.18146  2.89801  2.37887  2.77519  2.98518  4.58477  3.61503
          0.01116  4.89702  5.61937  0.61958  0.77255  0.48576  0.95510
     88   2.34023  4.47345  2.83752  3.33551  3.59601  2.82572  4.14423  2.94880  3.27108  1.92629  2.71347  3.68772  4.24979  3.55033  3.57596  3.13221  2.47298  2.27079  5.06837  2.81801    130 l - - -
          2.68618  4.42225  2.77519  2.73123  3.46354  2.40513  3.72494  3.29354  2.67741  2.69355  4.24690  2.90347  2.73739  3.18146  2.89801  2.37887  2.77519  2.98518  4.58477  3.61503
          0.01116  4.89702  5.61937  0.61958  0.77255  0.48576  0.95510
     89   1.19844  4.61356  4.30302  3.83758  4.34199  3.61374  4.68621  3.62122  3.77948  3.41718  4.29683  3.95522  4.28953  4.04302  4.05962  1.77800  2.30268  1.84365  5.77997  4.58517    131 a - - -
          2.68618  4.42225  2.77519  2.73123  3.46354  2.40513  3.72494  3.29354  2.67741  2.69355  4.24690  2.90347  2.73739  3.18146  2.89801  2.37887  2.77519  2.98518  4.58477  3.61503
          0.01116  4.89702  5.61937  0.61958  0.77255  0.48576  0.95510
     90   1.73332  4.55148  2.79687  3.33638  3.70597  3.91063  4.20556  1.72975  3.28796  2.25444  3.67056  3.70901  4.29715  3.57708  3.61424  3.17506  2.47875  2.68232  5.18828  3.96407    132 i - - -
          2.68618  4.42225  2.77519  2.73123  3.46354  2.40513  3.72494  3.29354  2.67741  2.69355  4.24690  2.90347  2.73739  3.18146  2.89801  2.37887  2.77519  2.98518  4.58477  3.61503
          0.01116  4.89702  5.61937  0.61958  0.77255  0.48576  0.95510
     91   2.42607  4.59006  5.21209  4.62458  2.54993  4.52251  4.89138  1.43688  4.44863  1.38054  3.48153  4.67044  4.82961  4.56711  4.48064  3.85355  3.49783  1.91580  5.31644  4.16639    133 l - - -
          2.68618  4.42225  2.77519  2.73123  3.46354  2.40513  3.72494  3.29354  2.67741  2.69355  4.24690  2.90347  2.73739  3.18146  2.89801  2.37887  2.77519  2.98518  4.58477  3.61503
          0.01116  4.89702  5.61937  0.61958  0.77255  0.48576  0.95510
     92   1.96166  4.44005  4.11982  3.55241  3.59608  3.89874  4.26277  2.32750  3.46727  1.87600  3.58723  3.83463  4.30707  3.72658  3.72482  2.08032  2.05639  2.68036  5.09099  3.88695    134 l - - -
          2.68618  4.42225  2.77519  2.73123  3.46354  2.40513  3.72494  3.29354  2.67741  2.69355  4.24690  2.90347  2.73739  3.18146  2.89801  2.37887  2.77519  2.98518  4.58477  3.61503
          0.01116  4.89702  5.61937  0.61958  0.77255  0.48576  0.95510
     93   1.93133  4.42848  4.39159  3.83017  3.62758  2.74731  4.42321  2.08615  3.72347  2.67393  3.61661  4.02529  4.39915  3.95486  3.92389  3.28401  2.02451  1.61621  5.15113  3.95652    135 v - - -
          2.68618  4.42225  2.77519  2.73123  3.46354  2.40513  3.72494  3.29354  2.67741  2.69355  4.24690  2.90347  2.73739  3.18146  2.89801  2.37887  2.77519  2.98518  4.58477  3.61503
          0.01116  4.89702  5.61937  0.61958  0.77255  0.48576  0.95510
     94   3.43493  5.69939  3.83730  3.13197  5.19872  4.08482  4.01141  4.54841  1.59041  3.93336  4.76149  3.56613  4.43281  2.34096  1.07795  2.45695  3.59823  4.18466  5.94590  4.75105    136 r - - -
          2.68618  4.42225  2.77519  2.73123  3.46354  2.40513  3.72494  3.29354  2.67741  2.69355  4.24690  2.90347  2.73739  3.18146  2.89801  2.37887  2.77519  2.98518  4.58477  3.61503
          0.01116  4.89702  5.61937  0.61958  0.77255  0.48576  0.95510
     95   1.65553  4.66790  5.22841  4.66683  3.76631  4.64733  5.07627  1.59262  4.52485  1.41658  3.64032  4.76998  4.95679  4.69037  4.61464  3.98983  3.59119  1.79765  5.53992  4.37534    137 l - - -
          2.68618  4.42225  2.77519  2.73123  3.46354  2.40513  3.72494  3.29354  2.67741  2.69355  4.24690  2.90347  2.73739  3.18146  2.89801  2.37887  2.77519  2.98518  4.58477  3.61503
          0.01116  4.89702  5.61937  0.61958  0.77255  0.48576  0.95510
     96   1.72603  4.29584  4.47794  3.88357  3.39455  3.98407  4.29897  2.25212  3.73717  2.09193  2.61467  4.02623  4.35192  3.93115  3.86534  2.55287  2.45700  2.54354  3.04591  3.72656    138 a - - -
          2.68618  4.42225  2.77519  2.73123  3.46354  2.40513  3.72494  3.29354  2.67741  2.69355  4.24690  2.90347  2.73739  3.18146  2.89801  2.37887  2.77519  2.98518  4.58477  3.61503
          0.01116  4.89702  5.61937  0.61958  0.77255  0.48576  0.95510
     97   3.12568  4.49014  4.99762  4.39297  3.02159  4.31421  4.64112  1.80292  4.20662  1.25354  2.49523  4.44479  4.63761  4.32305  2.78718  3.62975  3.35433  2.09343  5.09620  3.95232    139 l - - -
          2.68519  4.42315  2.77506  2.73213  3.45932  2.40496  3.72584  3.29185  2.67737  2.69397  4.24555  2.90436  2.73829  3.18236  2.89890  2.37942  2.77558  2.98354  4.58567  3.61474
          1.20574  1.04360  1.05456  1.86338  0.16859  0.48576  0.95510
     98   2.72455  5.15320  2.36563  2.42904  4.46453  3.49020  3.68367  3.93253  2.41741  3.44241  4.20481  2.37180  3.89013  2.27108  2.32617  2.69996  2.95522  3.52984  3.08487  4.20691    148 q - - -
          2.68618  4.42225  2.77519  2.73123  3.46354  2.40513  3.72494  3.29354  2.67741  2.69355  4.24690  2.90347  2.73739  3.18146  2.89801  2.37887  2.77519  2.98518  4.58477  3.61503
          0.01708  4.47434  5.19668  0.61958  0.77255  0.38832  1.13381
     99   2.96433  5.41564  3.22110  2.18413  4.79508  3.70327  3.82769  4.24748  1.75654  3.69998  4.46165  3.17341  4.08936  1.98646  1.93633  2.34884  3.18092  3.82781  5.79660  4.44430    149 k - - -
          2.68618  4.42225  2.77519  2.73123  3.46354  2.40513  3.72494  3.29354  2.67741  2.69355  4.24690  2.90347  2.73739  3.18146  2.89801  2.37887  2.77519  2.98518  4.58477  3.61503
          0.01222  4.80690  5.52925  0.61958  0.77255  0.68398  0.70240
    100   2.30624  4.31267  4.58408  3.98823  3.37906  4.04590  4.36723  2.14623  3.82951  1.48356  2.53981  4.10981  4.40288  4.01154  2.74895  3.34712  3.12979  2.04300  4.94206  3.76525    150 l - - -
          2.68618  4.42225  2.77519  2.73123  3.46354  2.40513  3.72494  3.29354  2.67741  2.69355  4.24690  2.90347  2.73739  3.18146  2.89801  2.37887  2.77519  2.98518  4.58477  3.61503
          0.01222  4.80690  5.52925  0.61958  0.77255  0.68398  0.70240
    101   3.19646  4.55133  4.93526  4.36129  3.67469  4.44791  4.82326  1.35922  2.69673  1.65551  3.58077  4.50913  4.77064  4.41337  4.32093  3.77247  3.43430  1.51196  5.37141  4.19309    151 i - - -
          2.68618  4.42225  2.77519  2.73123  3.46354  2.40513  3.72494  3.29354  2.67741  2.69355  4.24690  2.90347  2.73739  3.18146  2.89801  2.37887  2.77519  2.98518  4.58477  3.61503
          0.01222  4.80690  5.52925  0.61958  0.77255  0.68398  0.70240
    102   2.25655  5.05303  3.23409  2.70960  4.54658  2.16262  3.93890  3.99507  2.72017  3.55297  4.33127  3.20975  2.25896  2.40960  3.18914  2.27383  2.41337  3.58114  5.74346  4.38835    152 g - - -
          2.68618  4.42225  2.77519  2.73123  3.46354  2.40513  3.72494  3.29354  2.67741  2.69355  4.24690  2.90347  2.73739  3.18146  2.89801  2.37887  2.77519  2.98518  4.58477  3.61503
          0.01222  4.80690  5.52925  0.61958  0.77255  0.68398  0.70240
    103   2.86903  4.39192  4.15179  3.57884  1.56903  2.76531  4.16816  2.28864  2.59672  2.57806  3.50363  3.83862  4.30389  3.72051  3.69668  3.21167  3.10102  2.64904  4.87940  2.64607    153 f - - -
          2.68618  4.42225  2.77519  2.73123  3.46354  2.40513  3.72494  3.29354  2.67741  2.69355  4.24690  2.90347  2.73739  3.18146  2.89801  2.37887  2.77519  2.98518  4.58477  3.61503
          0.11255  4.80690  2.31998  0.61958  0.77255  0.37919  1.15332
    104   2.29118  4.25071  4.62662  4.02547  3.34320  4.00228  4.33014  2.15533  3.85130  1.73402  3.35599  4.10123  4.36543  4.01795  3.92710  3.30682  2.02247  2.03865  2.97975  3.70074    154 l - - -
          2.68618  4.42225  2.77519  2.73123  3.46354  2.40513  3.72494  3.29354  2.67741  2.69355  4.24690  2.90347  2.73739  3.18146  2.89801  2.37887  2.77519  2.98518  4.58477  3.61503
          0.01222  4.80690  5.52925  0.61958  0.77255  0.68398  0.70240
    105   2.34018  5.23569  2.49202  2.54046  4.55825  2.74736  3.79956  4.02029  2.55195  3.53852  4.30010  2.49556  3.99466  2.91017  1.84721  2.79774  3.05235  2.75823  5.70201  4.31321    155 r - - -
          2.68618  4.42225  2.77519  2.73123  3.46354  2.40513  3.72494  3.29354  2.67741  2.69355  4.24690  2.90347  2.73739  3.18146  2.89801  2.37887  2.77519  2.98518  4.58477  3.61503
          0.01222  4.80690  5.52925  0.61958  0.77255  0.68398  0.70240
    106   2.83312  4.42027  3.97360  3.39669  3.52888  2.26606  4.14072  2.88297  2.53706  1.85700  3.52853  3.71832  4.24455  3.57745  3.54969  3.13775  3.06565  2.20632  2.41374  3.79693    156 l - - -
          2.68618  4.42225  2.77519  2.73123  3.46354  2.40513  3.72494  3.29354  2.67741  2.69355  4.24690  2.90347  2.73739  3.18146  2.89801  2.37887  2.77519  2.98518  4.58477  3.61503
          0.01222  4.80690  5.52925  0.61958  0.77255  0.68398  0.70240
    107   2.87348  5.11977  2.45140  2.18356  4.37624  1.67182  3.88867  3.78677  2.70349  2.60207  4.20210  3.15893  4.06065  3.03590  3.17971  2.88969  3.11200  2.63018  5.62644  4.27414    157 g - - -
          2.68618  4.42225  2.77519  2.73123  3.46354  2.40513  3.72494  3.29354  2.67741  2.69355  4.24690  2.90347  2.73739  3.18146  2.89801  2.37887  2.77519  2.98518  4.58477  3.61503
          0.01222  4.80690  5.52925  0.61958  0.77255  0.68398  0.70240
    108   2.81546  4.76507  3.41277  2.84554  3.94794  3.70674  3.92071  2.59199  2.28817  2.99631  3.85591  3.31970  4.09117  3.14006  2.51617  2.13353  2.44598  3.06600  2.48792  4.03195    158 s - - -
          2.68627  4.42234  2.77529  2.73133  3.46261  2.40522  3.72504  3.29363  2.67750  2.69364  4.24699  2.90356  2.73749  3.18079  2.89810  2.37896  2.77478  2.98528  4.58486  3.61513
          0.11232  2.24204        *  0.96616  0.47891  0.00000        *
//
