HMMER3/f [3.3.1 | Jul 2020]
NAME  vHMM_18075
LENG  114
ALPH  amino
RF    no
MM    no
CONS  yes
CS    no
MAP   yes
DATE  Thu Feb 11 23:15:39 2021
NSEQ  31
EFFN  1.305542
CKSUM 3485871522
STATS LOCAL MSV       -9.6274  0.71452
STATS LOCAL VITERBI  -10.3808  0.71452
STATS LOCAL FORWARD   -4.2573  0.71452
CUTOFF SCORE	68.96
TAXON	Nanoviridae
TXID	251095
PROTEIN	Mp
TYPE	Full-length
RANGE	Wide
HMM          A        C        D        E        F        G        H        I        K        L        M        N        P        Q        R        S        T        V        W        Y   
            m->m     m->i     m->d     i->m     i->i     d->m     d->d
  COMPO   2.61641  4.05426  3.13806  2.69966  3.35123  3.04969  3.88515  2.63545  2.68890  2.42238  3.52542  3.13856  3.40626  3.10211  2.81922  2.67668  2.73449  2.57767  4.38313  3.35334
          2.68617  4.42232  2.77526  2.73130  3.46361  2.40497  3.72501  3.29361  2.67748  2.69362  4.24521  2.90354  2.73746  3.18153  2.89808  2.37877  2.77518  2.98525  4.58484  3.61510
          0.46383  2.03818  1.42352  0.89214  0.52726  0.00000        *
      1   2.69365  4.51489  2.56467  2.82034  3.57544  3.58829  3.88479  2.62046  2.82398  2.45662  1.96996  3.27286  3.99861  3.14951  3.21030  2.87157  2.94008  2.59593  5.09886  3.82780      7 m - - -
          2.68618  4.42225  2.77519  2.73123  3.46354  2.40513  3.72494  3.29354  2.67741  2.69355  4.24690  2.90347  2.73739  3.18146  2.89801  2.37887  2.77519  2.98518  4.58477  3.61503
          0.02553  4.07657  4.79891  0.61958  0.77255  0.78080  0.61256
      2   2.21965  4.79139  2.64875  2.42371  4.10359  3.36809  3.65208  3.52417  2.46069  3.12280  3.93306  2.93891  3.48603  2.56130  2.92582  2.16743  2.83536  2.84559  5.35810  4.01765      8 s - - -
          2.68618  4.42225  2.77519  2.73123  3.46354  2.40513  3.72494  3.29354  2.67741  2.69355  4.24690  2.90347  2.73739  3.18146  2.89801  2.37887  2.77519  2.98518  4.58477  3.61503
          0.02553  4.07657  4.79891  0.61958  0.77255  0.78080  0.61256
      3   2.79891  5.28163  1.73600  2.12095  4.59566  2.47167  3.70449  4.08205  2.59438  3.59177  4.39297  2.77335  3.83273  2.50276  3.13119  2.42115  3.06185  3.66831  5.76029  4.31633      9 d - - -
          2.68618  4.42225  2.77519  2.73123  3.46354  2.40513  3.72494  3.29354  2.67741  2.69355  4.24690  2.90347  2.73739  3.18146  2.89801  2.37887  2.77519  2.98518  4.58477  3.61503
          0.02553  4.07657  4.79891  0.61958  0.77255  0.78080  0.61256
      4   2.50437  4.73489  2.91653  2.48093  4.21151  2.85610  3.72167  3.64091  2.52465  3.23143  4.03933  2.97058  2.47657  2.32945  2.96983  2.27550  2.71777  3.25753  5.45138  4.11901     10 s - - -
          2.68618  4.42225  2.77519  2.73123  3.46354  2.40513  3.72494  3.29354  2.67741  2.69355  4.24690  2.90347  2.73739  3.18146  2.89801  2.37887  2.77519  2.98518  4.58477  3.61503
          0.02553  4.07657  4.79891  0.61958  0.77255  0.57939  0.82152
      5   2.62616  4.70949  2.45464  2.55004  4.00314  2.00533  3.75745  3.37447  2.61310  3.03397  2.87528  3.04451  3.87032  2.94205  3.05955  2.69770  2.89179  2.94836  5.32730  4.01080     11 g - - -
          2.68618  4.42225  2.77519  2.73123  3.46354  2.40513  3.72494  3.29354  2.67741  2.69355  4.24690  2.90347  2.73739  3.18146  2.89801  2.37887  2.77519  2.98518  4.58477  3.61503
          0.02271  4.19219  4.91454  0.61958  0.77255  0.67299  0.71372
      6   2.74643  4.93644  2.45552  2.21189  4.10175  2.62876  3.73966  3.59272  2.62532  3.20220  4.04277  2.94501  3.89046  2.92192  3.10257  2.76330  2.99536  3.27539  5.41162  1.99844     12 y - - -
          2.68618  4.42225  2.77519  2.73123  3.46354  2.40513  3.72494  3.29354  2.67741  2.69355  4.24690  2.90347  2.73739  3.18146  2.89801  2.37887  2.77519  2.98518  4.58477  3.61503
          0.02271  4.19219  4.91454  0.61958  0.77255  0.67299  0.71372
      7   3.12683  4.92762  2.60950  2.98745  2.83537  3.73741  3.78501  3.54231  3.19622  3.09478  4.13328  3.39984  4.23404  3.45434  3.55781  3.19694  3.39732  3.31935  4.43905  1.02667     13 y - - -
          2.68618  4.42225  2.77519  2.73123  3.46354  2.40513  3.72494  3.29354  2.67741  2.69355  4.24690  2.90347  2.73739  3.18146  2.89801  2.37887  2.77519  2.98518  4.58477  3.61503
          0.02271  4.19219  4.91454  0.61958  0.77255  0.67299  0.71372
      8   2.72132  5.20757  2.41849  1.95838  4.52573  2.43657  3.65774  4.00697  2.46221  3.50485  4.27253  2.57560  3.54763  2.52573  2.97280  2.40498  2.89827  3.58710  5.65736  4.23587     14 e - - -
          2.68618  4.42225  2.77519  2.73123  3.46354  2.40513  3.72494  3.29354  2.67741  2.69355  4.24690  2.90347  2.73739  3.18146  2.89801  2.37887  2.77519  2.98518  4.58477  3.61503
          0.02271  4.19219  4.91454  0.61958  0.77255  0.67299  0.71372
      9   2.42367  4.67825  2.92025  2.31908  4.31622  1.62254  3.89449  3.73730  2.76730  3.35579  4.17738  3.06268  3.84530  3.07641  3.20877  2.35180  2.54688  3.32463  5.59062  4.27305     15 g - - -
          2.68618  4.42225  2.77519  2.73123  3.46354  2.40513  3.72494  3.29354  2.67741  2.69355  4.24690  2.90347  2.73739  3.18146  2.89801  2.37887  2.77519  2.98518  4.58477  3.61503
          0.02271  4.19219  4.91454  0.61958  0.77255  0.67299  0.71372
     10   3.60923  5.05448  4.12078  3.81061  2.17098  4.25346  2.74172  3.69613  3.61937  3.05310  4.23958  3.89099  4.63173  3.88498  3.80013  3.65344  3.84215  3.54650  3.82894  0.79583     16 y - - -
          2.68618  4.42225  2.77519  2.73123  3.46354  2.40513  3.72494  3.29354  2.67741  2.69355  4.24690  2.90347  2.73739  3.18146  2.89801  2.37887  2.77519  2.98518  4.58477  3.61503
          0.02271  4.19219  4.91454  0.61958  0.77255  0.67299  0.71372
     11   2.65694  4.91770  2.91829  2.35642  4.18182  3.43005  3.65454  3.61822  2.42377  3.19515  4.00055  2.95046  2.94363  2.01810  2.87561  2.29738  2.89232  3.27416  5.40646  3.41313     17 q - - -
          2.68618  4.42225  2.77519  2.73123  3.46354  2.40513  3.72494  3.29354  2.67741  2.69355  4.24690  2.90347  2.73739  3.18146  2.89801  2.37887  2.77519  2.98518  4.58477  3.61503
          0.02271  4.19219  4.91454  0.61958  0.77255  0.67299  0.71372
     12   2.67444  4.87977  2.26533  2.43312  4.08275  3.41248  3.70137  3.57344  2.54694  3.17331  3.99749  2.95841  2.88272  2.86856  3.01895  2.38890  2.92306  3.24239  5.37415  2.42975     18 d - - -
          2.68618  4.42225  2.77519  2.73123  3.46354  2.40513  3.72494  3.29354  2.67741  2.69355  4.24690  2.90347  2.73739  3.18146  2.89801  2.37887  2.77519  2.98518  4.58477  3.61503
          0.02271  4.19219  4.91454  0.61958  0.77255  0.67299  0.71372
     13   2.81908  5.29857  1.66158  1.77891  4.58103  2.87867  3.72547  4.07208  2.59752  3.58524  4.38118  2.82453  3.86944  2.86262  3.12875  2.75702  3.07345  3.66588  5.74961  3.35877     19 d - - -
          2.68618  4.42225  2.77519  2.73123  3.46354  2.40513  3.72494  3.29354  2.67741  2.69355  4.24690  2.90347  2.73739  3.18146  2.89801  2.37887  2.77519  2.98518  4.58477  3.61503
          0.02271  4.19219  4.91454  0.61958  0.77255  0.38430  1.14233
     14   2.63269  5.01317  2.51882  2.03724  4.29398  2.62355  3.66421  3.73674  2.43887  3.29115  2.84958  2.95033  3.85548  2.58893  2.91950  2.66706  2.90454  3.09379  5.48804  4.11727     20 e - - -
          2.68618  4.42225  2.77519  2.73123  3.46354  2.40513  3.72494  3.29354  2.67741  2.69355  4.24690  2.90347  2.73739  3.18146  2.89801  2.37887  2.77519  2.98518  4.58477  3.61503
          0.01948  4.34387  5.06622  0.61958  0.77255  0.48576  0.95510
     15   2.26687  5.09507  2.36735  2.17128  4.39718  2.49254  2.91239  3.85483  2.44887  3.38606  4.15967  2.92670  3.85786  2.79055  2.93923  2.67540  2.93227  3.08494  5.56280  4.17407     21 e - - -
          2.68618  4.42225  2.77519  2.73123  3.46354  2.40513  3.72494  3.29354  2.67741  2.69355  4.24690  2.90347  2.73739  3.18146  2.89801  2.37887  2.77519  2.98518  4.58477  3.61503
          0.01948  4.34387  5.06622  0.61958  0.77255  0.48576  0.95510
     16   2.36211  4.22272  3.81332  3.23956  3.34904  2.88518  3.98167  2.46657  3.16169  1.96836  3.08585  3.55505  4.06715  3.42807  3.43642  2.69740  2.44219  2.22163  4.83613  3.62746     22 l - - -
          2.68618  4.42225  2.77519  2.73123  3.46354  2.40513  3.72494  3.29354  2.67741  2.69355  4.24690  2.90347  2.73739  3.18146  2.89801  2.37887  2.77519  2.98518  4.58477  3.61503
          0.06850  4.34387  2.93336  0.61958  0.77255  0.48576  0.95510
     17   2.67561  5.18854  2.06363  2.33269  4.51990  3.00667  3.67929  3.99671  2.46997  3.49946  4.26437  2.42636  3.85362  2.36788  2.97351  2.47078  2.47684  3.57838  5.65384  4.24139     23 d - - -
          2.68618  4.42225  2.77519  2.73123  3.46354  2.40513  3.72494  3.29354  2.67741  2.69355  4.24690  2.90347  2.73739  3.18146  2.89801  2.37887  2.77519  2.98518  4.58477  3.61503
          0.02045  4.29582  5.01817  0.61958  0.77255  0.44638  1.02148
     18   2.46714  4.95084  2.97106  2.32850  4.28738  2.57622  3.69689  3.72703  2.31580  3.29060  4.07903  2.98099  3.33306  2.82788  2.94896  2.15202  2.31647  3.35469  5.49334  4.13308     24 s - - -
          2.68618  4.42225  2.77519  2.73123  3.46354  2.40513  3.72494  3.29354  2.67741  2.69355  4.24690  2.90347  2.73739  3.18146  2.89801  2.37887  2.77519  2.98518  4.58477  3.61503
          0.01948  4.34387  5.06622  0.61958  0.77255  0.48576  0.95510
     19   2.79161  5.28155  2.44438  1.58485  4.60053  2.69684  3.72150  4.08279  2.53157  3.57957  4.35018  2.89114  3.88993  2.41212  3.04273  2.74034  2.49185  3.66213  5.73150  4.30728     25 e - - -
          2.68618  4.42225  2.77519  2.73123  3.46354  2.40513  3.72494  3.29354  2.67741  2.69355  4.24690  2.90347  2.73739  3.18146  2.89801  2.37887  2.77519  2.98518  4.58477  3.61503
          0.01948  4.34387  5.06622  0.61958  0.77255  0.48576  0.95510
     20   2.58072  5.16407  3.16071  2.57959  4.53918  3.57785  3.68813  3.95508  1.47003  3.44688  4.24305  2.75682  3.96571  2.80668  2.04621  2.82869  2.74112  3.58007  5.56790  4.26289     26 k - - -
          2.68618  4.42225  2.77519  2.73123  3.46354  2.40513  3.72494  3.29354  2.67741  2.69355  4.24690  2.90347  2.73739  3.18146  2.89801  2.37887  2.77519  2.98518  4.58477  3.61503
          0.01948  4.34387  5.06622  0.61958  0.77255  0.48576  0.95510
     21   2.69842  4.99117  3.03794  2.47802  4.27656  3.49254  3.67011  3.70528  2.24056  3.26289  4.05755  2.74937  3.35875  2.58968  2.03307  2.51187  2.92578  2.55579  5.45776  4.11401     27 r - - -
          2.68618  4.42225  2.77519  2.73123  3.46354  2.40513  3.72494  3.29354  2.67741  2.69355  4.24690  2.90347  2.73739  3.18146  2.89801  2.37887  2.77519  2.98518  4.58477  3.61503
          0.01948  4.34387  5.06622  0.61958  0.77255  0.48576  0.95510
     22   2.90430  5.14744  3.26892  2.66173  4.39742  3.64083  2.14665  3.88836  1.50993  3.39290  4.21369  3.14254  4.01407  2.83542  2.30469  2.90139  3.10586  3.54569  5.47979  3.38623     28 k - - -
          2.68618  4.42225  2.77519  2.73123  3.46354  2.40513  3.72494  3.29354  2.67741  2.69355  4.24690  2.90347  2.73739  3.18146  2.89801  2.37887  2.77519  2.98518  4.58477  3.61503
          0.01948  4.34387  5.06622  0.61958  0.77255  0.48576  0.95510
     23   2.77874  5.13099  2.86259  1.95210  4.43030  3.47783  3.71406  3.87605  2.44290  2.99984  4.20959  2.97377  3.91271  1.66851  2.88038  2.52477  3.01424  3.50413  5.58681  4.21951     29 q - - -
          2.68618  4.42225  2.77519  2.73123  3.46354  2.40513  3.72494  3.29354  2.67741  2.69355  4.24690  2.90347  2.73739  3.18146  2.89801  2.37887  2.77519  2.98518  4.58477  3.61503
          0.01948  4.34387  5.06622  0.61958  0.77255  0.48576  0.95510
     24   1.99482  4.27229  4.46083  3.89302  2.37300  4.02542  4.40279  2.05391  3.77095  2.24840  3.32936  4.06870  4.38658  3.97988  3.93143  3.34100  3.10080  1.49158  5.00892  3.80883     30 v - - -
          2.68618  4.42225  2.77519  2.73123  3.46354  2.40513  3.72494  3.29354  2.67741  2.69355  4.24690  2.90347  2.73739  3.18146  2.89801  2.37887  2.77519  2.98518  4.58477  3.61503
          0.01948  4.34387  5.06622  0.61958  0.77255  0.48576  0.95510
     25   3.66923  4.94228  5.24012  4.73996  1.98781  4.84904  4.79327  2.49260  4.58579  0.71997  3.04744  4.86532  5.00368  4.57368  4.61511  4.23837  3.88609  2.69830  4.92815  3.54341     31 l - - -
          2.68618  4.42225  2.77519  2.73123  3.46354  2.40513  3.72494  3.29354  2.67741  2.69355  4.24690  2.90347  2.73739  3.18146  2.89801  2.37887  2.77519  2.98518  4.58477  3.61503
          0.01948  4.34387  5.06622  0.61958  0.77255  0.48576  0.95510
     26   2.81794  5.03526  2.87252  1.99307  4.18704  3.50980  3.75796  3.70486  2.33022  3.28782  4.12086  2.70915  3.95552  2.92686  2.95783  2.82669  3.05336  3.38040  5.45307  1.82574     32 y - - -
          2.68618  4.42225  2.77519  2.73123  3.46354  2.40513  3.72494  3.29354  2.67741  2.69355  4.24690  2.90347  2.73739  3.18146  2.89801  2.37887  2.77519  2.98518  4.58477  3.61503
          0.01948  4.34387  5.06622  0.61958  0.77255  0.48576  0.95510
     27   2.69876  4.12598  4.33266  3.73823  3.18644  3.83626  4.14891  1.88374  3.11153  1.87371  3.00039  3.88030  4.19467  3.77694  3.70639  3.13439  2.93042  2.01213  2.83219  3.56066     33 l - - -
          2.68618  4.42225  2.77519  2.73123  3.46354  2.40513  3.72494  3.29354  2.67741  2.69355  4.24690  2.90347  2.73739  3.18146  2.89801  2.37887  2.77519  2.98518  4.58477  3.61503
          0.01948  4.34387  5.06622  0.61958  0.77255  0.48576  0.95510
     28   3.36354  4.65995  5.07628  4.57280  2.13113  4.62448  4.81219  0.99055  4.43652  1.90523  3.27320  4.69006  4.88107  4.54609  4.52286  4.00092  3.60536  2.13208  5.08536  3.71604     34 i - - -
          2.68618  4.42225  2.77519  2.73123  3.46354  2.40513  3.72494  3.29354  2.67741  2.69355  4.24690  2.90347  2.73739  3.18146  2.89801  2.37887  2.77519  2.98518  4.58477  3.61503
          0.01948  4.34387  5.06622  0.61958  0.77255  0.48576  0.95510
     29   2.05658  4.41181  3.61279  3.20980  3.98191  1.43926  4.20678  3.24710  3.18679  2.07896  3.94053  3.48559  3.98466  3.50903  3.50984  2.75888  2.95019  2.93930  5.42129  4.18524     35 g - - -
          2.68618  4.42225  2.77519  2.73123  3.46354  2.40513  3.72494  3.29354  2.67741  2.69355  4.24690  2.90347  2.73739  3.18146  2.89801  2.37887  2.77519  2.98518  4.58477  3.61503
          0.01948  4.34387  5.06622  0.61958  0.77255  0.48576  0.95510
     30   3.13034  4.48077  4.72922  4.20695  1.98220  4.24098  4.11969  1.31356  4.04452  2.18210  3.37005  4.21963  4.55762  4.14591  4.11383  3.56524  3.35921  2.49441  4.41630  2.26122     36 i - - -
          2.68618  4.42225  2.77519  2.73123  3.46354  2.40513  3.72494  3.29354  2.67741  2.69355  4.24690  2.90347  2.73739  3.18146  2.89801  2.37887  2.77519  2.98518  4.58477  3.61503
          0.01948  4.34387  5.06622  0.61958  0.77255  0.48576  0.95510
     31   2.96866  3.36848  4.85393  4.28409  2.46712  4.24278  4.64125  1.54593  4.13166  2.22037  3.34766  4.36556  4.56784  4.29873  4.21189  3.57694  3.20978  1.32620  5.12242  3.93263     37 v - - -
          2.68618  4.42225  2.77519  2.73123  3.46354  2.40513  3.72494  3.29354  2.67741  2.69355  4.24690  2.90347  2.73739  3.18146  2.89801  2.37887  2.77519  2.98518  4.58477  3.61503
          0.01948  4.34387  5.06622  0.61958  0.77255  0.48576  0.95510
     32   2.41489  3.42546  4.22638  3.49526  3.19768  3.35397  4.08512  2.26083  3.49673  1.74299  2.87897  3.79642  4.13785  3.69897  3.64022  2.90663  2.87961  1.99315  4.71641  3.52891     38 l - - -
          2.68618  4.42225  2.77519  2.73123  3.46354  2.40513  3.72494  3.29354  2.67741  2.69355  4.24690  2.90347  2.73739  3.18146  2.89801  2.37887  2.77519  2.98518  4.58477  3.61503
          0.01948  4.34387  5.06622  0.61958  0.77255  0.48576  0.95510
     33   2.04600  4.54871  4.29244  3.85922  3.50143  3.92648  4.59359  2.52988  3.71159  0.96183  3.39712  4.07246  4.42207  4.01077  3.91902  3.33213  3.29602  2.46832  5.30687  4.12247     39 l - - -
          2.68618  4.42225  2.77519  2.73123  3.46354  2.40513  3.72494  3.29354  2.67741  2.69355  4.24690  2.90347  2.73739  3.18146  2.89801  2.37887  2.77519  2.98518  4.58477  3.61503
          0.01948  4.34387  5.06622  0.61958  0.77255  0.48576  0.95510
     34   3.16885  3.34605  5.08390  4.56965  3.74945  4.53892  5.14354  0.92819  4.45694  2.35000  3.57287  4.69683  4.86682  4.68294  4.60118  3.92154  3.43506  1.46094  5.62281  4.42082     40 i - - -
          2.68618  4.42225  2.77519  2.73123  3.46354  2.40513  3.72494  3.29354  2.67741  2.69355  4.24690  2.90347  2.73739  3.18146  2.89801  2.37887  2.77519  2.98518  4.58477  3.61503
          0.01948  4.34387  5.06622  0.61958  0.77255  0.48576  0.95510
     35   2.75157  2.96702  4.57436  3.97388  2.35288  3.92566  4.25722  1.92288  3.79613  1.97175  2.30771  4.03854  4.27392  3.94581  3.85648  3.23581  2.73662  2.23201  4.76995  3.59963     41 i - - -
          2.68618  4.42225  2.77519  2.73123  3.46354  2.40513  3.72494  3.29354  2.67741  2.69355  4.24690  2.90347  2.73739  3.18146  2.89801  2.37887  2.77519  2.98518  4.58477  3.61503
          0.01948  4.34387  5.06622  0.61958  0.77255  0.48576  0.95510
     36   3.33768  4.58052  5.26241  4.74834  3.69250  4.81708  5.36044  1.35807  4.65130  1.74392  3.46814  4.92464  5.04584  4.84243  4.78906  4.20645  3.58626  1.06804  5.71906  4.55671     42 v - - -
          2.68618  4.42225  2.77519  2.73123  3.46354  2.40513  3.72494  3.29354  2.67741  2.69355  4.24690  2.90347  2.73739  3.18146  2.89801  2.37887  2.77519  2.98518  4.58477  3.61503
          0.01948  4.34387  5.06622  0.61958  0.77255  0.48576  0.95510
     37   1.63656  1.15115  4.30237  3.98863  4.31980  2.56036  4.69305  3.61700  3.88872  3.42335  4.29019  3.78187  3.91689  4.11088  4.04861  2.59721  2.87867  3.14039  5.75064  4.60724     43 c - - -
          2.68618  4.42225  2.77519  2.73123  3.46354  2.40513  3.72494  3.29354  2.67741  2.69355  4.24690  2.90347  2.73739  3.18146  2.89801  2.37887  2.77519  2.98518  4.58477  3.61503
          0.01948  4.34387  5.06622  0.61958  0.77255  0.48576  0.95510
     38   3.39314  4.64114  5.26282  4.75255  3.63010  4.85179  5.38101  0.87781  4.63862  1.78171  3.40429  4.95112  5.06934  4.82661  4.77909  4.24807  3.64233  1.64510  5.70822  4.55755     44 i - - -
          2.68618  4.42225  2.77519  2.73123  3.46354  2.40513  3.72494  3.29354  2.67741  2.69355  4.24690  2.90347  2.73739  3.18146  2.89801  2.37887  2.77519  2.98518  4.58477  3.61503
          0.01948  4.34387  5.06622  0.61958  0.77255  0.48576  0.95510
     39   2.67897  2.66666  4.24923  3.67823  3.33284  3.77400  4.19788  1.97536  3.55288  2.37099  3.32392  3.84385  4.18508  3.77095  3.72141  2.62479  2.32428  1.80319  4.86878  3.67768     45 v - - -
          2.68618  4.42225  2.77519  2.73123  3.46354  2.40513  3.72494  3.29354  2.67741  2.69355  4.24690  2.90347  2.73739  3.18146  2.89801  2.37887  2.77519  2.98518  4.58477  3.61503
          0.01948  4.34387  5.06622  0.61958  0.77255  0.48576  0.95510
     40   2.54759  4.30793  4.44220  3.91000  3.57501  3.23774  4.52552  1.30940  3.80153  2.44078  3.49726  4.09343  4.42051  4.04708  3.99505  3.34749  3.13422  1.50626  5.20907  4.00807     46 i - - -
          2.68618  4.42225  2.77519  2.73123  3.46354  2.40513  3.72494  3.29354  2.67741  2.69355  4.24690  2.90347  2.73739  3.18146  2.89801  2.37887  2.77519  2.98518  4.58477  3.61503
          0.01948  4.34387  5.06622  0.61958  0.77255  0.48576  0.95510
     41   3.56650  4.82843  5.34244  4.77748  2.68966  4.88678  5.13646  1.71430  4.64423  0.79836  2.99280  4.97061  5.00716  4.63022  4.67299  4.25297  3.78046  2.41500  5.28923  4.19145     47 l - - -
          2.68618  4.42225  2.77519  2.73123  3.46354  2.40513  3.72494  3.29354  2.67741  2.69355  4.24690  2.90347  2.73739  3.18146  2.89801  2.37887  2.77519  2.98518  4.58477  3.61503
          0.01948  4.34387  5.06622  0.61958  0.77255  0.48576  0.95510
     42   4.02903  5.20589  4.92476  4.65394  2.11784  4.66450  3.66171  3.80125  4.39045  3.08967  4.35904  4.32910  4.97984  4.39789  4.39913  4.07649  4.24723  3.70792  0.97723  1.44949     48 w - - -
          2.68618  4.42225  2.77519  2.73123  3.46354  2.40513  3.72494  3.29354  2.67741  2.69355  4.24690  2.90347  2.73739  3.18146  2.89801  2.37887  2.77519  2.98518  4.58477  3.61503
          0.01948  4.34387  5.06622  0.61958  0.77255  0.48576  0.95510
     43   3.33418  4.57902  5.26461  4.79066  3.86122  4.82563  5.50702  1.22030  4.70196  2.32118  3.62722  4.96635  5.09681  4.95843  4.87687  4.24389  3.59998  0.92312  5.90967  4.69629     49 v - - -
          2.68618  4.42225  2.77519  2.73123  3.46354  2.40513  3.72494  3.29354  2.67741  2.69355  4.24690  2.90347  2.73739  3.18146  2.89801  2.37887  2.77519  2.98518  4.58477  3.61503
          0.01948  4.34387  5.06622  0.61958  0.77255  0.48576  0.95510
     44   2.96494  1.33078  4.62487  4.14935  3.48766  3.93744  4.65185  2.48522  3.92710  1.51776  3.48188  4.22802  4.45044  4.19999  4.06701  3.37113  3.29814  2.37957  5.23112  3.99586     50 c - - -
          2.68618  4.42225  2.77519  2.73123  3.46354  2.40513  3.72494  3.29354  2.67741  2.69355  4.24690  2.90347  2.73739  3.18146  2.89801  2.37887  2.77519  2.98518  4.58477  3.61503
          0.01948  4.34387  5.06622  0.61958  0.77255  0.48576  0.95510
     45   3.46313  4.72218  5.24666  4.73904  3.47389  4.85383  5.30049  0.93253  4.58169  1.45377  3.27152  4.94675  5.05508  4.74777  4.69665  4.25727  3.70686  1.95984  5.57426  4.43332     51 i - - -
          2.68618  4.42225  2.77519  2.73123  3.46354  2.40513  3.72494  3.29354  2.67741  2.69355  4.24690  2.90347  2.73739  3.18146  2.89801  2.37887  2.77519  2.98518  4.58477  3.61503
          0.01948  4.34387  5.06622  0.61958  0.77255  0.48576  0.95510
     46   2.24924  4.30954  3.74152  3.18005  3.45099  3.69272  4.00715  2.45719  3.10595  2.47107  1.91432  2.77926  4.08558  3.39823  3.41167  2.96567  2.92296  2.33432  4.94753  3.73023     52 m - - -
          2.68618  4.42225  2.77519  2.73123  3.46354  2.40513  3.72494  3.29354  2.67741  2.69355  4.24690  2.90347  2.73739  3.18146  2.89801  2.37887  2.77519  2.98518  4.58477  3.61503
          0.01948  4.34387  5.06622  0.61958  0.77255  0.48576  0.95510
     47   3.44239  4.73660  5.16542  4.62486  3.35713  4.76278  5.16456  2.06599  4.47863  0.85305  3.14378  4.84271  4.96439  4.59851  4.58531  4.13744  3.67961  1.64000  5.44932  4.36224     53 l - - -
          2.68618  4.42225  2.77519  2.73123  3.46354  2.40513  3.72494  3.29354  2.67741  2.69355  4.24690  2.90347  2.73739  3.18146  2.89801  2.37887  2.77519  2.98518  4.58477  3.61503
          0.01948  4.34387  5.06622  0.61958  0.77255  0.48576  0.95510
     48   1.37513  3.32060  3.94148  3.42260  3.63331  3.46467  4.18893  2.88003  3.33195  2.01392  3.61244  3.62406  4.02351  3.60562  3.59503  2.51092  2.89581  2.62783  5.11773  3.91367     54 a - - -
          2.68618  4.42225  2.77519  2.73123  3.46354  2.40513  3.72494  3.29354  2.67741  2.69355  4.24690  2.90347  2.73739  3.18146  2.89801  2.37887  2.77519  2.98518  4.58477  3.61503
          0.01948  4.34387  5.06622  0.61958  0.77255  0.48576  0.95510
     49   2.96957  1.41028  4.58703  4.04882  2.73085  4.05851  4.41147  2.42346  3.89036  1.77482  3.30584  4.16691  4.45461  4.08094  4.02452  3.40894  3.23902  2.33253  4.89104  3.56020     55 c - - -
          2.68618  4.42225  2.77519  2.73123  3.46354  2.40513  3.72494  3.29354  2.67741  2.69355  4.24690  2.90347  2.73739  3.18146  2.89801  2.37887  2.77519  2.98518  4.58477  3.61503
          0.01948  4.34387  5.06622  0.61958  0.77255  0.48576  0.95510
     50   2.47748  4.30471  3.74178  2.40678  2.89189  3.70634  3.91427  2.77886  3.10517  2.16149  3.40909  3.51414  4.08010  3.38089  3.40382  2.96768  2.92183  2.57187  3.69689  2.17873     56 l - - -
          2.68618  4.42225  2.77519  2.73123  3.46354  2.40513  3.72494  3.29354  2.67741  2.69355  4.24690  2.90347  2.73739  3.18146  2.89801  2.37887  2.77519  2.98518  4.58477  3.61503
          0.01948  4.34387  5.06622  0.61958  0.77255  0.48576  0.95510
     51   3.36244  4.60698  5.27681  4.75542  3.61631  4.82542  5.33822  1.14971  4.65232  1.56311  3.39021  4.93346  5.04019  4.81463  4.77373  4.21206  3.60727  1.40234  5.66337  4.52608     57 i - - -
          2.68618  4.42225  2.77519  2.73123  3.46354  2.40513  3.72494  3.29354  2.67741  2.69355  4.24690  2.90347  2.73739  3.18146  2.89801  2.37887  2.77519  2.98518  4.58477  3.61503
          0.01948  4.34387  5.06622  0.61958  0.77255  0.48576  0.95510
     52   3.50206  5.15160  4.16233  4.08584  5.00026  3.81396  5.09951  4.70013  4.19014  4.25982  5.34580  4.33431  0.28551  4.56191  4.35826  3.68955  3.98354  4.28483  6.02676  5.13484     58 P - - -
          2.68618  4.42225  2.77519  2.73123  3.46354  2.40513  3.72494  3.29354  2.67741  2.69355  4.24690  2.90347  2.73739  3.18146  2.89801  2.37887  2.77519  2.98518  4.58477  3.61503
          0.01948  4.34387  5.06622  0.61958  0.77255  0.48576  0.95510
     53   2.95773  5.17804  3.25929  2.71688  4.61851  1.74579  3.75762  4.01355  1.78851  3.50341  4.32922  3.18330  4.04953  2.88967  1.89031  2.95754  3.17650  3.65270  5.60660  4.35119     59 g - - -
          2.68618  4.42225  2.77519  2.73123  3.46354  2.40513  3.72494  3.29354  2.67741  2.69355  4.24690  2.90347  2.73739  3.18146  2.89801  2.37887  2.77519  2.98518  4.58477  3.61503
          0.01948  4.34387  5.06622  0.61958  0.77255  0.48576  0.95510
     54   4.18266  5.26044  5.11434  4.92819  0.97786  4.80316  3.63501  3.79436  4.73898  3.03063  4.35511  4.41522  5.08326  4.53884  4.64585  4.19821  4.39240  3.73988  3.73079  1.05118     60 f - - -
          2.68618  4.42225  2.77519  2.73123  3.46354  2.40513  3.72494  3.29354  2.67741  2.69355  4.24690  2.90347  2.73739  3.18146  2.89801  2.37887  2.77519  2.98518  4.58477  3.61503
          0.01948  4.34387  5.06622  0.61958  0.77255  0.48576  0.95510
     55   2.63545  4.32574  4.78920  4.20529  2.49287  4.21210  4.56599  1.77968  4.05218  1.56167  3.07698  4.31161  4.52120  4.19494  4.13007  3.53507  3.20963  1.66116  5.03412  3.88210     61 l - - -
          2.68618  4.42225  2.77519  2.73123  3.46354  2.40513  3.72494  3.29354  2.67741  2.69355  4.24690  2.90347  2.73739  3.18146  2.89801  2.37887  2.77519  2.98518  4.58477  3.61503
          0.01948  4.34387  5.06622  0.61958  0.77255  0.48576  0.95510
     56   3.34568  5.43773  3.80293  3.06671  4.96975  3.91081  3.78572  4.28896  0.85362  3.67298  4.55401  3.43659  4.26378  2.91571  1.79329  3.32727  3.48696  3.97014  5.65941  4.53768     62 k - - -
          2.68618  4.42225  2.77519  2.73123  3.46354  2.40513  3.72494  3.29354  2.67741  2.69355  4.24690  2.90347  2.73739  3.18146  2.89801  2.37887  2.77519  2.98518  4.58477  3.61503
          0.01948  4.34387  5.06622  0.61958  0.77255  0.48576  0.95510
     57   2.68136  5.13929  2.64014  2.34112  4.46909  3.09103  3.63645  3.93850  1.82199  3.43448  4.18823  2.92022  3.84404  2.64173  2.45825  2.47560  2.50776  3.52260  5.57835  4.18472     63 k - - -
          2.68618  4.42225  2.77519  2.73123  3.46354  2.40513  3.72494  3.29354  2.67741  2.69355  4.24690  2.90347  2.73739  3.18146  2.89801  2.37887  2.77519  2.98518  4.58477  3.61503
          0.01948  4.34387  5.06622  0.61958  0.77255  0.48576  0.95510
     58   2.79856  4.44674  4.01929  3.51297  3.63933  3.75819  4.35143  2.52987  3.38595  1.96579  3.55659  3.79306  4.25188  3.71515  3.66431  3.11123  1.30489  2.20513  5.28009  4.06190     64 t - - -
          2.68618  4.42225  2.77519  2.73123  3.46354  2.40513  3.72494  3.29354  2.67741  2.69355  4.24690  2.90347  2.73739  3.18146  2.89801  2.37887  2.77519  2.98518  4.58477  3.61503
          0.01948  4.34387  5.06622  0.61958  0.77255  0.48576  0.95510
     59   3.36880  4.68323  5.07995  4.50858  3.25788  4.64314  4.98085  2.25102  4.36560  1.12634  1.81770  4.71100  4.84645  4.45317  4.45127  3.98973  3.59347  1.75029  5.29090  4.22825     65 l - - -
          2.68618  4.42225  2.77519  2.73123  3.46354  2.40513  3.72494  3.29354  2.67741  2.69355  4.24690  2.90347  2.73739  3.18146  2.89801  2.37887  2.77519  2.98518  4.58477  3.61503
          0.01948  4.34387  5.06622  0.61958  0.77255  0.48576  0.95510
     60   2.81486  5.33766  1.96268  1.59154  4.66683  3.43056  3.71889  4.15559  2.22066  3.63030  4.39605  2.89139  3.89826  2.69445  2.69295  2.75472  3.05674  3.72243  5.76300  4.33637     66 e - - -
          2.68618  4.42225  2.77519  2.73123  3.46354  2.40513  3.72494  3.29354  2.67741  2.69355  4.24690  2.90347  2.73739  3.18146  2.89801  2.37887  2.77519  2.98518  4.58477  3.61503
          0.01948  4.34387  5.06622  0.61958  0.77255  0.48576  0.95510
     61   1.64046  4.55280  3.27832  2.77970  3.84867  3.02833  3.86972  3.24220  2.77940  2.91883  3.78019  2.85989  3.93722  3.10738  3.18435  2.75661  2.62766  2.95536  5.22622  2.64229     67 a - - -
          2.68618  4.42225  2.77519  2.73123  3.46354  2.40513  3.72494  3.29354  2.67741  2.69355  4.24690  2.90347  2.73739  3.18146  2.89801  2.37887  2.77519  2.98518  4.58477  3.61503
          0.01948  4.34387  5.06622  0.61958  0.77255  0.48576  0.95510
     62   2.66645  3.42805  4.13420  3.55313  3.21193  3.21540  4.07000  2.46338  3.41772  2.16319  3.26593  3.75186  4.13739  3.64894  3.59843  3.04968  2.90725  2.29182  1.83782  3.51385     68 w - - -
          2.68618  4.42225  2.77519  2.73123  3.46354  2.40513  3.72494  3.29354  2.67741  2.69355  4.24690  2.90347  2.73739  3.18146  2.89801  2.37887  2.77519  2.98518  4.58477  3.61503
          0.01948  4.34387  5.06622  0.61958  0.77255  0.48576  0.95510
     63   3.42693  4.75255  5.08239  4.57164  3.35130  4.67576  5.11932  2.18731  4.40203  0.82331  3.15889  4.78208  4.92600  4.55694  4.51674  4.07028  3.67831  1.66622  5.43053  4.31648     69 l - - -
          2.68618  4.42225  2.77519  2.73123  3.46354  2.40513  3.72494  3.29354  2.67741  2.69355  4.24690  2.90347  2.73739  3.18146  2.89801  2.37887  2.77519  2.98518  4.58477  3.61503
          0.01948  4.34387  5.06622  0.61958  0.77255  0.48576  0.95510
     64   2.66540  4.93261  2.98621  2.06342  4.20193  3.09919  3.68221  3.63059  2.46604  2.91678  3.44463  2.62249  3.86696  2.81973  2.93488  1.94485  2.90048  3.28462  5.43105  4.07941     70 s - - -
          2.68618  4.42225  2.77519  2.73123  3.46354  2.40513  3.72494  3.29354  2.67741  2.69355  4.24690  2.90347  2.73739  3.18146  2.89801  2.37887  2.77519  2.98518  4.58477  3.61503
          0.01948  4.34387  5.06622  0.61958  0.77255  0.48576  0.95510
     65   2.82594  4.63194  3.57191  3.11566  2.98904  3.65367  3.86840  3.29998  3.08103  2.92836  3.88522  3.46648  4.13387  3.39423  3.42536  1.28830  3.11954  3.04887  4.65231  2.16812     71 s - - -
          2.68618  4.42225  2.77519  2.73123  3.46354  2.40513  3.72494  3.29354  2.67741  2.69355  4.24690  2.90347  2.73739  3.18146  2.89801  2.37887  2.77519  2.98518  4.58477  3.61503
          0.17439  4.34387  1.91704  0.61958  0.77255  0.48576  0.95510
     66   2.34425  4.47747  3.11878  2.89475  4.45248  3.13061  4.14536  3.91868  3.06073  3.56824  4.39492  2.63606  3.83472  3.37176  3.43316  1.04338  2.90949  3.39685  5.75636  4.46710     72 s - - -
          2.68618  4.42225  2.77519  2.73123  3.46354  2.40513  3.72494  3.29354  2.67741  2.69355  4.24690  2.90347  2.73739  3.18146  2.89801  2.37887  2.77519  2.98518  4.58477  3.61503
          0.02271  4.19219  4.91454  0.61958  0.77255  0.67299  0.71372
     67   2.42699  4.37264  3.43538  3.24906  4.46277  3.09616  4.37946  3.97300  3.35110  3.65462  4.51601  3.43370  3.54481  3.66863  3.64420  0.78728  2.92588  3.41043  5.79917  4.55104     73 s - - -
          2.68618  4.42225  2.77519  2.73123  3.46354  2.40513  3.72494  3.29354  2.67741  2.69355  4.24690  2.90347  2.73739  3.18146  2.89801  2.37887  2.77519  2.98518  4.58477  3.61503
          0.02271  4.19219  4.91454  0.61958  0.77255  0.38430  1.14233
     68   3.22610  4.52944  5.09799  4.51719  2.79100  4.51566  4.86689  1.53005  4.36899  1.41413  2.38665  4.63535  4.75276  4.44058  4.41070  3.85653  3.45247  1.76538  5.19823  4.10479     74 l - - -
          2.68618  4.42225  2.77519  2.73123  3.46354  2.40513  3.72494  3.29354  2.67741  2.69355  4.24690  2.90347  2.73739  3.18146  2.89801  2.37887  2.77519  2.98518  4.58477  3.61503
          0.01948  4.34387  5.06622  0.61958  0.77255  0.48576  0.95510
     69   2.86624  4.39820  4.20696  3.65778  3.43374  3.92505  4.36343  2.42709  3.52491  2.13192  1.51588  3.92046  4.32979  3.80179  3.75850  3.24788  2.24118  2.11989  5.11611  3.93695     75 m - - -
          2.68618  4.42225  2.77519  2.73123  3.46354  2.40513  3.72494  3.29354  2.67741  2.69355  4.24690  2.90347  2.73739  3.18146  2.89801  2.37887  2.77519  2.98518  4.58477  3.61503
          0.01948  4.34387  5.06622  0.61958  0.77255  0.48576  0.95510
     70   3.33507  5.45432  3.80494  3.04124  4.99070  3.91373  3.75818  4.29537  0.94612  3.66669  4.53905  3.41445  4.25197  2.79728  1.64542  3.30924  3.46751  3.97360  5.65365  4.53076     76 k - - -
          2.68618  4.42225  2.77519  2.73123  3.46354  2.40513  3.72494  3.29354  2.67741  2.69355  4.24690  2.90347  2.73739  3.18146  2.89801  2.37887  2.77519  2.98518  4.58477  3.61503
          0.01948  4.34387  5.06622  0.61958  0.77255  0.48576  0.95510
     71   3.31568  5.39546  3.78461  3.06020  4.93086  3.66650  3.78652  4.24644  1.67278  3.64848  4.52571  3.42961  4.25279  2.91879  0.93498  3.30614  3.46529  3.92708  5.64878  4.52480     77 r - - -
          2.68618  4.42225  2.77519  2.73123  3.46354  2.40513  3.72494  3.29354  2.67741  2.69355  4.24690  2.90347  2.73739  3.18146  2.89801  2.37887  2.77519  2.98518  4.58477  3.61503
          0.01948  4.34387  5.06622  0.61958  0.77255  0.48576  0.95510
     72   3.38852  5.46505  3.91560  3.11250  5.02109  3.94852  3.77699  4.31744  1.29460  3.68437  4.56800  3.46492  4.28487  2.90478  1.10959  3.36731  3.51450  4.00363  5.65883  4.55655     78 r - - -
          2.68618  4.42225  2.77519  2.73123  3.46354  2.40513  3.72494  3.29354  2.67741  2.69355  4.24690  2.90347  2.73739  3.18146  2.89801  2.37887  2.77519  2.98518  4.58477  3.61503
          0.01948  4.34387  5.06622  0.61958  0.77255  0.48576  0.95510
     73   3.29757  4.57475  5.15758  4.60434  3.44986  4.66950  5.08898  1.70714  4.48402  1.40317  2.76544  4.76779  4.89503  4.60509  4.57606  4.02800  3.53254  1.24727  5.43254  4.32399     79 v - - -
          2.68618  4.42225  2.77519  2.73123  3.46354  2.40513  3.72494  3.29354  2.67741  2.69355  4.24690  2.90347  2.73739  3.18146  2.89801  2.37887  2.77519  2.98518  4.58477  3.61503
          0.01948  4.34387  5.06622  0.61958  0.77255  0.48576  0.95510
     74   1.17639  4.37035  3.76850  3.29908  3.57099  3.46540  4.10685  3.12659  3.18410  2.83959  3.76323  3.55029  4.03192  3.51954  3.46681  2.71125  2.95997  2.85377  2.67435  3.72843     80 a - - -
          2.68618  4.42225  2.77519  2.73123  3.46354  2.40513  3.72494  3.29354  2.67741  2.69355  4.24690  2.90347  2.73739  3.18146  2.89801  2.37887  2.77519  2.98518  4.58477  3.61503
          0.01948  4.34387  5.06622  0.61958  0.77255  0.48576  0.95510
     75   1.81169  4.40049  3.57177  3.06288  3.87041  3.39317  4.05232  3.19636  3.01936  2.92516  2.58780  3.39442  3.94850  3.33563  3.37601  1.64863  2.71409  2.89490  5.28284  4.04601     81 s - - -
          2.68618  4.42225  2.77519  2.73123  3.46354  2.40513  3.72494  3.29354  2.67741  2.69355  4.24690  2.90347  2.73739  3.18146  2.89801  2.37887  2.77519  2.98518  4.58477  3.61503
          0.01948  4.34387  5.06622  0.61958  0.77255  0.48576  0.95510
     76   2.86944  4.99923  3.29925  2.73781  4.37543  3.60522  3.77131  3.76311  2.29593  3.31932  4.16280  3.19590  4.02308  2.60761  1.74677  2.90650  1.69200  3.43526  5.49616  4.23452     82 t - - -
          2.68618  4.42225  2.77519  2.73123  3.46354  2.40513  3.72494  3.29354  2.67741  2.69355  4.24690  2.90347  2.73739  3.18146  2.89801  2.37887  2.77519  2.98518  4.58477  3.61503
          0.01948  4.34387  5.06622  0.61958  0.77255  0.48576  0.95510
     77   2.93898  4.44822  4.19095  3.59755  3.41397  4.01793  4.27665  1.47546  3.28419  1.74067  3.33187  3.89334  4.35954  3.69138  2.39815  3.32094  3.16938  2.33504  5.07414  3.88258     83 i - - -
          2.68618  4.42225  2.77519  2.73123  3.46354  2.40513  3.72494  3.29354  2.67741  2.69355  4.24690  2.90347  2.73739  3.18146  2.89801  2.37887  2.77519  2.98518  4.58477  3.61503
          0.01948  4.34387  5.06622  0.61958  0.77255  0.48576  0.95510
     78   2.75087  4.58846  3.94231  3.75008  4.48143  3.40426  4.71884  3.67378  3.70351  3.51840  4.55655  3.85616  4.15361  4.07769  3.91958  2.95982  0.56993  3.31067  5.87037  4.70563     84 T - - -
          2.68618  4.42225  2.77519  2.73123  3.46354  2.40513  3.72494  3.29354  2.67741  2.69355  4.24690  2.90347  2.73739  3.18146  2.89801  2.37887  2.77519  2.98518  4.58477  3.61503
          0.01948  4.34387  5.06622  0.61958  0.77255  0.48576  0.95510
     79   2.80578  5.05000  3.13351  2.56813  4.41365  2.52891  3.68375  3.84492  2.27474  3.37035  4.16304  3.06670  3.93828  2.19979  1.68307  2.80349  3.02431  3.48797  5.45742  4.19625     85 r - - -
          2.68618  4.42225  2.77519  2.73123  3.46354  2.40513  3.72494  3.29354  2.67741  2.69355  4.24690  2.90347  2.73739  3.18146  2.89801  2.37887  2.77519  2.98518  4.58477  3.61503
          0.01948  4.34387  5.06622  0.61958  0.77255  0.48576  0.95510
     80   2.68874  4.37540  3.67882  3.14997  3.55754  3.62047  4.01288  2.81918  3.01472  2.01910  3.54125  3.49547  4.06101  3.36992  3.31724  2.93237  1.45274  2.61425  5.01409  3.80588     86 t - - -
          2.68618  4.42225  2.77519  2.73123  3.46354  2.40513  3.72494  3.29354  2.67741  2.69355  4.24690  2.90347  2.73739  3.18146  2.89801  2.37887  2.77519  2.98518  4.58477  3.61503
          0.01948  4.34387  5.06622  0.61958  0.77255  0.48576  0.95510
     81   2.47324  4.42510  3.54003  3.25285  4.47283  3.18978  4.35547  3.85889  3.28813  3.55921  4.40196  3.46555  1.12955  3.61416  3.60733  2.44961  2.05194  3.35385  5.81150  4.58303     87 p - - -
          2.68618  4.42225  2.77519  2.73123  3.46354  2.40513  3.72494  3.29354  2.67741  2.69355  4.24690  2.90347  2.73739  3.18146  2.89801  2.37887  2.77519  2.98518  4.58477  3.61503
          0.01948  4.34387  5.06622  0.61958  0.77255  0.48576  0.95510
     82   2.74224  4.35365  3.75988  2.38340  2.07773  3.74588  3.90754  2.81200  3.13991  2.01016  3.44430  3.54288  4.11931  3.41525  3.43586  2.92853  2.97357  2.61373  4.68098  2.63628     88 l - - -
          2.68618  4.42225  2.77519  2.73123  3.46354  2.40513  3.72494  3.29354  2.67741  2.69355  4.24690  2.90347  2.73739  3.18146  2.89801  2.37887  2.77519  2.98518  4.58477  3.61503
          0.01948  4.34387  5.06622  0.61958  0.77255  0.48576  0.95510
     83   2.11631  5.41441  2.24452  1.19940  4.75333  3.40611  3.85381  4.22433  2.76660  3.75246  4.56598  2.89267  3.96294  3.00123  3.30916  2.87529  3.21694  3.81071  5.92645  4.47671     89 e - - -
          2.68618  4.42225  2.77519  2.73123  3.46354  2.40513  3.72494  3.29354  2.67741  2.69355  4.24690  2.90347  2.73739  3.18146  2.89801  2.37887  2.77519  2.98518  4.58477  3.61503
          0.01948  4.34387  5.06622  0.61958  0.77255  0.48576  0.95510
     84   2.15925  4.78390  3.06679  1.77937  3.41895  3.48007  3.75820  3.42206  2.58815  3.07507  3.91416  3.07001  3.90523  2.93000  3.03828  2.72764  2.30167  3.11608  5.35479  4.03463     90 e - - -
          2.68618  4.42225  2.77519  2.73123  3.46354  2.40513  3.72494  3.29354  2.67741  2.69355  4.24690  2.90347  2.73739  3.18146  2.89801  2.37887  2.77519  2.98518  4.58477  3.61503
          0.01948  4.34387  5.06622  0.61958  0.77255  0.48576  0.95510
     85   2.48248  4.40976  3.67866  3.43539  4.55720  1.94715  4.50567  3.92981  3.49789  3.65964  4.50912  3.57343  3.94402  3.79494  3.78698  2.66622  0.94518  3.39801  5.89346  4.70379     91 t - - -
          2.68618  4.42225  2.77519  2.73123  3.46354  2.40513  3.72494  3.29354  2.67741  2.69355  4.24690  2.90347  2.73739  3.18146  2.89801  2.37887  2.77519  2.98518  4.58477  3.61503
          0.01948  4.34387  5.06622  0.61958  0.77255  0.48576  0.95510
     86   2.93234  5.20689  2.21640  2.45723  4.84003  1.05754  4.05399  4.35715  3.07254  3.91198  4.75743  2.54579  4.00575  3.24164  3.61279  2.91820  3.29381  3.88456  6.07217  4.64609     92 g - - -
          2.68618  4.42225  2.77519  2.73123  3.46354  2.40513  3.72494  3.29354  2.67741  2.69355  4.24690  2.90347  2.73739  3.18146  2.89801  2.37887  2.77519  2.98518  4.58477  3.61503
          0.01948  4.34387  5.06622  0.61958  0.77255  0.48576  0.95510
     87   2.56569  4.54815  3.30870  2.84840  4.08545  2.88760  3.97166  3.46726  2.86033  3.14080  3.98536  2.81768  1.67262  3.18957  3.26329  2.69569  2.58188  2.45031  5.42900  4.15655     93 p - - -
          2.68618  4.42225  2.77519  2.73123  3.46354  2.40513  3.72494  3.29354  2.67741  2.69355  4.24690  2.90347  2.73739  3.18146  2.89801  2.37887  2.77519  2.98518  4.58477  3.61503
          0.01948  4.34387  5.06622  0.61958  0.77255  0.48576  0.95510
     88   2.51096  5.15454  2.69523  1.58236  4.46437  3.05562  3.41599  3.93212  2.44728  3.44555  4.21183  2.67025  3.85942  2.67303  2.94210  2.68123  2.94925  3.11887  5.60780  4.20720     94 e - - -
          2.68618  4.42225  2.77519  2.73123  3.46354  2.40513  3.72494  3.29354  2.67741  2.69355  4.24690  2.90347  2.73739  3.18146  2.89801  2.37887  2.77519  2.98518  4.58477  3.61503
          0.01948  4.34387  5.06622  0.61958  0.77255  0.48576  0.95510
     89   2.89232  4.71083  3.62919  3.02858  3.32402  3.77892  3.92227  2.60488  2.65018  2.54517  3.67482  3.44317  4.15256  3.18802  1.32002  3.05545  3.11782  2.84243  5.13045  3.81693     95 r - - -
          2.68618  4.42225  2.77519  2.73123  3.46354  2.40513  3.72494  3.29354  2.67741  2.69355  4.24690  2.90347  2.73739  3.18146  2.89801  2.37887  2.77519  2.98518  4.58477  3.61503
          0.01948  4.34387  5.06622  0.61958  0.77255  0.48576  0.95510
     90   3.01001  5.51062  2.43598  1.14680  4.86643  2.85568  3.88987  4.37253  2.81175  3.86879  4.69005  2.05140  3.98916  3.04258  3.34959  2.92652  3.29173  3.93982  6.01940  4.55528     96 e - - -
          2.68618  4.42225  2.77519  2.73123  3.46354  2.40513  3.72494  3.29354  2.67741  2.69355  4.24690  2.90347  2.73739  3.18146  2.89801  2.37887  2.77519  2.98518  4.58477  3.61503
          0.01948  4.34387  5.06622  0.61958  0.77255  0.48576  0.95510
     91   2.74189  5.09903  3.21708  2.43061  4.47237  3.30097  3.75215  3.85778  2.26351  3.21393  4.22684  3.16105  4.02669  2.89283  1.24075  2.92222  3.12959  3.52009  5.54427  4.27555     97 r - - -
          2.68618  4.42225  2.77519  2.73123  3.46354  2.40513  3.72494  3.29354  2.67741  2.69355  4.24690  2.90347  2.73739  3.18146  2.89801  2.37887  2.77519  2.98518  4.58477  3.61503
          0.01948  4.34387  5.06622  0.61958  0.77255  0.48576  0.95510
     92   2.70062  5.03357  2.78907  2.43801  4.35651  2.95629  3.69467  3.80082  2.45126  3.34912  4.13574  1.84537  3.87593  2.82188  2.30234  2.69650  2.94253  2.98857  5.53534  4.16846     98 n - - -
          2.68618  4.42225  2.77519  2.73123  3.46354  2.40513  3.72494  3.29354  2.67741  2.69355  4.24690  2.90347  2.73739  3.18146  2.89801  2.37887  2.77519  2.98518  4.58477  3.61503
          0.01948  4.34387  5.06622  0.61958  0.77255  0.48576  0.95510
     93   2.70129  4.37865  3.69377  3.14547  3.40148  2.93608  3.93459  2.69105  2.95556  2.62132  3.53599  3.48528  4.06945  3.33781  3.03155  2.86298  2.95454  2.69079  1.67027  3.57363     99 w - - -
          2.68618  4.42225  2.77519  2.73123  3.46354  2.40513  3.72494  3.29354  2.67741  2.69355  4.24690  2.90347  2.73739  3.18146  2.89801  2.37887  2.77519  2.98518  4.58477  3.61503
          0.01948  4.34387  5.06622  0.61958  0.77255  0.48576  0.95510
     94   2.33945  5.11961  1.93615  2.19960  4.42681  3.05895  3.21704  3.88879  2.45386  3.41331  4.18425  2.91987  3.85902  2.79201  2.94761  2.48465  2.94116  3.09815  5.58476  4.19057    100 d - - -
          2.68618  4.42225  2.77519  2.73123  3.46354  2.40513  3.72494  3.29354  2.67741  2.69355  4.24690  2.90347  2.73739  3.18146  2.89801  2.37887  2.77519  2.98518  4.58477  3.61503
          0.01948  4.34387  5.06622  0.61958  0.77255  0.48576  0.95510
     95   2.17438  5.05103  2.52295  2.13927  4.35108  3.44549  3.65036  3.33368  2.41065  3.33878  4.11039  2.93639  3.84591  2.76682  2.49907  2.23878  2.89879  3.41803  5.51734  4.13692    101 e - - -
          2.68618  4.42225  2.77519  2.73123  3.46354  2.40513  3.72494  3.29354  2.67741  2.69355  4.24690  2.90347  2.73739  3.18146  2.89801  2.37887  2.77519  2.98518  4.58477  3.61503
          0.01948  4.34387  5.06622  0.61958  0.77255  0.48576  0.95510
     96   2.84480  5.17101  2.33396  2.49665  4.55825  3.48383  3.77448  4.01460  2.45834  3.53415  4.33942  3.01944  3.95779  2.91008  1.35933  2.53711  3.09741  3.62303  5.67490  4.32013    102 r - - -
          2.68618  4.42225  2.77519  2.73123  3.46354  2.40513  3.72494  3.29354  2.67741  2.69355  4.24690  2.90347  2.73739  3.18146  2.89801  2.37887  2.77519  2.98518  4.58477  3.61503
          0.01948  4.34387  5.06622  0.61958  0.77255  0.48576  0.95510
     97   2.87298  4.94600  3.34356  2.72729  4.23838  3.64045  3.39829  3.65341  2.25271  3.22314  4.05678  3.18725  4.00875  2.72964  1.29497  2.91100  3.07785  2.93109  5.34134  4.12272    103 r - - -
          2.68618  4.42225  2.77519  2.73123  3.46354  2.40513  3.72494  3.29354  2.67741  2.69355  4.24690  2.90347  2.73739  3.18146  2.89801  2.37887  2.77519  2.98518  4.58477  3.61503
          0.01948  4.34387  5.06622  0.61958  0.77255  0.48576  0.95510
     98   2.56859  5.02462  2.96294  2.27351  4.31699  3.45206  3.64535  3.51772  2.40064  3.09399  4.08115  2.72398  3.36944  2.12440  2.66945  2.48007  2.50466  3.38692  5.49047  4.11666    104 q - - -
          2.68618  4.42225  2.77519  2.73123  3.46354  2.40513  3.72494  3.29354  2.67741  2.69355  4.24690  2.90347  2.73739  3.18146  2.89801  2.37887  2.77519  2.98518  4.58477  3.61503
          0.01948  4.34387  5.06622  0.61958  0.77255  0.48576  0.95510
     99   2.29785  5.12191  2.48693  1.91125  4.43901  3.43449  3.64301  3.90771  2.39971  3.41591  4.17328  2.91222  3.35220  2.55945  2.89090  2.48287  2.64137  3.49807  5.57225  3.81043    105 e - - -
          2.68618  4.42263  2.77544  2.73144  3.46394  2.40549  3.72492  3.29326  2.67781  2.69395  4.24612  2.90378  2.73687  3.18059  2.89841  2.37885  2.77507  2.98348  4.58515  3.61543
          0.59944  1.39616  1.59289  1.89115  0.16358  0.48576  0.95510
    100   2.24295  4.58074  3.13049  2.61104  3.90703  3.38767  3.74518  3.29193  2.59419  2.94872  3.79338  3.07777  3.23703  2.42607  3.01728  2.24423  2.82826  2.41114  5.23835  3.94702    119 a - - -
          2.68618  4.42225  2.77519  2.73123  3.46354  2.40513  3.72494  3.29354  2.67741  2.69355  4.24690  2.90347  2.73739  3.18146  2.89801  2.37887  2.77519  2.98518  4.58477  3.61503
          0.02432  4.12443  4.84678  0.61958  0.77255  0.63330  0.75681
    101   2.61847  4.87369  2.94149  2.43171  4.19067  3.40173  3.65958  3.62018  2.43967  3.19903  3.99872  2.19214  3.28448  2.38415  2.90104  2.44024  2.62290  2.92123  5.41494  4.06613    120 n - - -
          2.68618  4.42225  2.77519  2.73123  3.46354  2.40513  3.72494  3.29354  2.67741  2.69355  4.24690  2.90347  2.73739  3.18146  2.89801  2.37887  2.77519  2.98518  4.58477  3.61503
          0.02296  4.18121  4.90356  0.61958  0.77255  0.37904  1.15365
    102   2.45878  5.11024  2.70363  2.24015  4.43149  3.43645  3.51403  3.40771  2.24345  3.40488  4.15775  2.24571  3.83153  2.59499  2.65717  2.46676  2.71944  3.48812  5.55680  4.16081    121 e - - -
          2.68618  4.42225  2.77519  2.73123  3.46354  2.40513  3.72494  3.29354  2.67741  2.69355  4.24690  2.90347  2.73739  3.18146  2.89801  2.37887  2.77519  2.98518  4.58477  3.61503
          0.01948  4.34387  5.06622  0.61958  0.77255  0.48576  0.95510
    103   2.60045  5.02294  2.93834  2.26930  4.32497  3.09046  3.66000  3.77371  2.42697  3.31789  4.09483  2.19909  2.99510  2.62848  2.90797  2.47950  2.58438  3.05461  5.50480  4.12994    122 n - - -
          2.68618  4.42225  2.77519  2.73123  3.46354  2.40513  3.72494  3.29354  2.67741  2.69355  4.24690  2.90347  2.73739  3.18146  2.89801  2.37887  2.77519  2.98518  4.58477  3.61503
          0.01948  4.34387  5.06622  0.61958  0.77255  0.48576  0.95510
    104   2.43691  4.79313  3.08840  2.55152  3.91934  2.77573  3.74225  3.42256  2.55191  3.15560  3.96876  2.06588  2.75080  2.89824  3.00889  2.67753  2.60547  3.13267  5.39979  4.07190    123 n - - -
          2.68618  4.42225  2.77519  2.73123  3.46354  2.40513  3.72494  3.29354  2.67741  2.69355  4.24690  2.90347  2.73739  3.18146  2.89801  2.37887  2.77519  2.98518  4.58477  3.61503
          0.01948  4.34387  5.06622  0.61958  0.77255  0.48576  0.95510
    105   2.45129  4.88463  3.04019  2.33573  4.13797  3.47927  3.68289  3.55798  2.46446  3.15118  3.95867  3.00658  3.14005  2.62196  2.36189  2.62218  2.49531  2.55804  5.38390  4.04504    124 e - - -
          2.68618  4.42225  2.77519  2.73123  3.46354  2.40513  3.72494  3.29354  2.67741  2.69355  4.24690  2.90347  2.73739  3.18146  2.89801  2.37887  2.77519  2.98518  4.58477  3.61503
          0.01948  4.34387  5.06622  0.61958  0.77255  0.48576  0.95510
    106   2.67077  5.11655  2.69082  2.24090  4.43736  3.44028  3.63651  3.90463  2.37872  3.41020  4.16644  2.55140  3.83936  2.55558  2.08981  2.36777  2.78801  3.13131  5.56310  4.16945    125 r - - -
          2.68618  4.42225  2.77519  2.73123  3.46354  2.40513  3.72494  3.29354  2.67741  2.69355  4.24690  2.90347  2.73739  3.18146  2.89801  2.37887  2.77519  2.98518  4.58477  3.61503
          0.01948  4.34387  5.06622  0.61958  0.77255  0.48576  0.95510
    107   2.59315  5.17488  2.44397  2.09135  4.50213  2.92875  3.64795  3.98064  2.40678  3.09994  4.22385  2.48774  3.26352  2.27353  2.90301  2.65442  2.92612  3.55661  5.61645  4.20757    126 e - - -
          2.68638  4.42245  2.77495  2.73139  3.46374  2.40505  3.72514  3.29374  2.67761  2.69355  4.24710  2.90367  2.73752  3.18102  2.89730  2.37874  2.77539  2.98499  4.58497  3.61523
          0.29283  1.60627  2.93336  1.41702  0.27764  0.48576  0.95510
    108   2.61721  4.98694  2.94831  2.42891  4.32000  3.05549  3.55891  3.76426  2.42284  3.31211  4.09468  2.34050  2.50265  2.79325  2.46153  2.55867  2.66316  3.38477  5.49969  4.13515    132 n - - -
          2.68618  4.42225  2.77519  2.73123  3.46354  2.40513  3.72494  3.29354  2.67741  2.69355  4.24690  2.90347  2.73739  3.18146  2.89801  2.37887  2.77519  2.98518  4.58477  3.61503
          0.02045  4.29582  5.01817  0.61958  0.77255  0.55215  0.85735
    109   2.36222  4.98816  2.65329  2.41664  4.37126  3.19057  3.68800  3.82573  2.46902  3.36714  4.14249  2.06357  3.29670  2.81132  2.95297  2.28259  2.65349  3.33436  5.54915  4.17230    133 n - - -
          2.68618  4.42225  2.77519  2.73123  3.46354  2.40513  3.72494  3.29354  2.67741  2.69355  4.24690  2.90347  2.73739  3.18146  2.89801  2.37887  2.77519  2.98518  4.58477  3.61503
          0.02045  4.29582  5.01817  0.61958  0.77255  0.44638  1.02148
    110   2.44956  4.88475  3.03891  2.49771  4.23813  3.05858  3.71017  3.67003  2.48888  3.24728  4.04203  2.33914  3.86194  2.84730  2.50436  2.31044  2.26233  3.12167  5.46092  4.11409    134 t - - -
          2.68618  4.42225  2.77519  2.73123  3.46354  2.40513  3.72494  3.29354  2.67741  2.69355  4.24690  2.90347  2.73739  3.18146  2.89801  2.37887  2.77519  2.98518  4.58477  3.61503
          0.01948  4.34387  5.06622  0.61958  0.77255  0.48576  0.95510
    111   2.15182  4.34249  3.75168  3.34286  4.27475  1.33956  4.33759  3.57713  3.32691  3.34191  4.19545  3.51480  3.90713  3.61836  3.64940  2.62210  1.91998  2.63798  5.65677  4.44577    135 g - - -
          2.68618  4.42225  2.77519  2.73123  3.46354  2.40513  3.72494  3.29354  2.67741  2.69355  4.24690  2.90347  2.73739  3.18146  2.89801  2.37887  2.77519  2.98518  4.58477  3.61503
          0.01948  4.34387  5.06622  0.61958  0.77255  0.48576  0.95510
    112   2.55924  4.66340  3.11933  2.77403  4.51918  2.43656  4.03695  3.97413  2.90426  3.56795  4.36329  2.72046  2.36281  3.21156  3.34115  1.41723  2.95004  3.47727  5.76693  4.45427    136 s - - -
          2.68618  4.42225  2.77519  2.73123  3.46354  2.40513  3.72494  3.29354  2.67741  2.69355  4.24690  2.90347  2.73739  3.18146  2.89801  2.37887  2.77519  2.98518  4.58477  3.61503
          0.01948  4.34387  5.06622  0.61958  0.77255  0.48576  0.95510
    113   2.64443  4.33632  3.61843  3.05608  3.50300  2.40429  3.93525  2.82196  2.97650  2.56540  2.54141  3.42883  4.02572  3.28999  2.94347  2.88992  2.63951  1.98164  4.96086  3.73582    137 v - - -
          2.68618  4.42225  2.77519  2.73123  3.46354  2.40513  3.72494  3.29354  2.67741  2.69355  4.24690  2.90347  2.73739  3.18146  2.89801  2.37887  2.77519  2.98518  4.58477  3.61503
          0.01948  4.34387  5.06622  0.61958  0.77255  0.48576  0.95510
    114   3.47949  4.79359  4.98313  4.53105  0.99374  4.57599  4.39719  1.98740  4.37787  1.94182  3.32822  4.55622  4.85557  4.44214  4.44395  3.95724  3.72149  2.53965  4.60091  3.04676    138 f - - -
          2.68621  4.42228  2.77522  2.73126  3.46357  2.40516  3.72497  3.29357  2.67744  2.69358  4.24693  2.90350  2.73742  3.18149  2.89804  2.37857  2.77522  2.98521  4.58480  3.61506
          0.16806  1.86628        *  0.25592  1.48814  0.00000        *
//
