HMMER3/f [3.3.2 | Nov 2020]
NAME  vHMM_21230
LENG  138
ALPH  amino
RF    no
MM    no
CONS  yes
CS    no
MAP   yes
DATE  Sat Feb 27 14:28:31 2021
NSEQ  2
EFFN  0.425781
CKSUM 40945570
STATS LOCAL MSV      -10.4744  0.71083
STATS LOCAL VITERBI  -10.6862  0.71083
STATS LOCAL FORWARD   -4.3768  0.71083
CUTOFF SCORE	244.88
TAXON	Herelleviridae
TXID	2560065
PROTEIN	Terminase small subunit
TYPE	Full-length
RANGE	Wide
HMM          A        C        D        E        F        G        H        I        K        L        M        N        P        Q        R        S        T        V        W        Y   
            m->m     m->i     m->d     i->m     i->i     d->m     d->d
  COMPO   2.51376  4.56071  2.60802  2.51167  3.48174  2.85347  4.01972  2.89056  2.59492  2.41962  3.43847  2.91840  3.72725  3.04589  3.06445  2.65720  2.82709  2.66543  5.21209  3.93806
          2.68618  4.42225  2.77519  2.73123  3.46354  2.40513  3.72494  3.29354  2.67741  2.69355  4.24690  2.90347  2.73739  3.18146  2.89801  2.37887  2.77519  2.98518  4.58477  3.61503
          0.03330  3.81461  4.53696  0.61958  0.77255  0.00000        *
      1   2.92529  4.48372  3.98788  3.57799  3.18498  3.79093  4.32659  2.35491  3.34883  1.78938  1.49358  3.86232  4.25213  3.73511  3.56074  3.26788  3.22994  2.35404  5.01747  3.77354      1 m - - -
          2.68618  4.42225  2.77519  2.73123  3.46354  2.40513  3.72494  3.29354  2.67741  2.69355  4.24690  2.90347  2.73739  3.18146  2.89801  2.37887  2.77519  2.98518  4.58477  3.61503
          0.03330  3.81461  4.53696  0.61958  0.77255  0.48576  0.95510
      2   2.67746  4.67008  2.68010  2.56037  4.02470  3.14669  3.87774  3.72379  2.77724  3.37764  4.33418  1.26484  3.79630  3.15142  3.12905  2.74753  3.05804  3.35186  5.33747  3.97799      2 n - - -
          2.68618  4.42225  2.77519  2.73123  3.46354  2.40513  3.72494  3.29354  2.67741  2.69355  4.24690  2.90347  2.73739  3.18146  2.89801  2.37887  2.77519  2.98518  4.58477  3.61503
          0.03330  3.81461  4.53696  0.61958  0.77255  0.48576  0.95510
      3   3.09148  4.57162  4.09595  3.73682  3.11579  3.90749  4.41074  2.31824  3.50508  0.94997  3.15915  4.01775  4.35368  3.88731  3.69010  3.47343  3.38887  2.34029  4.97280  3.68235      3 l - - -
          2.68618  4.42225  2.77519  2.73123  3.46354  2.40513  3.72494  3.29354  2.67741  2.69355  4.24690  2.90347  2.73739  3.18146  2.89801  2.37887  2.77519  2.98518  4.58477  3.61503
          0.03330  3.81461  4.53696  0.61958  0.77255  0.48576  0.95510
      4   2.92943  5.04531  1.00475  2.30314  4.41509  3.16860  3.88325  3.99053  2.95695  3.60978  4.58783  2.85607  3.81746  3.12320  3.46428  2.89922  3.26722  3.63632  5.59486  4.29913      4 d - - -
          2.68618  4.42225  2.77519  2.73123  3.46354  2.40513  3.72494  3.29354  2.67741  2.69355  4.24690  2.90347  2.73739  3.18146  2.89801  2.37887  2.77519  2.98518  4.58477  3.61503
          0.03330  3.81461  4.53696  0.61958  0.77255  0.48576  0.95510
      5   2.67746  4.67008  2.68010  2.56037  4.02470  3.14669  3.87774  3.72379  2.77724  3.37764  4.33418  1.26484  3.79630  3.15142  3.12905  2.74753  3.05804  3.35186  5.33747  3.97799      5 n - - -
          2.68618  4.42225  2.77519  2.73123  3.46354  2.40513  3.72494  3.29354  2.67741  2.69355  4.24690  2.90347  2.73739  3.18146  2.89801  2.37887  2.77519  2.98518  4.58477  3.61503
          0.03330  3.81461  4.53696  0.61958  0.77255  0.48576  0.95510
      6   2.98615  4.42260  4.25095  3.86557  3.33652  4.00195  4.60527  1.15268  3.69247  1.93589  3.28239  4.11908  4.43984  4.04750  3.89575  3.49268  3.28684  1.84805  5.21447  3.94690      6 i - - -
          2.68618  4.42225  2.77519  2.73123  3.46354  2.40513  3.72494  3.29354  2.67741  2.69355  4.24690  2.90347  2.73739  3.18146  2.89801  2.37887  2.77519  2.98518  4.58477  3.61503
          0.03330  3.81461  4.53696  0.61958  0.77255  0.48576  0.95510
      7   2.90486  5.00062  2.46713  1.11071  4.33997  3.23839  3.82185  3.78242  2.69524  3.40948  4.38740  2.90384  3.84063  3.03959  3.09704  2.89401  3.20911  3.47275  5.52259  4.24627      7 e - - -
          2.68618  4.42225  2.77519  2.73123  3.46354  2.40513  3.72494  3.29354  2.67741  2.69355  4.24690  2.90347  2.73739  3.18146  2.89801  2.37887  2.77519  2.98518  4.58477  3.61503
          0.03330  3.81461  4.53696  0.61958  0.77255  0.48576  0.95510
      8   2.94232  4.78314  3.42729  2.95212  4.12308  3.43983  3.78608  3.66179  2.21952  3.18836  4.19123  3.31568  3.94629  3.01032  1.07071  3.02998  3.21293  3.38854  5.23031  4.06420      8 r - - -
          2.68618  4.42225  2.77519  2.73123  3.46354  2.40513  3.72494  3.29354  2.67741  2.69355  4.24690  2.90347  2.73739  3.18146  2.89801  2.37887  2.77519  2.98518  4.58477  3.61503
          0.03330  3.81461  4.53696  0.61958  0.77255  0.48576  0.95510
      9   2.67746  4.67008  2.68010  2.56037  4.02470  3.14669  3.87774  3.72379  2.77724  3.37764  4.33418  1.26484  3.79630  3.15142  3.12905  2.74753  3.05804  3.35186  5.33747  3.97799      9 n - - -
          2.68618  4.42225  2.77519  2.73123  3.46354  2.40513  3.72494  3.29354  2.67741  2.69355  4.24690  2.90347  2.73739  3.18146  2.89801  2.37887  2.77519  2.98518  4.58477  3.61503
          0.03330  3.81461  4.53696  0.61958  0.77255  0.48576  0.95510
     10   3.09148  4.57162  4.09595  3.73682  3.11579  3.90749  4.41074  2.31824  3.50508  0.94997  3.15915  4.01775  4.35368  3.88731  3.69010  3.47343  3.38887  2.34029  4.97280  3.68235     10 l - - -
          2.68618  4.42225  2.77519  2.73123  3.46354  2.40513  3.72494  3.29354  2.67741  2.69355  4.24690  2.90347  2.73739  3.18146  2.89801  2.37887  2.77519  2.98518  4.58477  3.61503
          0.03330  3.81461  4.53696  0.61958  0.77255  0.48576  0.95510
     11   2.28865  4.20761  3.15817  2.97250  4.01926  2.93866  4.08335  3.53461  3.04230  3.25980  4.19163  3.20577  3.67295  3.39645  3.32927  1.18180  2.76468  3.08245  5.39668  4.10278     11 s - - -
          2.68618  4.42225  2.77519  2.73123  3.46354  2.40513  3.72494  3.29354  2.67741  2.69355  4.24690  2.90347  2.73739  3.18146  2.89801  2.37887  2.77519  2.98518  4.58477  3.61503
          0.03330  3.81461  4.53696  0.61958  0.77255  0.48576  0.95510
     12   2.92096  4.87994  3.09297  2.72688  4.25311  3.41535  3.73032  3.67903  1.12048  3.25742  4.22316  3.15347  3.92076  2.92597  2.42516  2.96745  3.17917  3.39050  5.33252  4.13739     12 k - - -
          2.68618  4.42225  2.77519  2.73123  3.46354  2.40513  3.72494  3.29354  2.67741  2.69355  4.24690  2.90347  2.73739  3.18146  2.89801  2.37887  2.77519  2.98518  4.58477  3.61503
          0.03330  3.81461  4.53696  0.61958  0.77255  0.48576  0.95510
     13   2.92096  4.87994  3.09297  2.72688  4.25311  3.41535  3.73032  3.67903  1.12048  3.25742  4.22316  3.15347  3.92076  2.92597  2.42516  2.96745  3.17917  3.39050  5.33252  4.13739     13 k - - -
          2.68618  4.42225  2.77519  2.73123  3.46354  2.40513  3.72494  3.29354  2.67741  2.69355  4.24690  2.90347  2.73739  3.18146  2.89801  2.37887  2.77519  2.98518  4.58477  3.61503
          0.03330  3.81461  4.53696  0.61958  0.77255  0.48576  0.95510
     14   2.92096  4.87994  3.09297  2.72688  4.25311  3.41535  3.73032  3.67903  1.12048  3.25742  4.22316  3.15347  3.92076  2.92597  2.42516  2.96745  3.17917  3.39050  5.33252  4.13739     14 k - - -
          2.68618  4.42225  2.77519  2.73123  3.46354  2.40513  3.72494  3.29354  2.67741  2.69355  4.24690  2.90347  2.73739  3.18146  2.89801  2.37887  2.77519  2.98518  4.58477  3.61503
          0.03330  3.81461  4.53696  0.61958  0.77255  0.48576  0.95510
     15   2.38382  4.22835  3.37887  3.12967  3.91982  3.06915  4.15112  3.03999  3.07148  2.90548  3.96077  3.34749  3.76880  3.46953  3.33220  2.58458  1.27399  2.74117  5.36281  4.13682     15 t - - -
          2.68618  4.42225  2.77519  2.73123  3.46354  2.40513  3.72494  3.29354  2.67741  2.69355  4.24690  2.90347  2.73739  3.18146  2.89801  2.37887  2.77519  2.98518  4.58477  3.61503
          0.03330  3.81461  4.53696  0.61958  0.77255  0.48576  0.95510
     16   2.38382  4.22835  3.37887  3.12967  3.91982  3.06915  4.15112  3.03999  3.07148  2.90548  3.96077  3.34749  3.76880  3.46953  3.33220  2.58458  1.27399  2.74117  5.36281  4.13682     16 t - - -
          2.68618  4.42225  2.77519  2.73123  3.46354  2.40513  3.72494  3.29354  2.67741  2.69355  4.24690  2.90347  2.73739  3.18146  2.89801  2.37887  2.77519  2.98518  4.58477  3.61503
          0.03330  3.81461  4.53696  0.61958  0.77255  0.48576  0.95510
     17   2.59636  4.37612  3.25814  3.15092  4.29163  0.82427  4.27360  3.87822  3.32417  3.53940  4.51564  3.42276  3.76539  3.65312  3.56545  2.76684  3.07315  3.41783  5.40092  4.39200     17 g - - -
          2.68618  4.42225  2.77519  2.73123  3.46354  2.40513  3.72494  3.29354  2.67741  2.69355  4.24690  2.90347  2.73739  3.18146  2.89801  2.37887  2.77519  2.98518  4.58477  3.61503
          0.03330  3.81461  4.53696  0.61958  0.77255  0.48576  0.95510
     18   2.92943  5.04531  1.00475  2.30314  4.41509  3.16860  3.88325  3.99053  2.95695  3.60978  4.58783  2.85607  3.81746  3.12320  3.46428  2.89922  3.26722  3.63632  5.59486  4.29913     18 d - - -
          2.68618  4.42225  2.77519  2.73123  3.46354  2.40513  3.72494  3.29354  2.67741  2.69355  4.24690  2.90347  2.73739  3.18146  2.89801  2.37887  2.77519  2.98518  4.58477  3.61503
          0.03330  3.81461  4.53696  0.61958  0.77255  0.48576  0.95510
     19   1.10056  4.16535  3.40553  3.19556  3.99630  2.99114  4.22421  3.11332  3.21035  2.99742  4.03673  3.35927  3.72502  3.55715  3.46410  2.51671  2.79012  2.77784  5.42931  4.22338     19 a - - -
          2.68618  4.42225  2.77519  2.73123  3.46354  2.40513  3.72494  3.29354  2.67741  2.69355  4.24690  2.90347  2.73739  3.18146  2.89801  2.37887  2.77519  2.98518  4.58477  3.61503
          0.03330  3.81461  4.53696  0.61958  0.77255  0.48576  0.95510
     20   2.76271  4.32262  4.04413  3.70669  3.50916  3.66268  4.51883  2.05760  3.57353  2.20717  3.48439  3.90544  4.22729  3.93807  3.79137  3.16355  3.12623  1.10137  5.28338  4.01083     20 v - - -
          2.68618  4.42225  2.77519  2.73123  3.46354  2.40513  3.72494  3.29354  2.67741  2.69355  4.24690  2.90347  2.73739  3.18146  2.89801  2.37887  2.77519  2.98518  4.58477  3.61503
          0.03330  3.81461  4.53696  0.61958  0.77255  0.48576  0.95510
     21   2.92096  4.87994  3.09297  2.72688  4.25311  3.41535  3.73032  3.67903  1.12048  3.25742  4.22316  3.15347  3.92076  2.92597  2.42516  2.96745  3.17917  3.39050  5.33252  4.13739     21 k - - -
          2.68618  4.42225  2.77519  2.73123  3.46354  2.40513  3.72494  3.29354  2.67741  2.69355  4.24690  2.90347  2.73739  3.18146  2.89801  2.37887  2.77519  2.98518  4.58477  3.61503
          0.03330  3.81461  4.53696  0.61958  0.77255  0.48576  0.95510
     22   2.92943  5.04531  1.00475  2.30314  4.41509  3.16860  3.88325  3.99053  2.95695  3.60978  4.58783  2.85607  3.81746  3.12320  3.46428  2.89922  3.26722  3.63632  5.59486  4.29913     22 d - - -
          2.68618  4.42225  2.77519  2.73123  3.46354  2.40513  3.72494  3.29354  2.67741  2.69355  4.24690  2.90347  2.73739  3.18146  2.89801  2.37887  2.77519  2.98518  4.58477  3.61503
          0.03330  3.81461  4.53696  0.61958  0.77255  0.48576  0.95510
     23   2.90486  5.00062  2.46713  1.11071  4.33997  3.23839  3.82185  3.78242  2.69524  3.40948  4.38740  2.90384  3.84063  3.03959  3.09704  2.89401  3.20911  3.47275  5.52259  4.24627     23 e - - -
          2.68618  4.42225  2.77519  2.73123  3.46354  2.40513  3.72494  3.29354  2.67741  2.69355  4.24690  2.90347  2.73739  3.18146  2.89801  2.37887  2.77519  2.98518  4.58477  3.61503
          0.03330  3.81461  4.53696  0.61958  0.77255  0.48576  0.95510
     24   3.18649  4.60575  4.15895  3.86349  1.11147  3.88772  3.85464  2.71849  3.77221  2.10254  3.45803  3.95468  4.34847  3.95650  3.90621  3.45872  3.48804  2.70472  4.12287  2.49796     24 f - - -
          2.68618  4.42225  2.77519  2.73123  3.46354  2.40513  3.72494  3.29354  2.67741  2.69355  4.24690  2.90347  2.73739  3.18146  2.89801  2.37887  2.77519  2.98518  4.58477  3.61503
          0.03330  3.81461  4.53696  0.61958  0.77255  0.48576  0.95510
     25   2.67746  4.67008  2.68010  2.56037  4.02470  3.14669  3.87774  3.72379  2.77724  3.37764  4.33418  1.26484  3.79630  3.15142  3.12905  2.74753  3.05804  3.35186  5.33747  3.97799     25 n - - -
          2.68618  4.42225  2.77519  2.73123  3.46354  2.40513  3.72494  3.29354  2.67741  2.69355  4.24690  2.90347  2.73739  3.18146  2.89801  2.37887  2.77519  2.98518  4.58477  3.61503
          0.03330  3.81461  4.53696  0.61958  0.77255  0.48576  0.95510
     26   2.92943  5.04531  1.00475  2.30314  4.41509  3.16860  3.88325  3.99053  2.95695  3.60978  4.58783  2.85607  3.81746  3.12320  3.46428  2.89922  3.26722  3.63632  5.59486  4.29913     26 d - - -
          2.68618  4.42225  2.77519  2.73123  3.46354  2.40513  3.72494  3.29354  2.67741  2.69355  4.24690  2.90347  2.73739  3.18146  2.89801  2.37887  2.77519  2.98518  4.58477  3.61503
          0.03330  3.81461  4.53696  0.61958  0.77255  0.48576  0.95510
     27   2.92529  4.48372  3.98788  3.57799  3.18498  3.79093  4.32659  2.35491  3.34883  1.78938  1.49358  3.86232  4.25213  3.73511  3.56074  3.26788  3.22994  2.35404  5.01747  3.77354     27 m - - -
          2.68618  4.42225  2.77519  2.73123  3.46354  2.40513  3.72494  3.29354  2.67741  2.69355  4.24690  2.90347  2.73739  3.18146  2.89801  2.37887  2.77519  2.98518  4.58477  3.61503
          0.03330  3.81461  4.53696  0.61958  0.77255  0.48576  0.95510
     28   1.10056  4.16535  3.40553  3.19556  3.99630  2.99114  4.22421  3.11332  3.21035  2.99742  4.03673  3.35927  3.72502  3.55715  3.46410  2.51671  2.79012  2.77784  5.42931  4.22338     28 a - - -
          2.68618  4.42225  2.77519  2.73123  3.46354  2.40513  3.72494  3.29354  2.67741  2.69355  4.24690  2.90347  2.73739  3.18146  2.89801  2.37887  2.77519  2.98518  4.58477  3.61503
          0.03330  3.81461  4.53696  0.61958  0.77255  0.48576  0.95510
     29   2.92529  4.48372  3.98788  3.57799  3.18498  3.79093  4.32659  2.35491  3.34883  1.78938  1.49358  3.86232  4.25213  3.73511  3.56074  3.26788  3.22994  2.35404  5.01747  3.77354     29 m - - -
          2.68618  4.42225  2.77519  2.73123  3.46354  2.40513  3.72494  3.29354  2.67741  2.69355  4.24690  2.90347  2.73739  3.18146  2.89801  2.37887  2.77519  2.98518  4.58477  3.61503
          0.03330  3.81461  4.53696  0.61958  0.77255  0.48576  0.95510
     30   2.92096  4.87994  3.09297  2.72688  4.25311  3.41535  3.73032  3.67903  1.12048  3.25742  4.22316  3.15347  3.92076  2.92597  2.42516  2.96745  3.17917  3.39050  5.33252  4.13739     30 k - - -
          2.68618  4.42225  2.77519  2.73123  3.46354  2.40513  3.72494  3.29354  2.67741  2.69355  4.24690  2.90347  2.73739  3.18146  2.89801  2.37887  2.77519  2.98518  4.58477  3.61503
          0.03330  3.81461  4.53696  0.61958  0.77255  0.48576  0.95510
     31   3.09148  4.57162  4.09595  3.73682  3.11579  3.90749  4.41074  2.31824  3.50508  0.94997  3.15915  4.01775  4.35368  3.88731  3.69010  3.47343  3.38887  2.34029  4.97280  3.68235     31 l - - -
          2.68618  4.42225  2.77519  2.73123  3.46354  2.40513  3.72494  3.29354  2.67741  2.69355  4.24690  2.90347  2.73739  3.18146  2.89801  2.37887  2.77519  2.98518  4.58477  3.61503
          0.03330  3.81461  4.53696  0.61958  0.77255  0.48576  0.95510
     32   3.09148  4.57162  4.09595  3.73682  3.11579  3.90749  4.41074  2.31824  3.50508  0.94997  3.15915  4.01775  4.35368  3.88731  3.69010  3.47343  3.38887  2.34029  4.97280  3.68235     32 l - - -
          2.68618  4.42225  2.77519  2.73123  3.46354  2.40513  3.72494  3.29354  2.67741  2.69355  4.24690  2.90347  2.73739  3.18146  2.89801  2.37887  2.77519  2.98518  4.58477  3.61503
          0.03330  3.81461  4.53696  0.61958  0.77255  0.48576  0.95510
     33   1.10056  4.16535  3.40553  3.19556  3.99630  2.99114  4.22421  3.11332  3.21035  2.99742  4.03673  3.35927  3.72502  3.55715  3.46410  2.51671  2.79012  2.77784  5.42931  4.22338     33 a - - -
          2.68618  4.42225  2.77519  2.73123  3.46354  2.40513  3.72494  3.29354  2.67741  2.69355  4.24690  2.90347  2.73739  3.18146  2.89801  2.37887  2.77519  2.98518  4.58477  3.61503
          0.03330  3.81461  4.53696  0.61958  0.77255  0.48576  0.95510
     34   2.59636  4.37612  3.25814  3.15092  4.29163  0.82427  4.27360  3.87822  3.32417  3.53940  4.51564  3.42276  3.76539  3.65312  3.56545  2.76684  3.07315  3.41783  5.40092  4.39200     34 g - - -
          2.68618  4.42225  2.77519  2.73123  3.46354  2.40513  3.72494  3.29354  2.67741  2.69355  4.24690  2.90347  2.73739  3.18146  2.89801  2.37887  2.77519  2.98518  4.58477  3.61503
          0.03330  3.81461  4.53696  0.61958  0.77255  0.48576  0.95510
     35   3.18649  4.60575  4.15895  3.86349  1.11147  3.88772  3.85464  2.71849  3.77221  2.10254  3.45803  3.95468  4.34847  3.95650  3.90621  3.45872  3.48804  2.70472  4.12287  2.49796     35 f - - -
          2.68618  4.42225  2.77519  2.73123  3.46354  2.40513  3.72494  3.29354  2.67741  2.69355  4.24690  2.90347  2.73739  3.18146  2.89801  2.37887  2.77519  2.98518  4.58477  3.61503
          0.03330  3.81461  4.53696  0.61958  0.77255  0.48576  0.95510
     36   2.92096  4.87994  3.09297  2.72688  4.25311  3.41535  3.73032  3.67903  1.12048  3.25742  4.22316  3.15347  3.92076  2.92597  2.42516  2.96745  3.17917  3.39050  5.33252  4.13739     36 k - - -
          2.68618  4.42225  2.77519  2.73123  3.46354  2.40513  3.72494  3.29354  2.67741  2.69355  4.24690  2.90347  2.73739  3.18146  2.89801  2.37887  2.77519  2.98518  4.58477  3.61503
          0.03330  3.81461  4.53696  0.61958  0.77255  0.48576  0.95510
     37   1.10056  4.16535  3.40553  3.19556  3.99630  2.99114  4.22421  3.11332  3.21035  2.99742  4.03673  3.35927  3.72502  3.55715  3.46410  2.51671  2.79012  2.77784  5.42931  4.22338     37 a - - -
          2.68618  4.42225  2.77519  2.73123  3.46354  2.40513  3.72494  3.29354  2.67741  2.69355  4.24690  2.90347  2.73739  3.18146  2.89801  2.37887  2.77519  2.98518  4.58477  3.61503
          0.03330  3.81461  4.53696  0.61958  0.77255  0.48576  0.95510
     38   2.92943  5.04531  1.00475  2.30314  4.41509  3.16860  3.88325  3.99053  2.95695  3.60978  4.58783  2.85607  3.81746  3.12320  3.46428  2.89922  3.26722  3.63632  5.59486  4.29913     38 d - - -
          2.68618  4.42225  2.77519  2.73123  3.46354  2.40513  3.72494  3.29354  2.67741  2.69355  4.24690  2.90347  2.73739  3.18146  2.89801  2.37887  2.77519  2.98518  4.58477  3.61503
          0.03330  3.81461  4.53696  0.61958  0.77255  0.48576  0.95510
     39   2.76271  4.32262  4.04413  3.70669  3.50916  3.66268  4.51883  2.05760  3.57353  2.20717  3.48439  3.90544  4.22729  3.93807  3.79137  3.16355  3.12623  1.10137  5.28338  4.01083     39 v - - -
          2.68618  4.42225  2.77519  2.73123  3.46354  2.40513  3.72494  3.29354  2.67741  2.69355  4.24690  2.90347  2.73739  3.18146  2.89801  2.37887  2.77519  2.98518  4.58477  3.61503
          0.03330  3.81461  4.53696  0.61958  0.77255  0.48576  0.95510
     40   2.28865  4.20761  3.15817  2.97250  4.01926  2.93866  4.08335  3.53461  3.04230  3.25980  4.19163  3.20577  3.67295  3.39645  3.32927  1.18180  2.76468  3.08245  5.39668  4.10278     40 s - - -
          2.68618  4.42225  2.77519  2.73123  3.46354  2.40513  3.72494  3.29354  2.67741  2.69355  4.24690  2.90347  2.73739  3.18146  2.89801  2.37887  2.77519  2.98518  4.58477  3.61503
          0.03330  3.81461  4.53696  0.61958  0.77255  0.48576  0.95510
     41   1.10056  4.16535  3.40553  3.19556  3.99630  2.99114  4.22421  3.11332  3.21035  2.99742  4.03673  3.35927  3.72502  3.55715  3.46410  2.51671  2.79012  2.77784  5.42931  4.22338     41 a - - -
          2.68618  4.42225  2.77519  2.73123  3.46354  2.40513  3.72494  3.29354  2.67741  2.69355  4.24690  2.90347  2.73739  3.18146  2.89801  2.37887  2.77519  2.98518  4.58477  3.61503
          0.03330  3.81461  4.53696  0.61958  0.77255  0.48576  0.95510
     42   2.59636  4.37612  3.25814  3.15092  4.29163  0.82427  4.27360  3.87822  3.32417  3.53940  4.51564  3.42276  3.76539  3.65312  3.56545  2.76684  3.07315  3.41783  5.40092  4.39200     42 g - - -
          2.68618  4.42225  2.77519  2.73123  3.46354  2.40513  3.72494  3.29354  2.67741  2.69355  4.24690  2.90347  2.73739  3.18146  2.89801  2.37887  2.77519  2.98518  4.58477  3.61503
          0.03330  3.81461  4.53696  0.61958  0.77255  0.48576  0.95510
     43   2.92943  5.04531  1.00475  2.30314  4.41509  3.16860  3.88325  3.99053  2.95695  3.60978  4.58783  2.85607  3.81746  3.12320  3.46428  2.89922  3.26722  3.63632  5.59486  4.29913     43 d - - -
          2.68618  4.42225  2.77519  2.73123  3.46354  2.40513  3.72494  3.29354  2.67741  2.69355  4.24690  2.90347  2.73739  3.18146  2.89801  2.37887  2.77519  2.98518  4.58477  3.61503
          0.03330  3.81461  4.53696  0.61958  0.77255  0.48576  0.95510
     44   2.92096  4.87994  3.09297  2.72688  4.25311  3.41535  3.73032  3.67903  1.12048  3.25742  4.22316  3.15347  3.92076  2.92597  2.42516  2.96745  3.17917  3.39050  5.33252  4.13739     44 k - - -
          2.68618  4.42225  2.77519  2.73123  3.46354  2.40513  3.72494  3.29354  2.67741  2.69355  4.24690  2.90347  2.73739  3.18146  2.89801  2.37887  2.77519  2.98518  4.58477  3.61503
          0.03330  3.81461  4.53696  0.61958  0.77255  0.48576  0.95510
     45   2.92096  4.87994  3.09297  2.72688  4.25311  3.41535  3.73032  3.67903  1.12048  3.25742  4.22316  3.15347  3.92076  2.92597  2.42516  2.96745  3.17917  3.39050  5.33252  4.13739     45 k - - -
          2.68618  4.42225  2.77519  2.73123  3.46354  2.40513  3.72494  3.29354  2.67741  2.69355  4.24690  2.90347  2.73739  3.18146  2.89801  2.37887  2.77519  2.98518  4.58477  3.61503
          0.03330  3.81461  4.53696  0.61958  0.77255  0.48576  0.95510
     46   3.09148  4.57162  4.09595  3.73682  3.11579  3.90749  4.41074  2.31824  3.50508  0.94997  3.15915  4.01775  4.35368  3.88731  3.69010  3.47343  3.38887  2.34029  4.97280  3.68235     46 l - - -
          2.68618  4.42225  2.77519  2.73123  3.46354  2.40513  3.72494  3.29354  2.67741  2.69355  4.24690  2.90347  2.73739  3.18146  2.89801  2.37887  2.77519  2.98518  4.58477  3.61503
          0.03330  3.81461  4.53696  0.61958  0.77255  0.48576  0.95510
     47   2.90486  5.00062  2.46713  1.11071  4.33997  3.23839  3.82185  3.78242  2.69524  3.40948  4.38740  2.90384  3.84063  3.03959  3.09704  2.89401  3.20911  3.47275  5.52259  4.24627     47 e - - -
          2.68618  4.42225  2.77519  2.73123  3.46354  2.40513  3.72494  3.29354  2.67741  2.69355  4.24690  2.90347  2.73739  3.18146  2.89801  2.37887  2.77519  2.98518  4.58477  3.61503
          0.03330  3.81461  4.53696  0.61958  0.77255  0.48576  0.95510
     48   2.92943  5.04531  1.00475  2.30314  4.41509  3.16860  3.88325  3.99053  2.95695  3.60978  4.58783  2.85607  3.81746  3.12320  3.46428  2.89922  3.26722  3.63632  5.59486  4.29913     48 d - - -
          2.68618  4.42225  2.77519  2.73123  3.46354  2.40513  3.72494  3.29354  2.67741  2.69355  4.24690  2.90347  2.73739  3.18146  2.89801  2.37887  2.77519  2.98518  4.58477  3.61503
          0.03330  3.81461  4.53696  0.61958  0.77255  0.48576  0.95510
     49   2.76271  4.32262  4.04413  3.70669  3.50916  3.66268  4.51883  2.05760  3.57353  2.20717  3.48439  3.90544  4.22729  3.93807  3.79137  3.16355  3.12623  1.10137  5.28338  4.01083     49 v - - -
          2.68618  4.42225  2.77519  2.73123  3.46354  2.40513  3.72494  3.29354  2.67741  2.69355  4.24690  2.90347  2.73739  3.18146  2.89801  2.37887  2.77519  2.98518  4.58477  3.61503
          0.03330  3.81461  4.53696  0.61958  0.77255  0.48576  0.95510
     50   1.10056  4.16535  3.40553  3.19556  3.99630  2.99114  4.22421  3.11332  3.21035  2.99742  4.03673  3.35927  3.72502  3.55715  3.46410  2.51671  2.79012  2.77784  5.42931  4.22338     50 a - - -
          2.68618  4.42225  2.77519  2.73123  3.46354  2.40513  3.72494  3.29354  2.67741  2.69355  4.24690  2.90347  2.73739  3.18146  2.89801  2.37887  2.77519  2.98518  4.58477  3.61503
          0.03330  3.81461  4.53696  0.61958  0.77255  0.48576  0.95510
     51   2.92943  5.04531  1.00475  2.30314  4.41509  3.16860  3.88325  3.99053  2.95695  3.60978  4.58783  2.85607  3.81746  3.12320  3.46428  2.89922  3.26722  3.63632  5.59486  4.29913     51 d - - -
          2.68618  4.42225  2.77519  2.73123  3.46354  2.40513  3.72494  3.29354  2.67741  2.69355  4.24690  2.90347  2.73739  3.18146  2.89801  2.37887  2.77519  2.98518  4.58477  3.61503
          0.03330  3.81461  4.53696  0.61958  0.77255  0.48576  0.95510
     52   2.92529  4.48372  3.98788  3.57799  3.18498  3.79093  4.32659  2.35491  3.34883  1.78938  1.49358  3.86232  4.25213  3.73511  3.56074  3.26788  3.22994  2.35404  5.01747  3.77354     52 m - - -
          2.68618  4.42225  2.77519  2.73123  3.46354  2.40513  3.72494  3.29354  2.67741  2.69355  4.24690  2.90347  2.73739  3.18146  2.89801  2.37887  2.77519  2.98518  4.58477  3.61503
          0.03330  3.81461  4.53696  0.61958  0.77255  0.48576  0.95510
     53   1.10056  4.16535  3.40553  3.19556  3.99630  2.99114  4.22421  3.11332  3.21035  2.99742  4.03673  3.35927  3.72502  3.55715  3.46410  2.51671  2.79012  2.77784  5.42931  4.22338     53 a - - -
          2.68618  4.42225  2.77519  2.73123  3.46354  2.40513  3.72494  3.29354  2.67741  2.69355  4.24690  2.90347  2.73739  3.18146  2.89801  2.37887  2.77519  2.98518  4.58477  3.61503
          0.03330  3.81461  4.53696  0.61958  0.77255  0.48576  0.95510
     54   2.94232  4.78314  3.42729  2.95212  4.12308  3.43983  3.78608  3.66179  2.21952  3.18836  4.19123  3.31568  3.94629  3.01032  1.07071  3.02998  3.21293  3.38854  5.23031  4.06420     54 r - - -
          2.68618  4.42225  2.77519  2.73123  3.46354  2.40513  3.72494  3.29354  2.67741  2.69355  4.24690  2.90347  2.73739  3.18146  2.89801  2.37887  2.77519  2.98518  4.58477  3.61503
          0.03330  3.81461  4.53696  0.61958  0.77255  0.48576  0.95510
     55   3.09148  4.57162  4.09595  3.73682  3.11579  3.90749  4.41074  2.31824  3.50508  0.94997  3.15915  4.01775  4.35368  3.88731  3.69010  3.47343  3.38887  2.34029  4.97280  3.68235     55 l - - -
          2.68618  4.42225  2.77519  2.73123  3.46354  2.40513  3.72494  3.29354  2.67741  2.69355  4.24690  2.90347  2.73739  3.18146  2.89801  2.37887  2.77519  2.98518  4.58477  3.61503
          0.03330  3.81461  4.53696  0.61958  0.77255  0.48576  0.95510
     56   3.09148  4.57162  4.09595  3.73682  3.11579  3.90749  4.41074  2.31824  3.50508  0.94997  3.15915  4.01775  4.35368  3.88731  3.69010  3.47343  3.38887  2.34029  4.97280  3.68235     56 l - - -
          2.68618  4.42225  2.77519  2.73123  3.46354  2.40513  3.72494  3.29354  2.67741  2.69355  4.24690  2.90347  2.73739  3.18146  2.89801  2.37887  2.77519  2.98518  4.58477  3.61503
          0.03330  3.81461  4.53696  0.61958  0.77255  0.48576  0.95510
     57   2.83737  4.81895  2.86738  2.62262  3.97943  3.32918  3.77993  3.60256  2.44779  3.11055  4.14143  3.08131  3.88269  1.34074  2.73253  2.88822  3.13504  3.33627  5.26244  3.95275     57 q - - -
          2.68618  4.42225  2.77519  2.73123  3.46354  2.40513  3.72494  3.29354  2.67741  2.69355  4.24690  2.90347  2.73739  3.18146  2.89801  2.37887  2.77519  2.98518  4.58477  3.61503
          0.03330  3.81461  4.53696  0.61958  0.77255  0.48576  0.95510
     58   2.38382  4.22835  3.37887  3.12967  3.91982  3.06915  4.15112  3.03999  3.07148  2.90548  3.96077  3.34749  3.76880  3.46953  3.33220  2.58458  1.27399  2.74117  5.36281  4.13682     58 t - - -
          2.68618  4.42225  2.77519  2.73123  3.46354  2.40513  3.72494  3.29354  2.67741  2.69355  4.24690  2.90347  2.73739  3.18146  2.89801  2.37887  2.77519  2.98518  4.58477  3.61503
          0.03330  3.81461  4.53696  0.61958  0.77255  0.48576  0.95510
     59   3.18649  4.60575  4.15895  3.86349  1.11147  3.88772  3.85464  2.71849  3.77221  2.10254  3.45803  3.95468  4.34847  3.95650  3.90621  3.45872  3.48804  2.70472  4.12287  2.49796     59 f - - -
          2.68618  4.42225  2.77519  2.73123  3.46354  2.40513  3.72494  3.29354  2.67741  2.69355  4.24690  2.90347  2.73739  3.18146  2.89801  2.37887  2.77519  2.98518  4.58477  3.61503
          0.03330  3.81461  4.53696  0.61958  0.77255  0.48576  0.95510
     60   2.98615  4.42260  4.25095  3.86557  3.33652  4.00195  4.60527  1.15268  3.69247  1.93589  3.28239  4.11908  4.43984  4.04750  3.89575  3.49268  3.28684  1.84805  5.21447  3.94690     60 i - - -
          2.68618  4.42225  2.77519  2.73123  3.46354  2.40513  3.72494  3.29354  2.67741  2.69355  4.24690  2.90347  2.73739  3.18146  2.89801  2.37887  2.77519  2.98518  4.58477  3.61503
          0.03330  3.81461  4.53696  0.61958  0.77255  0.48576  0.95510
     61   2.83737  4.81895  2.86738  2.62262  3.97943  3.32918  3.77993  3.60256  2.44779  3.11055  4.14143  3.08131  3.88269  1.34074  2.73253  2.88822  3.13504  3.33627  5.26244  3.95275     61 q - - -
          2.68618  4.42225  2.77519  2.73123  3.46354  2.40513  3.72494  3.29354  2.67741  2.69355  4.24690  2.90347  2.73739  3.18146  2.89801  2.37887  2.77519  2.98518  4.58477  3.61503
          0.03330  3.81461  4.53696  0.61958  0.77255  0.48576  0.95510
     62   2.76271  4.32262  4.04413  3.70669  3.50916  3.66268  4.51883  2.05760  3.57353  2.20717  3.48439  3.90544  4.22729  3.93807  3.79137  3.16355  3.12623  1.10137  5.28338  4.01083     62 v - - -
          2.68618  4.42225  2.77519  2.73123  3.46354  2.40513  3.72494  3.29354  2.67741  2.69355  4.24690  2.90347  2.73739  3.18146  2.89801  2.37887  2.77519  2.98518  4.58477  3.61503
          0.03330  3.81461  4.53696  0.61958  0.77255  0.48576  0.95510
     63   2.67746  4.67008  2.68010  2.56037  4.02470  3.14669  3.87774  3.72379  2.77724  3.37764  4.33418  1.26484  3.79630  3.15142  3.12905  2.74753  3.05804  3.35186  5.33747  3.97799     63 n - - -
          2.68618  4.42225  2.77519  2.73123  3.46354  2.40513  3.72494  3.29354  2.67741  2.69355  4.24690  2.90347  2.73739  3.18146  2.89801  2.37887  2.77519  2.98518  4.58477  3.61503
          0.03330  3.81461  4.53696  0.61958  0.77255  0.48576  0.95510
     64   2.92096  4.87994  3.09297  2.72688  4.25311  3.41535  3.73032  3.67903  1.12048  3.25742  4.22316  3.15347  3.92076  2.92597  2.42516  2.96745  3.17917  3.39050  5.33252  4.13739     64 k - - -
          2.68618  4.42225  2.77519  2.73123  3.46354  2.40513  3.72494  3.29354  2.67741  2.69355  4.24690  2.90347  2.73739  3.18146  2.89801  2.37887  2.77519  2.98518  4.58477  3.61503
          0.03330  3.81461  4.53696  0.61958  0.77255  0.48576  0.95510
     65   2.90486  5.00062  2.46713  1.11071  4.33997  3.23839  3.82185  3.78242  2.69524  3.40948  4.38740  2.90384  3.84063  3.03959  3.09704  2.89401  3.20911  3.47275  5.52259  4.24627     65 e - - -
          2.68618  4.42225  2.77519  2.73123  3.46354  2.40513  3.72494  3.29354  2.67741  2.69355  4.24690  2.90347  2.73739  3.18146  2.89801  2.37887  2.77519  2.98518  4.58477  3.61503
          0.03330  3.81461  4.53696  0.61958  0.77255  0.48576  0.95510
     66   2.92943  5.04531  1.00475  2.30314  4.41509  3.16860  3.88325  3.99053  2.95695  3.60978  4.58783  2.85607  3.81746  3.12320  3.46428  2.89922  3.26722  3.63632  5.59486  4.29913     66 d - - -
          2.68618  4.42225  2.77519  2.73123  3.46354  2.40513  3.72494  3.29354  2.67741  2.69355  4.24690  2.90347  2.73739  3.18146  2.89801  2.37887  2.77519  2.98518  4.58477  3.61503
          0.03330  3.81461  4.53696  0.61958  0.77255  0.48576  0.95510
     67   2.42794  4.48771  2.71200  2.51246  4.15548  3.04868  3.82412  3.67636  2.70560  3.31535  4.16752  2.04232  3.69920  3.04246  3.09635  1.84906  2.82162  3.23529  5.46534  4.11707     67 s - - -
          2.68618  4.42225  2.77519  2.73123  3.46354  2.40513  3.72494  3.29354  2.67741  2.69355  4.24690  2.90347  2.73739  3.18146  2.89801  2.37887  2.77519  2.98518  4.58477  3.61503
          0.03330  3.81461  4.53696  0.61958  0.77255  0.48576  0.95510
     68   2.59636  4.37612  3.25814  3.15092  4.29163  0.82427  4.27360  3.87822  3.32417  3.53940  4.51564  3.42276  3.76539  3.65312  3.56545  2.76684  3.07315  3.41783  5.40092  4.39200     68 g - - -
          2.68618  4.42225  2.77519  2.73123  3.46354  2.40513  3.72494  3.29354  2.67741  2.69355  4.24690  2.90347  2.73739  3.18146  2.89801  2.37887  2.77519  2.98518  4.58477  3.61503
          0.03330  3.81461  4.53696  0.61958  0.77255  0.48576  0.95510
     69   2.28865  4.20761  3.15817  2.97250  4.01926  2.93866  4.08335  3.53461  3.04230  3.25980  4.19163  3.20577  3.67295  3.39645  3.32927  1.18180  2.76468  3.08245  5.39668  4.10278     69 s - - -
          2.68618  4.42225  2.77519  2.73123  3.46354  2.40513  3.72494  3.29354  2.67741  2.69355  4.24690  2.90347  2.73739  3.18146  2.89801  2.37887  2.77519  2.98518  4.58477  3.61503
          0.03330  3.81461  4.53696  0.61958  0.77255  0.48576  0.95510
     70   2.59636  4.37612  3.25814  3.15092  4.29163  0.82427  4.27360  3.87822  3.32417  3.53940  4.51564  3.42276  3.76539  3.65312  3.56545  2.76684  3.07315  3.41783  5.40092  4.39200     70 g - - -
          2.68618  4.42225  2.77519  2.73123  3.46354  2.40513  3.72494  3.29354  2.67741  2.69355  4.24690  2.90347  2.73739  3.18146  2.89801  2.37887  2.77519  2.98518  4.58477  3.61503
          0.03330  3.81461  4.53696  0.61958  0.77255  0.48576  0.95510
     71   2.59636  4.37612  3.25814  3.15092  4.29163  0.82427  4.27360  3.87822  3.32417  3.53940  4.51564  3.42276  3.76539  3.65312  3.56545  2.76684  3.07315  3.41783  5.40092  4.39200     71 g - - -
          2.68618  4.42225  2.77519  2.73123  3.46354  2.40513  3.72494  3.29354  2.67741  2.69355  4.24690  2.90347  2.73739  3.18146  2.89801  2.37887  2.77519  2.98518  4.58477  3.61503
          0.03330  3.81461  4.53696  0.61958  0.77255  0.48576  0.95510
     72   2.38382  4.22835  3.37887  3.12967  3.91982  3.06915  4.15112  3.03999  3.07148  2.90548  3.96077  3.34749  3.76880  3.46953  3.33220  2.58458  1.27399  2.74117  5.36281  4.13682     72 t - - -
          2.68618  4.42225  2.77519  2.73123  3.46354  2.40513  3.72494  3.29354  2.67741  2.69355  4.24690  2.90347  2.73739  3.18146  2.89801  2.37887  2.77519  2.98518  4.58477  3.61503
          0.03330  3.81461  4.53696  0.61958  0.77255  0.48576  0.95510
     73   2.28865  4.20761  3.15817  2.97250  4.01926  2.93866  4.08335  3.53461  3.04230  3.25980  4.19163  3.20577  3.67295  3.39645  3.32927  1.18180  2.76468  3.08245  5.39668  4.10278     73 s - - -
          2.68618  4.42225  2.77519  2.73123  3.46354  2.40513  3.72494  3.29354  2.67741  2.69355  4.24690  2.90347  2.73739  3.18146  2.89801  2.37887  2.77519  2.98518  4.58477  3.61503
          0.03330  3.81461  4.53696  0.61958  0.77255  0.48576  0.95510
     74   2.38382  4.22835  3.37887  3.12967  3.91982  3.06915  4.15112  3.03999  3.07148  2.90548  3.96077  3.34749  3.76880  3.46953  3.33220  2.58458  1.27399  2.74117  5.36281  4.13682     74 t - - -
          2.68618  4.42225  2.77519  2.73123  3.46354  2.40513  3.72494  3.29354  2.67741  2.69355  4.24690  2.90347  2.73739  3.18146  2.89801  2.37887  2.77519  2.98518  4.58477  3.61503
          0.03330  3.81461  4.53696  0.61958  0.77255  0.48576  0.95510
     75   2.28865  4.20761  3.15817  2.97250  4.01926  2.93866  4.08335  3.53461  3.04230  3.25980  4.19163  3.20577  3.67295  3.39645  3.32927  1.18180  2.76468  3.08245  5.39668  4.10278     75 s - - -
          2.68618  4.42225  2.77519  2.73123  3.46354  2.40513  3.72494  3.29354  2.67741  2.69355  4.24690  2.90347  2.73739  3.18146  2.89801  2.37887  2.77519  2.98518  4.58477  3.61503
          0.03330  3.81461  4.53696  0.61958  0.77255  0.48576  0.95510
     76   3.09148  4.57162  4.09595  3.73682  3.11579  3.90749  4.41074  2.31824  3.50508  0.94997  3.15915  4.01775  4.35368  3.88731  3.69010  3.47343  3.38887  2.34029  4.97280  3.68235     76 l - - -
          2.68618  4.42225  2.77519  2.73123  3.46354  2.40513  3.72494  3.29354  2.67741  2.69355  4.24690  2.90347  2.73739  3.18146  2.89801  2.37887  2.77519  2.98518  4.58477  3.61503
          0.03330  3.81461  4.53696  0.61958  0.77255  0.48576  0.95510
     77   2.67868  4.44430  3.27984  3.11152  4.10946  3.13514  4.19280  3.64108  3.16406  3.27380  4.32205  3.42345  0.94259  3.55467  3.41515  2.84465  3.11598  3.29295  5.31081  4.22975     77 p - - -
          2.68618  4.42225  2.77519  2.73123  3.46354  2.40513  3.72494  3.29354  2.67741  2.69355  4.24690  2.90347  2.73739  3.18146  2.89801  2.37887  2.77519  2.98518  4.58477  3.61503
          0.03330  3.81461  4.53696  0.61958  0.77255  0.48576  0.95510
     78   2.90486  5.00062  2.46713  1.11071  4.33997  3.23839  3.82185  3.78242  2.69524  3.40948  4.38740  2.90384  3.84063  3.03959  3.09704  2.89401  3.20911  3.47275  5.52259  4.24627     78 e - - -
          2.68618  4.42225  2.77519  2.73123  3.46354  2.40513  3.72494  3.29354  2.67741  2.69355  4.24690  2.90347  2.73739  3.18146  2.89801  2.37887  2.77519  2.98518  4.58477  3.61503
          0.03330  3.81461  4.53696  0.61958  0.77255  0.48576  0.95510
     79   3.09148  4.57162  4.09595  3.73682  3.11579  3.90749  4.41074  2.31824  3.50508  0.94997  3.15915  4.01775  4.35368  3.88731  3.69010  3.47343  3.38887  2.34029  4.97280  3.68235     79 l - - -
          2.68618  4.42225  2.77519  2.73123  3.46354  2.40513  3.72494  3.29354  2.67741  2.69355  4.24690  2.90347  2.73739  3.18146  2.89801  2.37887  2.77519  2.98518  4.58477  3.61503
          0.03330  3.81461  4.53696  0.61958  0.77255  0.48576  0.95510
     80   2.28865  4.20761  3.15817  2.97250  4.01926  2.93866  4.08335  3.53461  3.04230  3.25980  4.19163  3.20577  3.67295  3.39645  3.32927  1.18180  2.76468  3.08245  5.39668  4.10278     80 s - - -
          2.68618  4.42225  2.77519  2.73123  3.46354  2.40513  3.72494  3.29354  2.67741  2.69355  4.24690  2.90347  2.73739  3.18146  2.89801  2.37887  2.77519  2.98518  4.58477  3.61503
          0.03330  3.81461  4.53696  0.61958  0.77255  0.48576  0.95510
     81   2.42794  4.48771  2.71200  2.51246  4.15548  3.04868  3.82412  3.67636  2.70560  3.31535  4.16752  2.04232  3.69920  3.04246  3.09635  1.84906  2.82162  3.23529  5.46534  4.11707     81 s - - -
          2.68618  4.42225  2.77519  2.73123  3.46354  2.40513  3.72494  3.29354  2.67741  2.69355  4.24690  2.90347  2.73739  3.18146  2.89801  2.37887  2.77519  2.98518  4.58477  3.61503
          0.03330  3.81461  4.53696  0.61958  0.77255  0.48576  0.95510
     82   3.09148  4.57162  4.09595  3.73682  3.11579  3.90749  4.41074  2.31824  3.50508  0.94997  3.15915  4.01775  4.35368  3.88731  3.69010  3.47343  3.38887  2.34029  4.97280  3.68235     82 l - - -
          2.68618  4.42225  2.77519  2.73123  3.46354  2.40513  3.72494  3.29354  2.67741  2.69355  4.24690  2.90347  2.73739  3.18146  2.89801  2.37887  2.77519  2.98518  4.58477  3.61503
          0.03330  3.81461  4.53696  0.61958  0.77255  0.48576  0.95510
     83   2.83737  4.81895  2.86738  2.62262  3.97943  3.32918  3.77993  3.60256  2.44779  3.11055  4.14143  3.08131  3.88269  1.34074  2.73253  2.88822  3.13504  3.33627  5.26244  3.95275     83 q - - -
          2.68618  4.42225  2.77519  2.73123  3.46354  2.40513  3.72494  3.29354  2.67741  2.69355  4.24690  2.90347  2.73739  3.18146  2.89801  2.37887  2.77519  2.98518  4.58477  3.61503
          0.03330  3.81461  4.53696  0.61958  0.77255  0.48576  0.95510
     84   2.83737  4.81895  2.86738  2.62262  3.97943  3.32918  3.77993  3.60256  2.44779  3.11055  4.14143  3.08131  3.88269  1.34074  2.73253  2.88822  3.13504  3.33627  5.26244  3.95275     84 q - - -
          2.68618  4.42225  2.77519  2.73123  3.46354  2.40513  3.72494  3.29354  2.67741  2.69355  4.24690  2.90347  2.73739  3.18146  2.89801  2.37887  2.77519  2.98518  4.58477  3.61503
          0.03330  3.81461  4.53696  0.61958  0.77255  0.48576  0.95510
     85   2.90486  5.00062  2.46713  1.11071  4.33997  3.23839  3.82185  3.78242  2.69524  3.40948  4.38740  2.90384  3.84063  3.03959  3.09704  2.89401  3.20911  3.47275  5.52259  4.24627     85 e - - -
          2.68618  4.42225  2.77519  2.73123  3.46354  2.40513  3.72494  3.29354  2.67741  2.69355  4.24690  2.90347  2.73739  3.18146  2.89801  2.37887  2.77519  2.98518  4.58477  3.61503
          0.03330  3.81461  4.53696  0.61958  0.77255  0.48576  0.95510
     86   1.10056  4.16535  3.40553  3.19556  3.99630  2.99114  4.22421  3.11332  3.21035  2.99742  4.03673  3.35927  3.72502  3.55715  3.46410  2.51671  2.79012  2.77784  5.42931  4.22338     86 a - - -
          2.68618  4.42225  2.77519  2.73123  3.46354  2.40513  3.72494  3.29354  2.67741  2.69355  4.24690  2.90347  2.73739  3.18146  2.89801  2.37887  2.77519  2.98518  4.58477  3.61503
          0.03330  3.81461  4.53696  0.61958  0.77255  0.48576  0.95510
     87   2.98615  4.42260  4.25095  3.86557  3.33652  4.00195  4.60527  1.15268  3.69247  1.93589  3.28239  4.11908  4.43984  4.04750  3.89575  3.49268  3.28684  1.84805  5.21447  3.94690     87 i - - -
          2.68618  4.42225  2.77519  2.73123  3.46354  2.40513  3.72494  3.29354  2.67741  2.69355  4.24690  2.90347  2.73739  3.18146  2.89801  2.37887  2.77519  2.98518  4.58477  3.61503
          0.03330  3.81461  4.53696  0.61958  0.77255  0.48576  0.95510
     88   2.38382  4.22835  3.37887  3.12967  3.91982  3.06915  4.15112  3.03999  3.07148  2.90548  3.96077  3.34749  3.76880  3.46953  3.33220  2.58458  1.27399  2.74117  5.36281  4.13682     88 t - - -
          2.68618  4.42225  2.77519  2.73123  3.46354  2.40513  3.72494  3.29354  2.67741  2.69355  4.24690  2.90347  2.73739  3.18146  2.89801  2.37887  2.77519  2.98518  4.58477  3.61503
          0.03330  3.81461  4.53696  0.61958  0.77255  0.48576  0.95510
     89   2.67746  4.67008  2.68010  2.56037  4.02470  3.14669  3.87774  3.72379  2.77724  3.37764  4.33418  1.26484  3.79630  3.15142  3.12905  2.74753  3.05804  3.35186  5.33747  3.97799     89 n - - -
          2.68618  4.42225  2.77519  2.73123  3.46354  2.40513  3.72494  3.29354  2.67741  2.69355  4.24690  2.90347  2.73739  3.18146  2.89801  2.37887  2.77519  2.98518  4.58477  3.61503
          0.03330  3.81461  4.53696  0.61958  0.77255  0.48576  0.95510
     90   2.83737  4.81895  2.86738  2.62262  3.97943  3.32918  3.77993  3.60256  2.44779  3.11055  4.14143  3.08131  3.88269  1.34074  2.73253  2.88822  3.13504  3.33627  5.26244  3.95275     90 q - - -
          2.68618  4.42225  2.77519  2.73123  3.46354  2.40513  3.72494  3.29354  2.67741  2.69355  4.24690  2.90347  2.73739  3.18146  2.89801  2.37887  2.77519  2.98518  4.58477  3.61503
          0.03330  3.81461  4.53696  0.61958  0.77255  0.48576  0.95510
     91   2.98615  4.42260  4.25095  3.86557  3.33652  4.00195  4.60527  1.15268  3.69247  1.93589  3.28239  4.11908  4.43984  4.04750  3.89575  3.49268  3.28684  1.84805  5.21447  3.94690     91 i - - -
          2.68618  4.42225  2.77519  2.73123  3.46354  2.40513  3.72494  3.29354  2.67741  2.69355  4.24690  2.90347  2.73739  3.18146  2.89801  2.37887  2.77519  2.98518  4.58477  3.61503
          0.03330  3.81461  4.53696  0.61958  0.77255  0.48576  0.95510
     92   2.92096  4.87994  3.09297  2.72688  4.25311  3.41535  3.73032  3.67903  1.12048  3.25742  4.22316  3.15347  3.92076  2.92597  2.42516  2.96745  3.17917  3.39050  5.33252  4.13739     92 k - - -
          2.68618  4.42225  2.77519  2.73123  3.46354  2.40513  3.72494  3.29354  2.67741  2.69355  4.24690  2.90347  2.73739  3.18146  2.89801  2.37887  2.77519  2.98518  4.58477  3.61503
          0.03330  3.81461  4.53696  0.61958  0.77255  0.48576  0.95510
     93   2.38382  4.22835  3.37887  3.12967  3.91982  3.06915  4.15112  3.03999  3.07148  2.90548  3.96077  3.34749  3.76880  3.46953  3.33220  2.58458  1.27399  2.74117  5.36281  4.13682     93 t - - -
          2.68618  4.42225  2.77519  2.73123  3.46354  2.40513  3.72494  3.29354  2.67741  2.69355  4.24690  2.90347  2.73739  3.18146  2.89801  2.37887  2.77519  2.98518  4.58477  3.61503
          0.03330  3.81461  4.53696  0.61958  0.77255  0.48576  0.95510
     94   2.90486  5.00062  2.46713  1.11071  4.33997  3.23839  3.82185  3.78242  2.69524  3.40948  4.38740  2.90384  3.84063  3.03959  3.09704  2.89401  3.20911  3.47275  5.52259  4.24627     94 e - - -
          2.68618  4.42225  2.77519  2.73123  3.46354  2.40513  3.72494  3.29354  2.67741  2.69355  4.24690  2.90347  2.73739  3.18146  2.89801  2.37887  2.77519  2.98518  4.58477  3.61503
          0.03330  3.81461  4.53696  0.61958  0.77255  0.48576  0.95510
     95   2.28865  4.20761  3.15817  2.97250  4.01926  2.93866  4.08335  3.53461  3.04230  3.25980  4.19163  3.20577  3.67295  3.39645  3.32927  1.18180  2.76468  3.08245  5.39668  4.10278     95 s - - -
          2.68618  4.42225  2.77519  2.73123  3.46354  2.40513  3.72494  3.29354  2.67741  2.69355  4.24690  2.90347  2.73739  3.18146  2.89801  2.37887  2.77519  2.98518  4.58477  3.61503
          0.03330  3.81461  4.53696  0.61958  0.77255  0.48576  0.95510
     96   2.76271  4.32262  4.04413  3.70669  3.50916  3.66268  4.51883  2.05760  3.57353  2.20717  3.48439  3.90544  4.22729  3.93807  3.79137  3.16355  3.12623  1.10137  5.28338  4.01083     96 v - - -
          2.68618  4.42225  2.77519  2.73123  3.46354  2.40513  3.72494  3.29354  2.67741  2.69355  4.24690  2.90347  2.73739  3.18146  2.89801  2.37887  2.77519  2.98518  4.58477  3.61503
          0.03330  3.81461  4.53696  0.61958  0.77255  0.48576  0.95510
     97   2.76271  4.32262  4.04413  3.70669  3.50916  3.66268  4.51883  2.05760  3.57353  2.20717  3.48439  3.90544  4.22729  3.93807  3.79137  3.16355  3.12623  1.10137  5.28338  4.01083     97 v - - -
          2.68618  4.42225  2.77519  2.73123  3.46354  2.40513  3.72494  3.29354  2.67741  2.69355  4.24690  2.90347  2.73739  3.18146  2.89801  2.37887  2.77519  2.98518  4.58477  3.61503
          0.03330  3.81461  4.53696  0.61958  0.77255  0.48576  0.95510
     98   2.28865  4.20761  3.15817  2.97250  4.01926  2.93866  4.08335  3.53461  3.04230  3.25980  4.19163  3.20577  3.67295  3.39645  3.32927  1.18180  2.76468  3.08245  5.39668  4.10278     98 s - - -
          2.68618  4.42225  2.77519  2.73123  3.46354  2.40513  3.72494  3.29354  2.67741  2.69355  4.24690  2.90347  2.73739  3.18146  2.89801  2.37887  2.77519  2.98518  4.58477  3.61503
          0.03330  3.81461  4.53696  0.61958  0.77255  0.48576  0.95510
     99   2.59636  4.37612  3.25814  3.15092  4.29163  0.82427  4.27360  3.87822  3.32417  3.53940  4.51564  3.42276  3.76539  3.65312  3.56545  2.76684  3.07315  3.41783  5.40092  4.39200     99 g - - -
          2.68618  4.42225  2.77519  2.73123  3.46354  2.40513  3.72494  3.29354  2.67741  2.69355  4.24690  2.90347  2.73739  3.18146  2.89801  2.37887  2.77519  2.98518  4.58477  3.61503
          0.03330  3.81461  4.53696  0.61958  0.77255  0.48576  0.95510
    100   2.92943  5.04531  1.00475  2.30314  4.41509  3.16860  3.88325  3.99053  2.95695  3.60978  4.58783  2.85607  3.81746  3.12320  3.46428  2.89922  3.26722  3.63632  5.59486  4.29913    100 d - - -
          2.68618  4.42225  2.77519  2.73123  3.46354  2.40513  3.72494  3.29354  2.67741  2.69355  4.24690  2.90347  2.73739  3.18146  2.89801  2.37887  2.77519  2.98518  4.58477  3.61503
          0.03330  3.81461  4.53696  0.61958  0.77255  0.48576  0.95510
    101   2.92096  4.87994  3.09297  2.72688  4.25311  3.41535  3.73032  3.67903  1.12048  3.25742  4.22316  3.15347  3.92076  2.92597  2.42516  2.96745  3.17917  3.39050  5.33252  4.13739    101 k - - -
          2.68618  4.42225  2.77519  2.73123  3.46354  2.40513  3.72494  3.29354  2.67741  2.69355  4.24690  2.90347  2.73739  3.18146  2.89801  2.37887  2.77519  2.98518  4.58477  3.61503
          0.03330  3.81461  4.53696  0.61958  0.77255  0.48576  0.95510
    102   2.90486  5.00062  2.46713  1.11071  4.33997  3.23839  3.82185  3.78242  2.69524  3.40948  4.38740  2.90384  3.84063  3.03959  3.09704  2.89401  3.20911  3.47275  5.52259  4.24627    102 e - - -
          2.68618  4.42225  2.77519  2.73123  3.46354  2.40513  3.72494  3.29354  2.67741  2.69355  4.24690  2.90347  2.73739  3.18146  2.89801  2.37887  2.77519  2.98518  4.58477  3.61503
          0.03330  3.81461  4.53696  0.61958  0.77255  0.48576  0.95510
    103   2.83737  4.81895  2.86738  2.62262  3.97943  3.32918  3.77993  3.60256  2.44779  3.11055  4.14143  3.08131  3.88269  1.34074  2.73253  2.88822  3.13504  3.33627  5.26244  3.95275    103 q - - -
          2.68618  4.42225  2.77519  2.73123  3.46354  2.40513  3.72494  3.29354  2.67741  2.69355  4.24690  2.90347  2.73739  3.18146  2.89801  2.37887  2.77519  2.98518  4.58477  3.61503
          0.03330  3.81461  4.53696  0.61958  0.77255  0.48576  0.95510
    104   2.90486  5.00062  2.46713  1.11071  4.33997  3.23839  3.82185  3.78242  2.69524  3.40948  4.38740  2.90384  3.84063  3.03959  3.09704  2.89401  3.20911  3.47275  5.52259  4.24627    104 e - - -
          2.68618  4.42225  2.77519  2.73123  3.46354  2.40513  3.72494  3.29354  2.67741  2.69355  4.24690  2.90347  2.73739  3.18146  2.89801  2.37887  2.77519  2.98518  4.58477  3.61503
          0.03330  3.81461  4.53696  0.61958  0.77255  0.48576  0.95510
    105   3.09148  4.57162  4.09595  3.73682  3.11579  3.90749  4.41074  2.31824  3.50508  0.94997  3.15915  4.01775  4.35368  3.88731  3.69010  3.47343  3.38887  2.34029  4.97280  3.68235    105 l - - -
          2.68618  4.42225  2.77519  2.73123  3.46354  2.40513  3.72494  3.29354  2.67741  2.69355  4.24690  2.90347  2.73739  3.18146  2.89801  2.37887  2.77519  2.98518  4.58477  3.61503
          0.03330  3.81461  4.53696  0.61958  0.77255  0.48576  0.95510
    106   2.76271  4.32262  4.04413  3.70669  3.50916  3.66268  4.51883  2.05760  3.57353  2.20717  3.48439  3.90544  4.22729  3.93807  3.79137  3.16355  3.12623  1.10137  5.28338  4.01083    106 v - - -
          2.68618  4.42225  2.77519  2.73123  3.46354  2.40513  3.72494  3.29354  2.67741  2.69355  4.24690  2.90347  2.73739  3.18146  2.89801  2.37887  2.77519  2.98518  4.58477  3.61503
          0.03330  3.81461  4.53696  0.61958  0.77255  0.48576  0.95510
    107   2.92943  5.04531  1.00475  2.30314  4.41509  3.16860  3.88325  3.99053  2.95695  3.60978  4.58783  2.85607  3.81746  3.12320  3.46428  2.89922  3.26722  3.63632  5.59486  4.29913    107 d - - -
          2.68618  4.42225  2.77519  2.73123  3.46354  2.40513  3.72494  3.29354  2.67741  2.69355  4.24690  2.90347  2.73739  3.18146  2.89801  2.37887  2.77519  2.98518  4.58477  3.61503
          0.03330  3.81461  4.53696  0.61958  0.77255  0.48576  0.95510
    108   3.09148  4.57162  4.09595  3.73682  3.11579  3.90749  4.41074  2.31824  3.50508  0.94997  3.15915  4.01775  4.35368  3.88731  3.69010  3.47343  3.38887  2.34029  4.97280  3.68235    108 l - - -
          2.68618  4.42225  2.77519  2.73123  3.46354  2.40513  3.72494  3.29354  2.67741  2.69355  4.24690  2.90347  2.73739  3.18146  2.89801  2.37887  2.77519  2.98518  4.58477  3.61503
          0.03330  3.81461  4.53696  0.61958  0.77255  0.48576  0.95510
    109   2.83737  4.81895  2.86738  2.62262  3.97943  3.32918  3.77993  3.60256  2.44779  3.11055  4.14143  3.08131  3.88269  1.34074  2.73253  2.88822  3.13504  3.33627  5.26244  3.95275    109 q - - -
          2.68618  4.42225  2.77519  2.73123  3.46354  2.40513  3.72494  3.29354  2.67741  2.69355  4.24690  2.90347  2.73739  3.18146  2.89801  2.37887  2.77519  2.98518  4.58477  3.61503
          0.03330  3.81461  4.53696  0.61958  0.77255  0.48576  0.95510
    110   2.92943  5.04531  1.00475  2.30314  4.41509  3.16860  3.88325  3.99053  2.95695  3.60978  4.58783  2.85607  3.81746  3.12320  3.46428  2.89922  3.26722  3.63632  5.59486  4.29913    110 d - - -
          2.68618  4.42225  2.77519  2.73123  3.46354  2.40513  3.72494  3.29354  2.67741  2.69355  4.24690  2.90347  2.73739  3.18146  2.89801  2.37887  2.77519  2.98518  4.58477  3.61503
          0.03330  3.81461  4.53696  0.61958  0.77255  0.48576  0.95510
    111   3.09148  4.57162  4.09595  3.73682  3.11579  3.90749  4.41074  2.31824  3.50508  0.94997  3.15915  4.01775  4.35368  3.88731  3.69010  3.47343  3.38887  2.34029  4.97280  3.68235    111 l - - -
          2.68618  4.42225  2.77519  2.73123  3.46354  2.40513  3.72494  3.29354  2.67741  2.69355  4.24690  2.90347  2.73739  3.18146  2.89801  2.37887  2.77519  2.98518  4.58477  3.61503
          0.03330  3.81461  4.53696  0.61958  0.77255  0.48576  0.95510
    112   1.10056  4.16535  3.40553  3.19556  3.99630  2.99114  4.22421  3.11332  3.21035  2.99742  4.03673  3.35927  3.72502  3.55715  3.46410  2.51671  2.79012  2.77784  5.42931  4.22338    112 a - - -
          2.68618  4.42225  2.77519  2.73123  3.46354  2.40513  3.72494  3.29354  2.67741  2.69355  4.24690  2.90347  2.73739  3.18146  2.89801  2.37887  2.77519  2.98518  4.58477  3.61503
          0.03330  3.81461  4.53696  0.61958  0.77255  0.48576  0.95510
    113   2.67746  4.67008  2.68010  2.56037  4.02470  3.14669  3.87774  3.72379  2.77724  3.37764  4.33418  1.26484  3.79630  3.15142  3.12905  2.74753  3.05804  3.35186  5.33747  3.97799    113 n - - -
          2.68618  4.42225  2.77519  2.73123  3.46354  2.40513  3.72494  3.29354  2.67741  2.69355  4.24690  2.90347  2.73739  3.18146  2.89801  2.37887  2.77519  2.98518  4.58477  3.61503
          0.03330  3.81461  4.53696  0.61958  0.77255  0.48576  0.95510
    114   2.92529  4.48372  3.98788  3.57799  3.18498  3.79093  4.32659  2.35491  3.34883  1.78938  1.49358  3.86232  4.25213  3.73511  3.56074  3.26788  3.22994  2.35404  5.01747  3.77354    114 m - - -
          2.68618  4.42225  2.77519  2.73123  3.46354  2.40513  3.72494  3.29354  2.67741  2.69355  4.24690  2.90347  2.73739  3.18146  2.89801  2.37887  2.77519  2.98518  4.58477  3.61503
          0.03330  3.81461  4.53696  0.61958  0.77255  0.48576  0.95510
    115   2.38382  4.22835  3.37887  3.12967  3.91982  3.06915  4.15112  3.03999  3.07148  2.90548  3.96077  3.34749  3.76880  3.46953  3.33220  2.58458  1.27399  2.74117  5.36281  4.13682    115 t - - -
          2.68618  4.42225  2.77519  2.73123  3.46354  2.40513  3.72494  3.29354  2.67741  2.69355  4.24690  2.90347  2.73739  3.18146  2.89801  2.37887  2.77519  2.98518  4.58477  3.61503
          0.03330  3.81461  4.53696  0.61958  0.77255  0.48576  0.95510
    116   2.90486  5.00062  2.46713  1.11071  4.33997  3.23839  3.82185  3.78242  2.69524  3.40948  4.38740  2.90384  3.84063  3.03959  3.09704  2.89401  3.20911  3.47275  5.52259  4.24627    116 e - - -
          2.68618  4.42225  2.77519  2.73123  3.46354  2.40513  3.72494  3.29354  2.67741  2.69355  4.24690  2.90347  2.73739  3.18146  2.89801  2.37887  2.77519  2.98518  4.58477  3.61503
          0.03330  3.81461  4.53696  0.61958  0.77255  0.48576  0.95510
    117   2.90486  5.00062  2.46713  1.11071  4.33997  3.23839  3.82185  3.78242  2.69524  3.40948  4.38740  2.90384  3.84063  3.03959  3.09704  2.89401  3.20911  3.47275  5.52259  4.24627    117 e - - -
          2.68618  4.42225  2.77519  2.73123  3.46354  2.40513  3.72494  3.29354  2.67741  2.69355  4.24690  2.90347  2.73739  3.18146  2.89801  2.37887  2.77519  2.98518  4.58477  3.61503
          0.03330  3.81461  4.53696  0.61958  0.77255  0.48576  0.95510
    118   2.92943  5.04531  1.00475  2.30314  4.41509  3.16860  3.88325  3.99053  2.95695  3.60978  4.58783  2.85607  3.81746  3.12320  3.46428  2.89922  3.26722  3.63632  5.59486  4.29913    118 d - - -
          2.68618  4.42225  2.77519  2.73123  3.46354  2.40513  3.72494  3.29354  2.67741  2.69355  4.24690  2.90347  2.73739  3.18146  2.89801  2.37887  2.77519  2.98518  4.58477  3.61503
          0.03330  3.81461  4.53696  0.61958  0.77255  0.48576  0.95510
    119   2.76271  4.32262  4.04413  3.70669  3.50916  3.66268  4.51883  2.05760  3.57353  2.20717  3.48439  3.90544  4.22729  3.93807  3.79137  3.16355  3.12623  1.10137  5.28338  4.01083    119 v - - -
          2.68618  4.42225  2.77519  2.73123  3.46354  2.40513  3.72494  3.29354  2.67741  2.69355  4.24690  2.90347  2.73739  3.18146  2.89801  2.37887  2.77519  2.98518  4.58477  3.61503
          0.03330  3.81461  4.53696  0.61958  0.77255  0.48576  0.95510
    120   2.83737  4.81895  2.86738  2.62262  3.97943  3.32918  3.77993  3.60256  2.44779  3.11055  4.14143  3.08131  3.88269  1.34074  2.73253  2.88822  3.13504  3.33627  5.26244  3.95275    120 q - - -
          2.68618  4.42225  2.77519  2.73123  3.46354  2.40513  3.72494  3.29354  2.67741  2.69355  4.24690  2.90347  2.73739  3.18146  2.89801  2.37887  2.77519  2.98518  4.58477  3.61503
          0.03330  3.81461  4.53696  0.61958  0.77255  0.48576  0.95510
    121   2.94232  4.78314  3.42729  2.95212  4.12308  3.43983  3.78608  3.66179  2.21952  3.18836  4.19123  3.31568  3.94629  3.01032  1.07071  3.02998  3.21293  3.38854  5.23031  4.06420    121 r - - -
          2.68618  4.42225  2.77519  2.73123  3.46354  2.40513  3.72494  3.29354  2.67741  2.69355  4.24690  2.90347  2.73739  3.18146  2.89801  2.37887  2.77519  2.98518  4.58477  3.61503
          0.03330  3.81461  4.53696  0.61958  0.77255  0.48576  0.95510
    122   2.92529  4.48372  3.98788  3.57799  3.18498  3.79093  4.32659  2.35491  3.34883  1.78938  1.49358  3.86232  4.25213  3.73511  3.56074  3.26788  3.22994  2.35404  5.01747  3.77354    122 m - - -
          2.68618  4.42225  2.77519  2.73123  3.46354  2.40513  3.72494  3.29354  2.67741  2.69355  4.24690  2.90347  2.73739  3.18146  2.89801  2.37887  2.77519  2.98518  4.58477  3.61503
          0.03330  3.81461  4.53696  0.61958  0.77255  0.48576  0.95510
    123   2.98615  4.42260  4.25095  3.86557  3.33652  4.00195  4.60527  1.15268  3.69247  1.93589  3.28239  4.11908  4.43984  4.04750  3.89575  3.49268  3.28684  1.84805  5.21447  3.94690    123 i - - -
          2.68618  4.42225  2.77519  2.73123  3.46354  2.40513  3.72494  3.29354  2.67741  2.69355  4.24690  2.90347  2.73739  3.18146  2.89801  2.37887  2.77519  2.98518  4.58477  3.61503
          0.03330  3.81461  4.53696  0.61958  0.77255  0.48576  0.95510
    124   2.92529  4.48372  3.98788  3.57799  3.18498  3.79093  4.32659  2.35491  3.34883  1.78938  1.49358  3.86232  4.25213  3.73511  3.56074  3.26788  3.22994  2.35404  5.01747  3.77354    124 m - - -
          2.68618  4.42225  2.77519  2.73123  3.46354  2.40513  3.72494  3.29354  2.67741  2.69355  4.24690  2.90347  2.73739  3.18146  2.89801  2.37887  2.77519  2.98518  4.58477  3.61503
          0.03330  3.81461  4.53696  0.61958  0.77255  0.48576  0.95510
    125   2.92943  5.04531  1.00475  2.30314  4.41509  3.16860  3.88325  3.99053  2.95695  3.60978  4.58783  2.85607  3.81746  3.12320  3.46428  2.89922  3.26722  3.63632  5.59486  4.29913    125 d - - -
          2.68618  4.42225  2.77519  2.73123  3.46354  2.40513  3.72494  3.29354  2.67741  2.69355  4.24690  2.90347  2.73739  3.18146  2.89801  2.37887  2.77519  2.98518  4.58477  3.61503
          0.03330  3.81461  4.53696  0.61958  0.77255  0.48576  0.95510
    126   2.92096  4.87994  3.09297  2.72688  4.25311  3.41535  3.73032  3.67903  1.12048  3.25742  4.22316  3.15347  3.92076  2.92597  2.42516  2.96745  3.17917  3.39050  5.33252  4.13739    126 k - - -
          2.68618  4.42225  2.77519  2.73123  3.46354  2.40513  3.72494  3.29354  2.67741  2.69355  4.24690  2.90347  2.73739  3.18146  2.89801  2.37887  2.77519  2.98518  4.58477  3.61503
          0.03330  3.81461  4.53696  0.61958  0.77255  0.48576  0.95510
    127   2.90486  5.00062  2.46713  1.11071  4.33997  3.23839  3.82185  3.78242  2.69524  3.40948  4.38740  2.90384  3.84063  3.03959  3.09704  2.89401  3.20911  3.47275  5.52259  4.24627    127 e - - -
          2.68618  4.42225  2.77519  2.73123  3.46354  2.40513  3.72494  3.29354  2.67741  2.69355  4.24690  2.90347  2.73739  3.18146  2.89801  2.37887  2.77519  2.98518  4.58477  3.61503
          0.03330  3.81461  4.53696  0.61958  0.77255  0.48576  0.95510
    128   2.92096  4.87994  3.09297  2.72688  4.25311  3.41535  3.73032  3.67903  1.12048  3.25742  4.22316  3.15347  3.92076  2.92597  2.42516  2.96745  3.17917  3.39050  5.33252  4.13739    128 k - - -
          2.68618  4.42225  2.77519  2.73123  3.46354  2.40513  3.72494  3.29354  2.67741  2.69355  4.24690  2.90347  2.73739  3.18146  2.89801  2.37887  2.77519  2.98518  4.58477  3.61503
          0.03330  3.81461  4.53696  0.61958  0.77255  0.48576  0.95510
    129   1.10056  4.16535  3.40553  3.19556  3.99630  2.99114  4.22421  3.11332  3.21035  2.99742  4.03673  3.35927  3.72502  3.55715  3.46410  2.51671  2.79012  2.77784  5.42931  4.22338    129 a - - -
          2.68618  4.42225  2.77519  2.73123  3.46354  2.40513  3.72494  3.29354  2.67741  2.69355  4.24690  2.90347  2.73739  3.18146  2.89801  2.37887  2.77519  2.98518  4.58477  3.61503
          0.03330  3.81461  4.53696  0.61958  0.77255  0.48576  0.95510
    130   2.92529  4.48372  3.98788  3.57799  3.18498  3.79093  4.32659  2.35491  3.34883  1.78938  1.49358  3.86232  4.25213  3.73511  3.56074  3.26788  3.22994  2.35404  5.01747  3.77354    130 m - - -
          2.68618  4.42225  2.77519  2.73123  3.46354  2.40513  3.72494  3.29354  2.67741  2.69355  4.24690  2.90347  2.73739  3.18146  2.89801  2.37887  2.77519  2.98518  4.58477  3.61503
          0.03330  3.81461  4.53696  0.61958  0.77255  0.48576  0.95510
    131   2.67746  4.67008  2.68010  2.56037  4.02470  3.14669  3.87774  3.72379  2.77724  3.37764  4.33418  1.26484  3.79630  3.15142  3.12905  2.74753  3.05804  3.35186  5.33747  3.97799    131 n - - -
          2.68618  4.42225  2.77519  2.73123  3.46354  2.40513  3.72494  3.29354  2.67741  2.69355  4.24690  2.90347  2.73739  3.18146  2.89801  2.37887  2.77519  2.98518  4.58477  3.61503
          0.03330  3.81461  4.53696  0.61958  0.77255  0.48576  0.95510
    132   2.92529  4.48372  3.98788  3.57799  3.18498  3.79093  4.32659  2.35491  3.34883  1.78938  1.49358  3.86232  4.25213  3.73511  3.56074  3.26788  3.22994  2.35404  5.01747  3.77354    132 m - - -
          2.68618  4.42225  2.77519  2.73123  3.46354  2.40513  3.72494  3.29354  2.67741  2.69355  4.24690  2.90347  2.73739  3.18146  2.89801  2.37887  2.77519  2.98518  4.58477  3.61503
          0.03330  3.81461  4.53696  0.61958  0.77255  0.48576  0.95510
    133   2.90486  5.00062  2.46713  1.11071  4.33997  3.23839  3.82185  3.78242  2.69524  3.40948  4.38740  2.90384  3.84063  3.03959  3.09704  2.89401  3.20911  3.47275  5.52259  4.24627    133 e - - -
          2.68618  4.42225  2.77519  2.73123  3.46354  2.40513  3.72494  3.29354  2.67741  2.69355  4.24690  2.90347  2.73739  3.18146  2.89801  2.37887  2.77519  2.98518  4.58477  3.61503
          0.03330  3.81461  4.53696  0.61958  0.77255  0.48576  0.95510
    134   2.67746  4.67008  2.68010  2.56037  4.02470  3.14669  3.87774  3.72379  2.77724  3.37764  4.33418  1.26484  3.79630  3.15142  3.12905  2.74753  3.05804  3.35186  5.33747  3.97799    134 n - - -
          2.68618  4.42225  2.77519  2.73123  3.46354  2.40513  3.72494  3.29354  2.67741  2.69355  4.24690  2.90347  2.73739  3.18146  2.89801  2.37887  2.77519  2.98518  4.58477  3.61503
          0.03330  3.81461  4.53696  0.61958  0.77255  0.48576  0.95510
    135   2.90486  5.00062  2.46713  1.11071  4.33997  3.23839  3.82185  3.78242  2.69524  3.40948  4.38740  2.90384  3.84063  3.03959  3.09704  2.89401  3.20911  3.47275  5.52259  4.24627    135 e - - -
          2.68618  4.42225  2.77519  2.73123  3.46354  2.40513  3.72494  3.29354  2.67741  2.69355  4.24690  2.90347  2.73739  3.18146  2.89801  2.37887  2.77519  2.98518  4.58477  3.61503
          0.03330  3.81461  4.53696  0.61958  0.77255  0.48576  0.95510
    136   2.90486  5.00062  2.46713  1.11071  4.33997  3.23839  3.82185  3.78242  2.69524  3.40948  4.38740  2.90384  3.84063  3.03959  3.09704  2.89401  3.20911  3.47275  5.52259  4.24627    136 e - - -
          2.68618  4.42225  2.77519  2.73123  3.46354  2.40513  3.72494  3.29354  2.67741  2.69355  4.24690  2.90347  2.73739  3.18146  2.89801  2.37887  2.77519  2.98518  4.58477  3.61503
          0.03330  3.81461  4.53696  0.61958  0.77255  0.48576  0.95510
    137   2.38382  4.22835  3.37887  3.12967  3.91982  3.06915  4.15112  3.03999  3.07148  2.90548  3.96077  3.34749  3.76880  3.46953  3.33220  2.58458  1.27399  2.74117  5.36281  4.13682    137 t - - -
          2.68618  4.42225  2.77519  2.73123  3.46354  2.40513  3.72494  3.29354  2.67741  2.69355  4.24690  2.90347  2.73739  3.18146  2.89801  2.37887  2.77519  2.98518  4.58477  3.61503
          0.03330  3.81461  4.53696  0.61958  0.77255  0.48576  0.95510
    138   3.18649  4.60575  4.15895  3.86349  1.11147  3.88772  3.85464  2.71849  3.77221  2.10254  3.45803  3.95468  4.34847  3.95650  3.90621  3.45872  3.48804  2.70472  4.12287  2.49796    138 f - - -
          2.68618  4.42225  2.77519  2.73123  3.46354  2.40513  3.72494  3.29354  2.67741  2.69355  4.24690  2.90347  2.73739  3.18146  2.89801  2.37887  2.77519  2.98518  4.58477  3.61503
          0.02254  3.80385        *  0.61958  0.77255  0.00000        *
//
