HMMER3/f [3.3.2 | Nov 2020]
NAME  vHMM_21342
LENG  187
ALPH  amino
RF    no
MM    no
CONS  yes
CS    no
MAP   yes
DATE  Sat Feb 27 20:24:37 2021
NSEQ  58
EFFN  19.735718
CKSUM 2417506903
STATS LOCAL MSV      -10.0162  0.70620
STATS LOCAL VITERBI  -10.8762  0.70620
STATS LOCAL FORWARD   -4.5245  0.70620
CUTOFF SCORE	32.64
TAXON	Myoviridae
TXID	10662
PROTEIN	Terminase small subunit
TYPE	Full-length
RANGE	Wide
HMM          A        C        D        E        F        G        H        I        K        L        M        N        P        Q        R        S        T        V        W        Y   
            m->m     m->i     m->d     i->m     i->i     d->m     d->d
  COMPO   2.36823  4.92042  2.64810  2.43050  3.72861  2.91840  3.86847  3.02453  2.56728  2.55037  3.49551  3.01575  3.33743  2.95290  2.80481  2.80030  2.80807  2.90955  4.69763  3.66288
          2.68559  4.41726  2.77685  2.73214  3.46610  2.40762  3.72931  3.29335  2.67441  2.69541  4.20315  2.90680  2.73915  3.18311  2.89219  2.37958  2.77504  2.98843  4.57268  3.61939
          1.04389  1.07732  1.17957  1.97962  0.14864  0.00000        *
      1   1.80903  5.27563  4.67408  3.05535  4.39960  4.65864  4.92655  2.91903  4.03995  3.48081  1.01035  3.16744  5.03512  4.32286  3.13584  2.98563  3.87281  2.82099  5.86864  3.21547     16 m - - -
          2.68618  4.42225  2.77519  2.73123  3.46354  2.40513  3.72494  3.29354  2.67741  2.69355  4.24690  2.90347  2.73739  3.18146  2.89801  2.37887  2.77519  2.98518  4.58477  3.61503
          0.00300  6.20771  6.93005  0.61958  0.77255  1.31010  0.31443
      2   2.67911  5.25913  2.35147  4.33664  4.37256  3.27345  5.04174  2.18870  4.25309  2.58499  2.78919  4.63759  2.36667  4.51106  3.21224  3.05533  1.98957  1.91855  5.86140  4.65614     17 v - - -
          2.68618  4.42225  2.77519  2.73123  3.46354  2.40513  3.72494  3.29354  2.67741  2.69355  4.24690  2.90347  2.73739  3.18146  2.89801  2.37887  2.77519  2.98518  4.58477  3.61503
          0.00281  6.27357  6.99591  0.61958  0.77255  1.41200  0.27926
      3   2.55153  6.15040  2.62900  2.17944  5.48926  4.43057  4.61832  3.41181  2.44205  3.70236  2.49808  2.41145  4.82393  3.71666  3.84722  1.77175  1.89210  4.53770  6.58682  5.17963     18 s - - -
          2.68618  4.42225  2.77519  2.73123  3.46354  2.40513  3.72494  3.29354  2.67741  2.69355  4.24690  2.90347  2.73739  3.18146  2.89801  2.37887  2.77519  2.98518  4.58477  3.61503
          0.00261  6.34530  7.06764  0.61958  0.77255  0.61020  0.78361
      4   2.15178  6.25320  2.52626  2.91120  5.58797  4.54492  2.89353  3.52020  2.91231  4.55409  2.00693  4.01641  1.70459  3.83277  3.16300  2.26230  3.17882  4.63830  6.69210  3.56330     19 p - - -
          2.68618  4.42225  2.77519  2.73123  3.46354  2.40513  3.72494  3.29354  2.67741  2.69355  4.24690  2.90347  2.73739  3.18146  2.89801  2.37887  2.77519  2.98518  4.58477  3.61503
          0.03343  6.49558  3.46212  0.61958  0.77255  0.18443  1.78128
      5   1.94236  6.32220  3.33919  2.39604  3.66740  3.43610  4.78110  5.14802  2.13717  4.62618  2.54763  2.48371  2.78042  3.87842  2.47253  3.00083  2.67465  2.93475  3.76197  5.34762     20 a - - -
          2.68618  4.42225  2.77519  2.73123  3.46354  2.40513  3.72494  3.29354  2.67741  2.69355  4.24690  2.90347  2.73739  3.18146  2.89801  2.37887  2.77519  2.98518  4.58477  3.61503
          0.00210  6.56461  7.28696  0.61958  0.77255  0.81173  0.58714
      6   2.56170  6.25962  2.00573  1.96992  3.03526  3.43935  4.80055  2.98094  3.54823  2.68323  3.60879  3.72498  5.00277  2.32729  2.78148  2.63771  3.23236  4.63389  6.71085  2.64084     21 e - - -
          2.68618  4.42225  2.77519  2.73123  3.46354  2.40513  3.72494  3.29354  2.67741  2.69355  4.24690  2.90347  2.73739  3.18146  2.89801  2.37887  2.77519  2.98518  4.58477  3.61503
          0.00210  6.56461  7.28696  0.61958  0.77255  0.81173  0.58714
      7   3.12274  6.33167  1.96796  1.96447  5.67800  2.80675  4.77833  5.16485  2.34319  4.63749  3.94477  2.79019  4.98490  1.80666  2.14120  3.77982  3.23140  3.47522  3.76268  5.35190     22 q - - -
          2.68618  4.42225  2.77519  2.73123  3.46354  2.40513  3.72494  3.29354  2.67741  2.69355  4.24690  2.90347  2.73739  3.18146  2.89801  2.37887  2.77519  2.98518  4.58477  3.61503
          0.00210  6.56461  7.28696  0.61958  0.77255  0.81173  0.58714
      8   3.12914  6.05336  3.30327  2.90088  3.00090  4.67430  2.03569  2.11374  2.04277  1.70875  5.12336  3.28852  5.06419  4.02594  3.00683  3.87663  2.78553  3.35798  6.55444  5.21740     23 l - - -
          2.68618  4.42225  2.77519  2.73123  3.46354  2.40513  3.72494  3.29354  2.67741  2.69355  4.24690  2.90347  2.73739  3.18146  2.89801  2.37887  2.77519  2.98518  4.58477  3.61503
          0.00210  6.56461  7.28696  0.61958  0.77255  0.81173  0.58714
      9   2.71653  6.31205  1.82928  2.60673  2.66252  2.31845  3.94231  5.13009  2.60757  3.23508  3.61898  2.79194  4.98958  2.85777  4.01336  2.55222  2.78747  3.46758  3.76120  3.61691     24 d - - -
          2.68618  4.42225  2.77519  2.73123  3.46354  2.40513  3.72494  3.29354  2.67741  2.69355  4.24690  2.90347  2.73739  3.18146  2.89801  2.37887  2.77519  2.98518  4.58477  3.61503
          0.00210  6.56461  7.28696  0.61958  0.77255  0.32537  1.28107
     10   3.97237  3.62486  3.58914  2.91569  2.89854  5.04807  5.33937  2.10431  2.30079  1.62077  2.62280  4.96796  3.61292  2.44477  4.83434  3.70843  3.28406  2.17459  6.10108  4.90168     25 l - - -
          2.68618  4.42225  2.77519  2.73123  3.46354  2.40513  3.72494  3.29354  2.67741  2.69355  4.24690  2.90347  2.73739  3.18146  2.89801  2.37887  2.77519  2.98518  4.58477  3.61503
          0.00201  6.60660  7.32894  0.61958  0.77255  0.48576  0.95510
     11   2.11244  6.36441  2.09233  2.63580  5.71083  4.62390  3.52335  3.61607  2.14833  3.48255  5.40472  2.57629  3.57624  2.95373  1.72695  3.03234  2.74353  4.75577  6.79629  5.38453     26 r - - -
          2.68618  4.42225  2.77519  2.73123  3.46354  2.40513  3.72494  3.29354  2.67741  2.69355  4.24690  2.90347  2.73739  3.18146  2.89801  2.37887  2.77519  2.98518  4.58477  3.61503
          0.00201  6.60660  7.32894  0.61958  0.77255  0.48576  0.95510
     12   2.30671  6.36095  3.27184  3.54413  5.70578  2.60515  4.81184  4.12002  1.52002  4.66613  5.40168  2.82305  3.57632  2.00987  3.00273  3.13644  2.78109  2.36353  6.79378  3.65135     27 k - - -
          2.68618  4.42225  2.77519  2.73123  3.46354  2.40513  3.72494  3.29354  2.67741  2.69355  4.24690  2.90347  2.73739  3.18146  2.89801  2.37887  2.77519  2.98518  4.58477  3.61503
          0.00201  6.60660  7.32894  0.61958  0.77255  0.48576  0.95510
     13   2.32163  3.59570  5.97882  5.36249  3.37262  3.55858  5.50648  2.87421  5.14424  0.87694  2.53068  2.98748  5.53580  5.27283  5.14753  4.48409  3.28859  2.35197  5.99628  3.47800     28 l - - -
          2.68618  4.42225  2.77519  2.73123  3.46354  2.40513  3.72494  3.29354  2.67741  2.69355  4.24690  2.90347  2.73739  3.18146  2.89801  2.37887  2.77519  2.98518  4.58477  3.61503
          0.00201  6.60660  7.32894  0.61958  0.77255  0.48576  0.95510
     14   1.82793  6.20766  4.18700  2.18456  5.48928  2.94870  4.86240  2.99144  2.18413  1.99864  3.16530  4.16508  3.00858  3.65847  2.82252  2.74853  2.94732  3.44429  6.68032  5.31128     29 a - - -
          2.68618  4.42225  2.77519  2.73123  3.46354  2.40513  3.72494  3.29354  2.67741  2.69355  4.24690  2.90347  2.73739  3.18146  2.89801  2.37887  2.77519  2.98518  4.58477  3.61503
          0.00201  6.60660  7.32894  0.61958  0.77255  0.48576  0.95510
     15   1.85415  3.76739  1.93296  1.78575  5.69319  2.35112  4.81443  3.61122  2.99428  3.47778  3.30777  2.82383  5.02031  2.88932  4.04285  2.73709  4.08277  4.74069  6.78751  3.65037     30 e - - -
          2.68618  4.42225  2.77519  2.73123  3.46354  2.40513  3.72494  3.29354  2.67741  2.69355  4.24690  2.90347  2.73739  3.18146  2.89801  2.37887  2.77519  2.98518  4.58477  3.61503
          0.00201  6.60660  7.32894  0.61958  0.77255  0.48576  0.95510
     16   3.99176  5.41242  5.69263  4.04580  3.38948  5.12953  3.61100  1.40269  2.58535  1.89112  3.39603  5.20095  5.49602  2.22317  2.59452  4.42849  3.28708  2.75603  3.68380  2.93188     31 i - - -
          2.68618  4.42225  2.77519  2.73123  3.46354  2.40513  3.72494  3.29354  2.67741  2.69355  4.24690  2.90347  2.73739  3.18146  2.89801  2.37887  2.77519  2.98518  4.58477  3.61503
          0.00201  6.60660  7.32894  0.61958  0.77255  0.48576  0.95510
     17   1.70668  6.36301  3.40505  2.10797  5.70876  2.74266  2.97871  3.61550  2.49799  2.61092  5.40349  2.82287  5.01777  2.95395  4.03862  2.64871  1.99845  4.75402  6.79529  5.38392     32 a - - -
          2.68618  4.42225  2.77519  2.73123  3.46354  2.40513  3.72494  3.29354  2.67741  2.69355  4.24690  2.90347  2.73739  3.18146  2.89801  2.37887  2.77519  2.98518  4.58477  3.61503
          0.00201  6.60660  7.32894  0.61958  0.77255  0.48576  0.95510
     18   1.90096  6.36483  1.86909  1.75032  5.71128  2.48424  4.81105  5.19824  2.79848  3.90972  5.40514  2.09130  3.57622  3.02449  3.24450  3.13608  3.26404  4.75621  6.79668  5.38487     33 e - - -
          2.68618  4.42225  2.77519  2.73123  3.46354  2.40513  3.72494  3.29354  2.67741  2.69355  4.24690  2.90347  2.73739  3.18146  2.89801  2.37887  2.77519  2.98518  4.58477  3.61503
          0.00201  6.60660  7.32894  0.61958  0.77255  0.48576  0.95510
     19   2.74922  6.23767  2.83997  3.02667  5.53059  4.65832  4.85177  3.21213  2.28090  1.63060  5.29244  4.14965  5.05036  2.48490  1.56080  3.15341  4.09318  3.25228  3.78527  3.63668     34 r - - -
          2.68618  4.42225  2.77519  2.73123  3.46354  2.40513  3.72494  3.29354  2.67741  2.69355  4.24690  2.90347  2.73739  3.18146  2.89801  2.37887  2.77519  2.98518  4.58477  3.61503
          0.00201  6.60660  7.32894  0.61958  0.77255  0.48576  0.95510
     20   2.23718  6.33138  3.27778  2.64174  2.69362  2.94679  3.52513  3.60275  2.80521  3.46946  5.37561  4.10512  1.85608  2.77124  2.00225  3.82205  4.08455  4.71473  3.12537  3.04847     35 p - - -
          2.67924  4.40903  2.77608  2.72973  3.46894  2.40430  3.72568  3.29439  2.67545  2.69230  4.25230  2.90476  2.74192  3.18144  2.90238  2.38062  2.77608  2.98280  4.58466  3.61416
          1.90893  0.88546  0.82271  1.84344  0.17230  0.48576  0.95510
     21   2.73725  3.30892  2.43614  3.28962  4.90325  2.52598  4.48529  2.53271  3.28326  2.93971  3.17279  2.10878  2.58337  2.82159  2.87105  3.48426  2.84372  3.99583  6.16348  3.19175     53 n - - -
          2.68618  4.42225  2.77519  2.73123  3.46354  2.40513  3.72494  3.29354  2.67741  2.69355  4.24690  2.90347  2.73739  3.18146  2.89801  2.37887  2.77519  2.98518  4.58477  3.61503
          0.00358  6.02931  6.75165  0.61958  0.77255  1.39760  0.28394
     22   1.91221  6.03184  2.94719  2.31169  2.37112  2.62104  4.48757  3.28781  2.66763  4.33629  5.07301  2.94376  4.69374  2.85891  2.92016  2.81153  2.18837  4.42143  6.46569  3.32554     54 a - - -
          2.68618  4.42225  2.77519  2.73123  3.46354  2.40513  3.72494  3.29354  2.67741  2.69355  4.24690  2.90347  2.73739  3.18146  2.89801  2.37887  2.77519  2.98518  4.58477  3.61503
          0.00312  6.16600  6.88835  0.61958  0.77255  2.00670  0.14437
     23   2.84542  2.79302  2.98069  2.70724  2.75088  2.29279  4.53154  4.70707  2.70715  4.23517  5.00072  2.52041  4.73168  3.64387  2.70277  2.83782  2.50741  3.15425  2.80884  2.73028     55 g - - -
          2.68618  4.42225  2.77519  2.73123  3.46354  2.40513  3.72494  3.29354  2.67741  2.69355  4.24690  2.90347  2.73739  3.18146  2.89801  2.37887  2.77519  2.98518  4.58477  3.61503
          0.00306  6.18707  6.90942  0.61958  0.77255  1.97411  0.14953
     24   2.45290  6.06145  2.97624  2.07957  5.40461  2.30881  4.51702  4.88923  2.34185  4.36592  3.35766  2.97291  4.72318  3.61399  2.94938  2.15544  3.78650  1.69237  6.49529  5.08548     56 v - - -
          2.68618  4.42225  2.77519  2.73123  3.46354  2.40513  3.72494  3.29354  2.67741  2.69355  4.24690  2.90347  2.73739  3.18146  2.89801  2.37887  2.77519  2.98518  4.58477  3.61503
          0.00300  6.20771  6.93005  0.61958  0.77255  1.40073  0.28292
     25   1.81483  6.11976  3.03168  1.92832  3.46088  3.22808  4.57177  4.94970  2.39723  3.24053  5.16058  2.27567  4.77811  2.94341  2.56764  2.89622  3.84179  2.72830  6.55283  3.41092     57 a - - -
          2.68618  4.42225  2.77519  2.73123  3.46354  2.40513  3.72494  3.29354  2.67741  2.69355  4.24690  2.90347  2.73739  3.18146  2.89801  2.37887  2.77519  2.98518  4.58477  3.61503
          0.00277  6.28624  7.00858  0.61958  0.77255  1.57915  0.23086
     26   2.71823  6.14912  3.05801  2.77668  5.49471  3.25478  3.30995  3.40186  1.86620  2.39736  5.18964  2.44414  3.36278  2.96975  2.59424  2.92272  2.30034  2.98896  6.58149  5.17022     58 k - - -
          2.68618  4.42225  2.77519  2.73123  3.46354  2.40513  3.72494  3.29354  2.67741  2.69355  4.24690  2.90347  2.73739  3.18146  2.89801  2.37887  2.77519  2.98518  4.58477  3.61503
          0.00267  6.32330  7.04565  0.61958  0.77255  1.37564  0.29126
     27   1.85474  5.59663  3.25506  3.04284  4.75758  1.89117  3.38091  2.34753  3.82678  2.28782  3.33296  4.31123  3.41195  4.14973  2.69415  3.88688  3.09032  3.88420  3.55325  2.80502     59 a - - -
          2.68618  4.42225  2.77519  2.73123  3.46354  2.40513  3.72494  3.29354  2.67741  2.69355  4.24690  2.90347  2.73739  3.18146  2.89801  2.37887  2.77519  2.98518  4.58477  3.61503
          0.00255  6.37068  7.09303  0.61958  0.77255  1.37426  0.29173
     28   2.08275  3.60802  2.36756  2.02000  3.53435  2.19661  4.67486  4.94119  2.22893  3.10063  3.49009  3.96264  4.87793  3.77968  2.65886  2.98970  2.66584  3.33075  6.59943  5.20381     60 e - - -
          2.68618  4.42225  2.77519  2.73123  3.46354  2.40513  3.72494  3.29354  2.67741  2.69355  4.24690  2.90347  2.73739  3.18146  2.89801  2.37887  2.77519  2.98518  4.58477  3.61503
          0.00246  6.40480  7.12714  0.61958  0.77255  0.33934  1.24563
     29   2.19969  6.22946  2.40276  2.61781  3.02748  1.56017  4.80557  2.97043  2.98144  4.51707  5.28114  3.24855  3.54253  3.91700  3.22442  3.11287  3.22904  2.56653  3.75122  3.60378     61 g - - -
          2.68618  4.42225  2.77519  2.73123  3.46354  2.40513  3.72494  3.29354  2.67741  2.69355  4.24690  2.90347  2.73739  3.18146  2.89801  2.37887  2.77519  2.98518  4.58477  3.61503
          0.00211  6.55984  7.28218  0.61958  0.77255  0.63289  0.75727
     30   2.42378  5.41442  3.60512  2.92624  2.85897  5.08050  5.39008  1.89751  4.79586  1.74882  4.53032  5.09947  2.98213  4.99959  2.56784  3.32928  2.46925  2.96931  2.63131  3.47071     62 l - - -
          2.68618  4.42225  2.77519  2.73123  3.46354  2.40513  3.72494  3.29354  2.67741  2.69355  4.24690  2.90347  2.73739  3.18146  2.89801  2.37887  2.77519  2.98518  4.58477  3.61503
          0.00207  6.57880  7.30115  0.61958  0.77255  0.32537  1.28107
     31   2.46100  6.35748  1.98330  2.85893  2.69653  3.26272  3.52372  5.18540  2.37656  3.47983  5.39863  4.09381  2.64922  3.18425  4.04078  2.56847  1.65988  3.50517  6.79127  5.38142     63 t - - -
          2.68618  4.42225  2.77519  2.73123  3.46354  2.40513  3.72494  3.29354  2.67741  2.69355  4.24690  2.90347  2.73739  3.18146  2.89801  2.37887  2.77519  2.98518  4.58477  3.61503
          0.00201  6.60660  7.32894  0.61958  0.77255  0.48576  0.95510
     32   2.45924  3.09902  2.84600  3.64098  5.46814  0.87155  3.53337  3.54353  3.63861  4.46756  3.62080  4.17413  5.06391  3.22010  3.27461  2.45974  3.26676  4.54511  6.66886  5.30409     64 g - - -
          2.68618  4.42225  2.77519  2.73123  3.46354  2.40513  3.72494  3.29354  2.67741  2.69355  4.24690  2.90347  2.73739  3.18146  2.89801  2.37887  2.77519  2.98518  4.58477  3.61503
          0.00201  6.60660  7.32894  0.61958  0.77255  0.48576  0.95510
     33   2.74911  6.35397  2.51800  1.54186  3.69979  3.46872  2.62804  5.17917  2.99384  3.47844  3.65332  2.09159  5.01990  3.02611  3.24606  3.81533  4.08262  3.50381  3.79449  2.40705     65 e - - -
          2.68618  4.42225  2.77519  2.73123  3.46354  2.40513  3.72494  3.29354  2.67741  2.69355  4.24690  2.90347  2.73739  3.18146  2.89801  2.37887  2.77519  2.98518  4.58477  3.61503
          0.00201  6.60660  7.32894  0.61958  0.77255  0.48576  0.95510
     34   2.23769  6.36355  2.07330  1.62234  5.70954  2.94633  2.36895  3.03119  2.99142  3.48220  5.40396  4.09128  3.57626  2.47483  3.24456  3.81260  2.51385  4.75468  6.79567  5.38416     66 e - - -
          2.68618  4.42225  2.77519  2.73123  3.46354  2.40513  3.72494  3.29354  2.67741  2.69355  4.24690  2.90347  2.73739  3.18146  2.89801  2.37887  2.77519  2.98518  4.58477  3.61503
          0.00201  6.60660  7.32894  0.61958  0.77255  0.48576  0.95510
     35   3.90416  5.87577  2.89753  2.75347  5.05804  3.50090  5.01746  2.28491  3.89769  2.07207  2.98018  2.30381  2.37282  3.31247  4.32524  2.47972  3.99403  1.95271  6.42022  3.58344     67 v - - -
          2.68618  4.42225  2.77519  2.73123  3.46354  2.40513  3.72494  3.29354  2.67741  2.69355  4.24690  2.90347  2.73739  3.18146  2.89801  2.37887  2.77519  2.98518  4.58477  3.61503
          0.00201  6.60660  7.32894  0.61958  0.77255  0.48576  0.95510
     36   1.54160  6.27785  4.14463  1.93547  5.58671  2.94759  4.83804  5.04790  2.87849  2.93262  2.67128  4.12982  3.66778  2.23088  2.50946  3.83889  3.14772  2.94797  3.78856  5.34487     68 a - - -
          2.68618  4.42225  2.77519  2.73123  3.46354  2.40513  3.72494  3.29354  2.67741  2.69355  4.24690  2.90347  2.73739  3.18146  2.89801  2.37887  2.77519  2.98518  4.58477  3.61503
          0.00201  6.60660  7.32894  0.61958  0.77255  0.48576  0.95510
     37   2.18906  3.09005  3.33374  2.80417  5.33851  2.95066  4.90670  2.95987  3.07283  2.11242  3.59944  3.31946  3.35343  3.24427  3.29415  3.17609  4.10778  1.49905  6.59445  5.25504     69 v - - -
          2.68618  4.42225  2.77519  2.73123  3.46354  2.40513  3.72494  3.29354  2.67741  2.69355  4.24690  2.90347  2.73739  3.18146  2.89801  2.37887  2.77519  2.98518  4.58477  3.61503
          0.00201  6.60660  7.32894  0.61958  0.77255  0.48576  0.95510
     38   2.23681  6.30846  2.83121  2.64599  5.63008  2.94713  4.82801  2.65466  3.00591  3.46021  5.35535  2.82792  5.03125  3.93240  2.81262  2.74037  3.26478  2.95582  6.75544  1.42629     70 y - - -
          2.68618  4.42225  2.77519  2.73123  3.46354  2.40513  3.72494  3.29354  2.67741  2.69355  4.24690  2.90347  2.73739  3.18146  2.89801  2.37887  2.77519  2.98518  4.58477  3.61503
          0.13047  6.60660  2.11228  0.61958  0.77255  0.48576  0.95510
     39   2.51227  6.25282  4.00711  2.49121  2.32209  4.52931  3.42557  5.07564  2.54055  4.55601  5.29476  3.17183  2.55055  1.96628  1.82713  3.71830  3.98492  2.86784  6.68831  2.95147     71 r - - -
          2.68565  4.42338  2.77632  2.73149  3.45927  2.40376  3.72607  3.29467  2.67607  2.69384  4.24802  2.90459  2.73765  3.18123  2.89811  2.37938  2.77632  2.98631  4.58038  3.61406
          0.45269  1.84937  1.57625  1.35798  0.29730  0.98945  0.46487
     40   2.49907  5.44195  4.50354  3.03641  4.58496  3.26753  4.89551  3.04117  3.89711  0.99969  4.54336  4.35924  3.35056  4.20594  2.64406  2.00580  3.91534  3.71910  6.01891  3.29872     78 l - - -
          2.68618  4.42225  2.77519  2.73123  3.46354  2.40513  3.72494  3.29354  2.67741  2.69355  4.24690  2.90347  2.73739  3.18146  2.89801  2.37887  2.77519  2.98518  4.58477  3.61503
          0.00277  6.28624  7.00858  0.61958  0.77255  1.25334  0.33624
     41   1.71356  6.17575  3.08401  1.80972  5.52158  3.28086  3.33603  3.42817  2.80411  2.76711  5.21621  3.08078  2.82163  2.58017  3.05722  2.54891  3.89446  3.31997  6.60798  5.19656     79 a - - -
          2.68618  4.42225  2.77519  2.73123  3.46354  2.40513  3.72494  3.29354  2.67741  2.69355  4.24690  2.90347  2.73739  3.18146  2.89801  2.37887  2.77519  2.98518  4.58477  3.61503
          0.00257  6.35904  7.08139  0.61958  0.77255  1.89259  0.16332
     42   3.66857  6.10724  2.64482  1.98712  2.88039  4.45395  4.64429  2.46419  1.98732  2.74923  5.15563  3.93355  3.39013  3.00884  3.06776  2.55342  2.63182  3.29255  6.55770  2.85747     80 e - - -
          2.68618  4.42225  2.77519  2.73123  3.46354  2.40513  3.72494  3.29354  2.67741  2.69355  4.24690  2.90347  2.73739  3.18146  2.89801  2.37887  2.77519  2.98518  4.58477  3.61503
          0.00257  6.35904  7.08139  0.61958  0.77255  0.41656  1.07679
     43   2.40389  6.32014  1.23743  1.74000  5.66575  2.88722  2.91984  3.55807  3.50173  4.62567  5.36098  2.45687  4.97064  3.12946  3.99551  3.08289  3.21018  4.71113  6.75221  5.33978     81 d - - -
          2.68618  4.42225  2.77519  2.73123  3.46354  2.40513  3.72494  3.29354  2.67741  2.69355  4.24690  2.90347  2.73739  3.18146  2.89801  2.37887  2.77519  2.98518  4.58477  3.61503
          0.00216  6.53233  7.25468  0.61958  0.77255  0.21293  1.65137
     44   3.91495  3.69303  4.53592  3.97333  5.01041  4.82013  5.04621  4.39018  2.23231  2.79502  2.97209  4.44493  1.59299  2.85025  1.93327  3.23094  2.26581  2.26363  6.38932  5.11575     82 p - - -
          2.68618  4.42225  2.77519  2.73123  3.46354  2.40513  3.72494  3.29354  2.67741  2.69355  4.24690  2.90347  2.73739  3.18146  2.89801  2.37887  2.77519  2.98518  4.58477  3.61503
          0.00201  6.60660  7.32894  0.61958  0.77255  0.48576  0.95510
     45   2.74922  3.75285  4.17280  1.73014  5.52046  3.47555  3.53095  4.67410  2.66099  1.83907  5.28588  4.15329  3.00864  3.97203  1.78973  2.74663  4.09381  2.93547  6.69739  3.63576     83 e - - -
          2.68618  4.42225  2.77519  2.73123  3.46354  2.40513  3.72494  3.29354  2.67741  2.69355  4.24690  2.90347  2.73739  3.18146  2.89801  2.37887  2.77519  2.98518  4.58477  3.61503
          0.00201  6.60660  7.32894  0.61958  0.77255  0.48576  0.95510
     46   2.74912  6.35180  2.82619  2.37654  5.69245  2.60513  3.52402  3.02837  3.55100  4.65520  5.39362  4.09624  5.02044  2.10296  1.66864  2.73713  2.82010  2.31297  6.78714  3.65031     84 r - - -
          2.68618  4.42225  2.77519  2.73123  3.46354  2.40513  3.72494  3.29354  2.67741  2.69355  4.24690  2.90347  2.73739  3.18146  2.89801  2.37887  2.77519  2.98518  4.58477  3.61503
          0.00201  6.60660  7.32894  0.61958  0.77255  0.48576  0.95510
     47   2.45612  5.49031  6.09580  5.48561  4.57196  5.31401  5.65586  1.97262  2.59372  0.75789  2.86930  5.47641  5.66857  5.40557  5.28612  4.62923  3.32429  2.60853  6.13805  4.96567     85 l - - -
          2.68618  4.42225  2.77519  2.73123  3.46354  2.40513  3.72494  3.29354  2.67741  2.69355  4.24690  2.90347  2.73739  3.18146  2.89801  2.37887  2.77519  2.98518  4.58477  3.61503
          0.00201  6.60660  7.32894  0.61958  0.77255  0.48576  0.95510
     48   2.45153  5.66258  4.81396  3.30901  4.79968  4.91817  5.17086  2.15718  1.73959  2.43631  4.76563  4.65307  3.60308  4.50281  1.93837  4.16244  2.25977  2.16592  6.24406  3.54354     86 k - - -
          2.68618  4.42225  2.77519  2.73123  3.46354  2.40513  3.72494  3.29354  2.67741  2.69355  4.24690  2.90347  2.73739  3.18146  2.89801  2.37887  2.77519  2.98518  4.58477  3.61503
          0.00201  6.60660  7.32894  0.61958  0.77255  0.48576  0.95510
     49   3.15530  6.36458  1.79505  1.99701  5.71106  3.46818  3.52335  5.19802  1.99756  4.67046  5.40487  2.82273  2.38533  2.24863  3.24440  2.73620  3.26396  3.50791  6.79642  5.38462     87 d - - -
          2.68618  4.42225  2.77519  2.73123  3.46354  2.40513  3.72494  3.29354  2.67741  2.69355  4.24690  2.90347  2.73739  3.18146  2.89801  2.37887  2.77519  2.98518  4.58477  3.61503
          0.00201  6.60660  7.32894  0.61958  0.77255  0.48576  0.95510
     50   3.19034  5.40023  5.77472  2.97253  4.49551  5.14291  5.46635  2.00019  3.52269  2.34547  3.39148  2.98021  3.61934  5.16042  5.06794  4.44582  2.49084  1.13399  2.64964  4.83835     88 v - - -
          2.68618  4.42225  2.77519  2.73123  3.46354  2.40513  3.72494  3.29354  2.67741  2.69355  4.24690  2.90347  2.73739  3.18146  2.89801  2.37887  2.77519  2.98518  4.58477  3.61503
          0.00201  6.60660  7.32894  0.61958  0.77255  0.48576  0.95510
     51   2.74918  3.75966  4.14003  1.48989  5.59807  4.64456  4.83537  3.58395  2.11513  3.45098  5.33536  4.12598  3.57836  1.99471  2.50899  3.83628  2.27809  2.95005  6.73881  3.64261     89 e - - -
          2.68618  4.42225  2.77519  2.73123  3.46354  2.40513  3.72494  3.29354  2.67741  2.69355  4.24690  2.90347  2.73739  3.18146  2.89801  2.37887  2.77519  2.98518  4.58477  3.61503
          0.00201  6.60660  7.32894  0.61958  0.77255  0.48576  0.95510
     52   2.23769  6.36423  3.27121  2.16826  5.71045  2.94630  4.81111  2.66479  2.63695  4.67000  5.40459  3.26806  5.01766  3.18304  2.80764  1.20471  2.82018  4.75549  6.79621  5.38455     90 s - - -
          2.68618  4.42225  2.77519  2.73123  3.46354  2.40513  3.72494  3.29354  2.67741  2.69355  4.24690  2.90347  2.73739  3.18146  2.89801  2.37887  2.77519  2.98518  4.58477  3.61503
          0.00201  6.60660  7.32894  0.61958  0.77255  0.48576  0.95510
     53   2.23693  6.31626  4.12416  3.56807  5.64108  2.94700  2.36832  2.65592  2.38159  3.46321  5.36232  1.79457  5.02994  2.47847  2.50711  3.82746  2.27869  3.48881  6.76120  5.36297     91 n - - -
          2.68618  4.42225  2.77519  2.73123  3.46354  2.40513  3.72494  3.29354  2.67741  2.69355  4.24690  2.90347  2.73739  3.18146  2.89801  2.37887  2.77519  2.98518  4.58477  3.61503
          0.00201  6.60660  7.32894  0.61958  0.77255  0.48576  0.95510
     54   3.15633  3.76334  4.12281  2.00063  5.64234  3.47067  4.82532  3.59687  2.17321  3.46368  5.36295  4.11157  1.51162  2.06609  2.81182  3.14221  4.08584  3.48927  6.76175  3.04727     92 p - - -
          2.68618  4.42225  2.77519  2.73123  3.46354  2.40513  3.72494  3.29354  2.67741  2.69355  4.24690  2.90347  2.73739  3.18146  2.89801  2.37887  2.77519  2.98518  4.58477  3.61503
          0.00201  6.60660  7.32894  0.61958  0.77255  0.48576  0.95510
     55   2.23769  6.36519  2.51711  2.37491  5.71166  2.94625  4.81131  5.19864  2.63696  4.67106  5.40550  2.51569  3.57622  2.24860  1.56119  2.29844  3.73018  4.75658  6.79703  5.38519     93 r - - -
          2.68618  4.42225  2.77519  2.73123  3.46354  2.40513  3.72494  3.29354  2.67741  2.69355  4.24690  2.90347  2.73739  3.18146  2.89801  2.37887  2.77519  2.98518  4.58477  3.61503
          0.00201  6.60660  7.32894  0.61958  0.77255  0.48576  0.95510
     56   2.46105  6.36297  2.28246  2.63605  5.70872  2.94634  4.81124  3.61550  1.61078  4.66855  3.65501  1.93187  3.57627  3.90737  2.50466  3.13618  3.26397  2.96932  6.79525  5.38388     94 k - - -
          2.68618  4.42225  2.77519  2.73123  3.46354  2.40513  3.72494  3.29354  2.67741  2.69355  4.24690  2.90347  2.73739  3.18146  2.89801  2.37887  2.77519  2.98518  4.58477  3.61503
          0.28596  6.60660  1.39692  0.61958  0.77255  0.48576  0.95510
     57   1.67336  5.78120  4.13031  2.89788  2.43225  3.27329  2.76708  3.23605  2.89238  2.63325  4.85909  3.12473  4.91122  3.90509  2.31102  2.55088  3.90152  2.32634  6.30117  4.98650     95 a - - -
          2.68618  4.42225  2.77519  2.73123  3.46354  2.40513  3.72494  3.29354  2.67741  2.69355  4.24690  2.90347  2.73739  3.18146  2.89801  2.37887  2.77519  2.98518  4.58477  3.61503
          0.00267  6.32330  7.04565  0.61958  0.77255  1.49642  0.25351
     58   2.05026  2.92600  2.09511  1.98108  5.51953  4.43717  4.62421  5.00558  2.80446  3.29410  3.46737  2.32850  3.38890  2.58031  2.31732  3.62568  3.89458  4.56504  6.60696  3.46403     96 e - - -
          2.68618  4.42225  2.77519  2.73123  3.46354  2.40513  3.72494  3.29354  2.67741  2.69355  4.24690  2.90347  2.73739  3.18146  2.89801  2.37887  2.77519  2.98518  4.58477  3.61503
          0.00257  6.35904  7.08139  0.61958  0.77255  1.89259  0.16332
     59   2.03300  5.62414  3.23212  3.01329  4.79292  4.63089  4.86033  2.10268  3.77217  2.05604  2.41951  2.69690  3.40192  3.14076  4.18486  3.85523  2.31005  3.91626  6.17935  2.43727     97 a - - -
          2.68618  4.42225  2.77519  2.73123  3.46354  2.40513  3.72494  3.29354  2.67741  2.69355  4.24690  2.90347  2.73739  3.18146  2.89801  2.37887  2.77519  2.98518  4.58477  3.61503
          0.15434  6.35904  1.95698  0.61958  0.77255  1.89259  0.16332
     60   2.16415  6.03471  2.98120  2.70217  3.39788  4.33573  3.22854  2.72677  2.08315  2.30830  3.35244  2.97686  4.72888  2.47465  2.51393  2.84369  3.78796  4.41805  6.47560  3.35137     98 k - - -
          2.68618  4.42225  2.77519  2.73123  3.46354  2.40513  3.72494  3.29354  2.67741  2.69355  4.24690  2.90347  2.73739  3.18146  2.89801  2.37887  2.77519  2.98518  4.58477  3.61503
          0.00300  6.20771  6.93005  0.61958  0.77255  0.07086  2.68223
     61   3.15572  3.76671  3.27476  3.55155  5.68484  2.94657  3.52431  3.60887  1.99879  2.60779  5.38903  2.82438  5.02184  2.76948  1.21947  3.13835  4.08338  4.73356  3.12623  5.37656     99 r - - -
          2.68618  4.42225  2.77519  2.73123  3.46354  2.40513  3.72494  3.29354  2.67741  2.69355  4.24690  2.90347  2.73739  3.18146  2.89801  2.37887  2.77519  2.98518  4.58477  3.61503
          0.00201  6.60660  7.32894  0.61958  0.77255  0.48576  0.95510
     62   3.85983  6.37365  1.93078  2.16799  5.72025  4.63054  4.81842  5.20704  1.72284  4.67921  5.41419  1.79273  5.02509  2.76822  2.50388  3.82116  2.27913  2.96915  6.80492  5.39335    100 k - - -
          2.68618  4.42225  2.77519  2.73123  3.46354  2.40513  3.72494  3.29354  2.67741  2.69355  4.24690  2.90347  2.73739  3.18146  2.89801  2.37887  2.77519  2.98518  4.58477  3.61503
          0.00201  6.60660  7.32894  0.61958  0.77255  0.48576  0.95510
     63   3.15533  6.36238  2.82501  2.37519  5.70787  3.46829  4.81141  2.39698  2.37597  3.48176  5.40293  3.26829  1.85698  2.24875  3.24473  2.73635  2.51383  2.96918  6.79482  5.38362    101 p - - -
          2.68618  4.42225  2.77519  2.73123  3.46354  2.40513  3.72494  3.29354  2.67741  2.69355  4.24690  2.90347  2.73739  3.18146  2.89801  2.37887  2.77519  2.98518  4.58477  3.61503
          0.00201  6.60660  7.32894  0.61958  0.77255  0.48576  0.95510
     64   2.74933  6.10136  1.46852  3.70379  3.63507  2.60467  4.90417  2.96161  3.07069  1.94882  5.16993  2.85012  5.09204  3.24268  3.29286  2.75816  3.26828  2.89925  6.59907  3.61854    102 d - - -
          2.68618  4.42225  2.77519  2.73123  3.46354  2.40513  3.72494  3.29354  2.67741  2.69355  4.24690  2.90347  2.73739  3.18146  2.89801  2.37887  2.77519  2.98518  4.58477  3.61503
          0.00201  6.60660  7.32894  0.61958  0.77255  0.48576  0.95510
     65   2.21271  5.39988  3.65569  5.17476  4.49505  5.14363  5.46727  2.70184  2.95167  0.88112  3.39130  5.24463  5.50917  3.55867  5.06954  4.44671  2.81188  2.14529  6.01870  3.48442    103 l - - -
          2.68618  4.42225  2.77519  2.73123  3.46354  2.40513  3.72494  3.29354  2.67741  2.69355  4.24690  2.90347  2.73739  3.18146  2.89801  2.37887  2.77519  2.98518  4.58477  3.61503
          0.00201  6.60660  7.32894  0.61958  0.77255  0.48576  0.95510
     66   2.74921  6.34877  2.51829  1.33240  5.68774  4.62843  4.81626  2.39475  2.63972  3.47620  5.39105  4.09823  1.85642  2.47599  4.04517  3.81767  3.26438  4.73613  6.78511  3.64986    104 e - - -
          2.68618  4.42225  2.77519  2.73123  3.46354  2.40513  3.72494  3.29354  2.67741  2.69355  4.24690  2.90347  2.73739  3.18146  2.89801  2.37887  2.77519  2.98518  4.58477  3.61503
          0.05851  6.60660  2.89175  0.61958  0.77255  0.48576  0.95510
     67   2.33723  6.31740  1.75145  2.12489  5.66227  3.42469  4.76815  2.98695  2.33247  4.62260  3.61099  4.04862  4.97454  2.72413  2.46110  2.80919  2.47015  2.92520  6.75020  5.33936    105 d - - -
          2.68618  4.42225  2.77519  2.73123  3.46354  2.40513  3.72494  3.29354  2.67741  2.69355  4.24690  2.90347  2.73739  3.18146  2.89801  2.37887  2.77519  2.98518  4.58477  3.61503
          0.03162  6.55021  3.51675  0.61958  0.77255  1.05717  0.42685
     68   3.09138  6.18003  1.31299  2.95722  3.60720  4.58901  4.78199  3.50078  2.95689  3.36807  3.56572  3.22194  4.98117  3.14074  3.19769  3.08548  3.19918  4.54424  3.05357  1.79708    106 d - - -
          2.68618  4.42225  2.77519  2.73123  3.46354  2.40513  3.72494  3.29354  2.67741  2.69355  4.24690  2.90347  2.73739  3.18146  2.89801  2.37887  2.77519  2.98518  4.58477  3.61503
          0.00219  6.52078  7.24313  0.61958  0.77255  1.25407  0.33595
     69   2.14389  5.37008  2.28765  4.86838  4.47099  3.47857  5.33843  2.12620  4.73531  2.94439  2.81522  5.04281  5.39834  4.94168  3.44692  2.78194  2.74199  2.58565  5.98361  1.48246    107 y - - -
          2.68618  4.42225  2.77519  2.73123  3.46354  2.40513  3.72494  3.29354  2.67741  2.69355  4.24690  2.90347  2.73739  3.18146  2.89801  2.37887  2.77519  2.98518  4.58477  3.61503
          0.00219  6.52078  7.24313  0.61958  0.77255  1.25407  0.33595
     70   1.29517  6.28795  3.20692  2.92621  3.63359  2.75305  4.74761  5.11331  2.31070  4.59181  3.58711  3.20339  1.93762  3.84502  3.17978  3.01779  2.92744  3.43764  6.72263  5.31369    108 a - - -
          2.68618  4.42225  2.77519  2.73123  3.46354  2.40513  3.72494  3.29354  2.67741  2.69355  4.24690  2.90347  2.73739  3.18146  2.89801  2.37887  2.77519  2.98518  4.58477  3.61503
          0.00219  6.52078  7.24313  0.61958  0.77255  0.44191  1.02948
     71   3.16106  5.49725  5.16769  2.28081  3.41237  5.00300  5.28730  2.42923  3.37943  2.64761  4.60873  4.88696  3.58858  3.45564  3.45555  3.29826  2.23113  2.15924  2.14300  2.09931    109 y - - -
          2.68618  4.42225  2.77519  2.73123  3.46354  2.40513  3.72494  3.29354  2.67741  2.69355  4.24690  2.90347  2.73739  3.18146  2.89801  2.37887  2.77519  2.98518  4.58477  3.61503
          0.00207  6.57880  7.30115  0.61958  0.77255  0.81173  0.58714
     72   2.42390  5.42175  3.60112  4.90708  4.52373  3.52562  5.38569  1.98846  4.77630  2.12321  4.53799  3.52761  5.44567  4.98450  3.49349  2.82895  4.19565  0.92515  6.03590  4.84696    110 v - - -
          2.68618  4.42225  2.77519  2.73123  3.46354  2.40513  3.72494  3.29354  2.67741  2.69355  4.24690  2.90347  2.73739  3.18146  2.89801  2.37887  2.77519  2.98518  4.58477  3.61503
          0.00207  6.57880  7.30115  0.61958  0.77255  0.81173  0.58714
     73   3.13385  6.33662  3.25082  1.97589  5.68017  4.60393  2.95717  3.59197  2.61628  2.58841  5.37768  4.07198  4.99736  3.16253  1.19806  2.71508  2.79854  3.48384  6.77020  5.36018    111 r - - -
          2.68618  4.42225  2.77519  2.73123  3.46354  2.40513  3.72494  3.29354  2.67741  2.69355  4.24690  2.90347  2.73739  3.18146  2.89801  2.37887  2.77519  2.98518  4.58477  3.61503
          0.00207  6.57880  7.30115  0.61958  0.77255  0.81173  0.58714
     74   1.74563  3.74655  2.07088  3.52354  5.68213  2.12721  4.79088  5.16740  1.90862  3.45900  5.37891  3.24724  3.55477  2.74640  2.14187  3.79239  4.06080  3.48434  6.77122  5.36088    112 a - - -
          2.68618  4.42225  2.77519  2.73123  3.46354  2.40513  3.72494  3.29354  2.67741  2.69355  4.24690  2.90347  2.73739  3.18146  2.89801  2.37887  2.77519  2.98518  4.58477  3.61503
          0.00207  6.57880  7.30115  0.61958  0.77255  0.81173  0.58714
     75   3.13390  6.33330  3.25145  3.52559  5.67536  4.60471  3.50226  3.59066  2.35527  4.63730  5.37475  1.65186  4.99811  2.45387  2.78681  2.43021  2.25792  2.34101  6.76779  2.65628    113 n - - -
          2.68618  4.42225  2.77519  2.73123  3.46354  2.40513  3.72494  3.29354  2.67741  2.69355  4.24690  2.90347  2.73739  3.18146  2.89801  2.37887  2.77519  2.98518  4.58477  3.61503
          0.00207  6.57880  7.30115  0.61958  0.77255  0.81173  0.58714
     76   2.00388  5.43795  3.58884  4.81905  4.54181  5.05721  2.97624  2.70631  3.43519  1.17365  2.11120  5.03250  5.42694  3.49297  4.88681  3.32011  3.26240  3.03522  6.04878  2.91770    114 l - - -
          2.68070  4.42748  2.77321  2.72441  3.46877  2.40599  3.72086  3.29120  2.67691  2.69670  4.24037  2.90459  2.74263  3.18195  2.89509  2.37985  2.77952  2.98707  4.59000  3.61399
          1.05067  0.73289  1.77326  1.68882  0.20425  0.32537  1.28107
     77   3.71445  6.22446  2.14519  2.23818  5.56923  2.21387  1.58284  3.47745  3.41019  4.52960  5.26521  3.13144  3.43912  3.04661  2.13524  3.67684  3.94562  3.36937  6.65730  3.51410    123 h - - -
          2.68618  4.42225  2.77519  2.73123  3.46354  2.40513  3.72494  3.29354  2.67741  2.69355  4.24690  2.90347  2.73739  3.18146  2.89801  2.37887  2.77519  2.98518  4.58477  3.61503
          0.00241  6.42691  7.14926  0.61958  0.77255  1.19702  0.35967
     78   2.09493  5.33804  5.32158  4.73450  1.97104  3.42651  3.48433  3.78657  3.34081  2.24688  3.29274  3.42222  5.33234  3.39766  3.38824  4.24838  4.09279  2.54384  3.57146  1.54814    124 y - - -
          2.68618  4.42225  2.77519  2.73123  3.46354  2.40513  3.72494  3.29354  2.67741  2.69355  4.24690  2.90347  2.73739  3.18146  2.89801  2.37887  2.77519  2.98518  4.58477  3.61503
          0.00233  6.45919  7.18154  0.61958  0.77255  1.07333  0.41835
     79   2.36831  6.04175  4.14858  2.59275  5.29678  4.60127  4.80135  3.42635  2.10218  2.80163  2.93184  4.11760  4.99186  1.27538  4.05715  2.66501  2.41982  3.32115  6.53246  5.18353    125 q - - -
          2.68618  4.42225  2.77519  2.73123  3.46354  2.40513  3.72494  3.29354  2.67741  2.69355  4.24690  2.90347  2.73739  3.18146  2.89801  2.37887  2.77519  2.98518  4.58477  3.61503
          0.00226  6.49046  7.21281  0.61958  0.77255  0.60635  0.78820
     80   3.11168  6.32029  1.75139  2.94623  5.66646  4.58046  4.76740  5.15319  2.12526  3.43868  3.61150  2.04769  4.97396  2.20500  2.22870  2.18631  4.03824  3.46399  6.75231  5.34071    126 d - - -
          2.68618  4.42225  2.77519  2.73123  3.46354  2.40513  3.72494  3.29354  2.67741  2.69355  4.24690  2.90347  2.73739  3.18146  2.89801  2.37887  2.77519  2.98518  4.58477  3.61503
          0.00213  6.55021  7.27256  0.61958  0.77255  0.57080  0.83258
     81   2.72785  6.34395  2.07043  1.58855  5.69008  4.60428  4.79117  3.59407  2.61549  3.46078  5.38441  4.07139  2.98716  1.52762  2.25040  3.79311  4.06239  4.73517  6.77583  5.36452    127 q - - -
          2.68618  4.42225  2.77519  2.73123  3.46354  2.40513  3.72494  3.29354  2.67741  2.69355  4.24690  2.90347  2.73739  3.18146  2.89801  2.37887  2.77519  2.98518  4.58477  3.61503
          0.00207  6.57880  7.30115  0.61958  0.77255  0.81173  0.58714
     82   2.18929  5.36777  3.64177  3.55350  4.46208  5.13792  5.46690  1.81775  5.04493  1.93028  1.50894  5.26885  5.50242  5.19401  5.08661  2.84086  3.26605  1.94028  5.98945  4.81117    128 m - - -
          2.68618  4.42225  2.77519  2.73123  3.46354  2.40513  3.72494  3.29354  2.67741  2.69355  4.24690  2.90347  2.73739  3.18146  2.89801  2.37887  2.77519  2.98518  4.58477  3.61503
          0.00207  6.57880  7.30115  0.61958  0.77255  0.32537  1.28107
     83   2.03685  5.70000  4.73786  3.28112  2.33781  3.51757  3.57439  2.82710  3.26515  1.33267  3.49360  4.59760  3.60106  3.38370  2.89362  2.80671  3.27760  3.19681  6.27540  5.03211    129 l - - -
          2.68618  4.42225  2.77519  2.73123  3.46354  2.40513  3.72494  3.29354  2.67741  2.69355  4.24690  2.90347  2.73739  3.18146  2.89801  2.37887  2.77519  2.98518  4.58477  3.61503
          0.00201  6.60660  7.32894  0.61958  0.77255  0.48576  0.95510
     84   2.46033  6.28972  4.13781  2.38480  5.60346  3.47216  4.83407  5.06792  3.01108  2.93576  1.33976  3.28066  5.03613  3.19798  2.50878  2.23209  3.26507  2.95104  6.74162  3.64307    130 m - - -
          2.68618  4.42225  2.77519  2.73123  3.46354  2.40513  3.72494  3.29354  2.67741  2.69355  4.24690  2.90347  2.73739  3.18146  2.89801  2.37887  2.77519  2.98518  4.58477  3.61503
          0.00201  6.60660  7.32894  0.61958  0.77255  0.48576  0.95510
     85   2.23474  6.18991  1.67560  2.66996  3.65915  2.60485  3.53346  4.90451  3.63920  2.57606  3.03046  4.17461  5.06404  3.22036  2.82438  3.16057  2.27595  3.43672  3.78123  3.63058    131 d - - -
          2.68618  4.42225  2.77519  2.73123  3.46354  2.40513  3.72494  3.29354  2.67741  2.69355  4.24690  2.90347  2.73739  3.18146  2.89801  2.37887  2.77519  2.98518  4.58477  3.61503
          0.00201  6.60660  7.32894  0.61958  0.77255  0.48576  0.95510
     86   1.62818  3.05255  4.62297  2.24919  3.52984  3.51072  5.08720  3.33424  2.78250  2.04958  2.60520  3.41015  3.59765  3.35393  3.38154  3.24557  4.15202  2.78931  6.33216  3.56425    132 a - - -
          2.68618  4.42225  2.77519  2.73123  3.46354  2.40513  3.72494  3.29354  2.67741  2.69355  4.24690  2.90347  2.73739  3.18146  2.89801  2.37887  2.77519  2.98518  4.58477  3.61503
          0.00201  6.60660  7.32894  0.61958  0.77255  0.48576  0.95510
     87   1.63212  5.38676  3.66561  5.26515  3.37818  4.52672  5.48678  3.10786  5.06906  1.67448  1.53221  3.58220  3.62030  5.21670  5.10811  2.86367  4.23039  2.14120  6.00719  4.82915    133 m - - -
          2.68618  4.42225  2.77519  2.73123  3.46354  2.40513  3.72494  3.29354  2.67741  2.69355  4.24690  2.90347  2.73739  3.18146  2.89801  2.37887  2.77519  2.98518  4.58477  3.61503
          0.00201  6.60660  7.32894  0.61958  0.77255  0.48576  0.95510
     88   3.15596  6.33354  2.51949  1.85272  5.66603  2.60510  3.52501  2.65931  1.61179  3.26398  3.21233  4.10418  5.02493  2.47710  4.05052  3.82141  3.26441  2.61598  6.77383  5.37059    134 k - - -
          2.68618  4.42225  2.77519  2.73123  3.46354  2.40513  3.72494  3.29354  2.67741  2.69355  4.24690  2.90347  2.73739  3.18146  2.89801  2.37887  2.77519  2.98518  4.58477  3.61503
          0.00201  6.60660  7.32894  0.61958  0.77255  0.48576  0.95510
     89   3.15707  6.28432  2.83411  2.00322  3.68314  3.47246  4.83586  1.41844  3.01261  4.57518  5.33395  3.28163  5.03757  3.19913  3.25761  3.83674  3.26516  3.47611  1.75660  5.34788    135 i - - -
          2.68618  4.42225  2.77519  2.73123  3.46354  2.40513  3.72494  3.29354  2.67741  2.69355  4.24690  2.90347  2.73739  3.18146  2.89801  2.37887  2.77519  2.98518  4.58477  3.61503
          0.00201  6.60660  7.32894  0.61958  0.77255  0.48576  0.95510
     90   1.75242  5.88932  2.89490  3.16761  2.15719  4.78843  3.55596  2.89501  3.88305  1.65431  4.97626  2.87889  5.17452  4.21840  3.34491  2.78109  2.81704  4.19115  6.43119  3.00385    136 l - - -
          2.68618  4.42225  2.77519  2.73123  3.46354  2.40513  3.72494  3.29354  2.67741  2.69355  4.24690  2.90347  2.73739  3.18146  2.89801  2.37887  2.77519  2.98518  4.58477  3.61503
          0.00201  6.60660  7.32894  0.61958  0.77255  0.48576  0.95510
     91   2.44526  5.37778  5.94771  3.58900  1.76587  3.55804  5.50068  1.99402  2.96498  1.45495  3.38301  5.32503  5.53185  5.25630  3.55155  4.47856  4.23264  3.00670  3.67777  2.57126    137 l - - -
          2.68618  4.42225  2.77519  2.73123  3.46354  2.40513  3.72494  3.29354  2.67741  2.69355  4.24690  2.90347  2.73739  3.18146  2.89801  2.37887  2.77519  2.98518  4.58477  3.61503
          0.00201  6.60660  7.32894  0.61958  0.77255  0.48576  0.95510
     92   2.74912  6.36352  1.46880  1.25438  5.70948  3.46823  3.52341  3.61568  2.99148  3.48218  5.40395  3.26814  5.01771  2.76754  4.03851  3.13615  3.26399  4.75464  6.79568  3.65162    138 e - - -
          2.68618  4.42225  2.77519  2.73123  3.46354  2.40513  3.72494  3.29354  2.67741  2.69355  4.24690  2.90347  2.73739  3.18146  2.89801  2.37887  2.77519  2.98518  4.58477  3.61503
          0.00201  6.60660  7.32894  0.61958  0.77255  0.48576  0.95510
     93   2.71245  3.73138  3.34052  2.02260  5.30660  4.71281  4.91731  2.95267  2.69520  2.30464  5.14253  2.53484  5.10245  4.06940  3.29949  3.91611  1.95550  1.67198  6.57559  5.24248    139 v - - -
          2.68618  4.42225  2.77519  2.73123  3.46354  2.40513  3.72494  3.29354  2.67741  2.69355  4.24690  2.90347  2.73739  3.18146  2.89801  2.37887  2.77519  2.98518  4.58477  3.61503
          0.00201  6.60660  7.32894  0.61958  0.77255  0.48576  0.95510
     94   1.17709  3.66696  4.75354  4.18749  4.84431  1.47183  5.14775  3.29471  2.06461  3.16667  4.80168  3.43707  5.28017  3.38687  4.51371  4.13870  4.16900  2.76222  6.27685  5.03499    140 a - - -
          2.68618  4.42225  2.77519  2.73123  3.46354  2.40513  3.72494  3.29354  2.67741  2.69355  4.24690  2.90347  2.73739  3.18146  2.89801  2.37887  2.77519  2.98518  4.58477  3.61503
          0.00201  6.60660  7.32894  0.61958  0.77255  0.48576  0.95510
     95   2.23770  6.36451  2.28237  1.99702  5.71091  4.62404  3.52336  5.19781  1.41689  2.61116  5.40483  3.26801  5.01755  3.18296  2.80758  2.45139  4.08192  4.75587  6.79639  3.65172    141 k - - -
          2.68618  4.42225  2.77519  2.73123  3.46354  2.40513  3.72494  3.29354  2.67741  2.69355  4.24690  2.90347  2.73739  3.18146  2.89801  2.37887  2.77519  2.98518  4.58477  3.61503
          0.00201  6.60660  7.32894  0.61958  0.77255  0.48576  0.95510
     96   2.45934  6.19721  3.30758  2.66839  2.40517  3.47753  4.86626  4.91610  3.63475  2.32822  2.66270  1.67365  5.06190  3.99028  3.27345  2.05176  2.81923  4.55114  6.67242  3.63152    142 n - - -
          2.68618  4.42225  2.77519  2.73123  3.46354  2.40513  3.72494  3.29354  2.67741  2.69355  4.24690  2.90347  2.73739  3.18146  2.89801  2.37887  2.77519  2.98518  4.58477  3.61503
          0.00201  6.60660  7.32894  0.61958  0.77255  0.48576  0.95510
     97   1.76718  6.35669  2.28276  2.63717  5.69956  2.60514  3.52376  3.61298  2.99315  3.47952  5.39792  4.09413  3.00900  3.18439  3.24563  2.23016  2.27955  2.96780  3.79469  5.38106    143 a - - -
          2.68618  4.42225  2.77519  2.73123  3.46354  2.40513  3.72494  3.29354  2.67741  2.69355  4.24690  2.90347  2.73739  3.18146  2.89801  2.37887  2.77519  2.98518  4.58477  3.61503
          0.00201  6.60660  7.32894  0.61958  0.77255  0.48576  0.95510
     98   2.74911  6.36329  1.48967  1.82118  3.70195  2.94634  3.52341  3.61562  2.16898  2.95454  5.40373  3.26815  3.57626  3.90722  2.80768  3.13614  3.26397  4.75437  6.79548  5.38402    144 d - - -
          2.68618  4.42225  2.77519  2.73123  3.46354  2.40513  3.72494  3.29354  2.67741  2.69355  4.24690  2.90347  2.73739  3.18146  2.89801  2.37887  2.77519  2.98518  4.58477  3.61503
          0.00201  6.60660  7.32894  0.61958  0.77255  0.48576  0.95510
     99   1.76736  6.36380  2.82485  2.37501  5.70993  2.35123  3.52339  2.66479  2.63694  4.66953  5.40418  3.26807  5.01755  3.18302  3.24451  1.64522  3.26396  3.50762  6.79585  5.38426    145 s - - -
          2.68618  4.42225  2.77519  2.73123  3.46354  2.40513  3.72494  3.29354  2.67741  2.69355  4.24690  2.90347  2.73739  3.18146  2.89801  2.37887  2.77519  2.98518  4.58477  3.61503
          0.00201  6.60660  7.32894  0.61958  0.77255  0.48576  0.95510
    100   3.99300  5.40763  3.64974  5.12348  3.38736  5.13478  3.61173  3.12114  4.95679  1.28233  2.87710  5.21717  1.28424  2.96862  5.04665  3.36438  3.28728  2.64124  6.02539  4.84334    146 l - - -
          2.68618  4.42225  2.77519  2.73123  3.46354  2.40513  3.72494  3.29354  2.67741  2.69355  4.24690  2.90347  2.73739  3.18146  2.89801  2.37887  2.77519  2.98518  4.58477  3.61503
          0.00201  6.60660  7.32894  0.61958  0.77255  0.48576  0.95510
    101   2.23760  6.35755  2.28272  2.63701  3.70062  4.62561  2.97878  3.61333  2.99293  3.47986  5.39868  4.09377  3.57641  2.47527  1.46432  3.13687  2.51376  3.50520  6.79132  5.38145    147 r - - -
          2.68618  4.42225  2.77519  2.73123  3.46354  2.40513  3.72494  3.29354  2.67741  2.69355  4.24690  2.90347  2.73739  3.18146  2.89801  2.37887  2.77519  2.98518  4.58477  3.61503
          0.00201  6.60660  7.32894  0.61958  0.77255  0.48576  0.95510
    102   2.74920  6.24426  3.29657  3.60773  3.67317  2.94811  1.99038  2.64232  2.39102  3.43365  3.63180  3.28894  3.57956  3.20783  2.81880  3.15238  3.26579  4.60797  2.22043  2.66997    148 h - - -
          2.68132  4.41931  2.77333  2.73125  3.46528  2.40562  3.72435  3.29225  2.67669  2.69529  4.23688  2.90521  2.73740  3.18321  2.89771  2.38061  2.77694  2.98693  4.58100  3.61678
          0.92902  1.02806  1.39692  0.86445  0.54694  0.48576  0.95510
    103   3.77268  5.14877  5.72741  5.11268  3.14412  4.94109  5.27407  2.87202  4.89944  1.72002  1.84823  5.10057  5.30472  2.75015  2.73705  3.14812  4.00484  1.73150  5.77017  2.08024    153 l - - -
          2.68618  4.42225  2.77519  2.73123  3.46354  2.40513  3.72494  3.29354  2.67741  2.69355  4.24690  2.90347  2.73739  3.18146  2.89801  2.37887  2.77519  2.98518  4.58477  3.61503
          0.00267  6.32330  7.04565  0.61958  0.77255  1.98278  0.14813
    104   1.68358  6.03918  3.07978  1.51415  5.33814  4.43958  4.63244  3.35544  3.38839  4.32461  5.09235  3.92766  4.83198  2.56632  3.87209  2.24197  3.05122  2.38561  6.50059  2.82701    154 e - - -
          2.68618  4.42225  2.77519  2.73123  3.46354  2.40513  3.72494  3.29354  2.67741  2.69355  4.24690  2.90347  2.73739  3.18146  2.89801  2.37887  2.77519  2.98518  4.58477  3.61503
          0.00267  6.32330  7.04565  0.61958  0.77255  1.17062  0.37132
    105   2.57933  5.38430  4.90849  3.22593  4.50276  4.82635  5.10176  1.71028  3.20140  2.23021  4.49385  3.32392  5.20123  4.53307  3.29175  3.13832  2.64304  1.23052  5.98214  4.77043    155 v - - -
          2.68618  4.42225  2.77519  2.73123  3.46354  2.40513  3.72494  3.29354  2.67741  2.69355  4.24690  2.90347  2.73739  3.18146  2.89801  2.37887  2.77519  2.98518  4.58477  3.61503
          0.00249  6.39355  7.11590  0.61958  0.77255  1.30709  0.31554
    106   2.09896  6.15854  3.14758  2.24642  1.38608  3.33424  4.69541  4.94068  3.44260  3.31737  5.20701  2.69156  4.89774  3.80195  2.13718  2.60389  3.95098  3.34306  6.60904  5.21624    156 f - - -
          2.68618  4.42225  2.77519  2.73123  3.46354  2.40513  3.72494  3.29354  2.67741  2.69355  4.24690  2.90347  2.73739  3.18146  2.89801  2.37887  2.77519  2.98518  4.58477  3.61503
          0.00241  6.42691  7.14926  0.61958  0.77255  1.19702  0.35967
    107   1.78793  6.24744  3.98720  2.52355  2.96497  3.35543  2.25596  5.07762  2.87924  3.36802  5.28823  3.15566  3.46338  2.65491  2.69497  2.33860  2.40084  4.63780  6.68042  3.53832    157 a - - -
          2.68618  4.42225  2.77519  2.73123  3.46354  2.40513  3.72494  3.29354  2.67741  2.69355  4.24690  2.90347  2.73739  3.18146  2.89801  2.37887  2.77519  2.98518  4.58477  3.61503
          0.00233  6.45919  7.18154  0.61958  0.77255  0.74753  0.64157
    108   3.08922  6.29273  4.03483  2.30942  5.63660  1.64458  4.74634  5.12171  2.57152  2.88719  5.33371  2.75701  4.95262  2.40893  3.17903  2.67040  1.86440  2.90207  6.72612  5.31592    158 g - - -
          2.68618  4.42225  2.77519  2.73123  3.46354  2.40513  3.72494  3.29354  2.67741  2.69355  4.24690  2.90347  2.73739  3.18146  2.89801  2.37887  2.77519  2.98518  4.58477  3.61503
          0.00219  6.52078  7.24313  0.61958  0.77255  0.44191  1.02948
    109   2.21149  6.09481  3.30618  3.04625  3.61748  3.46082  4.87605  4.76871  2.66291  1.06724  3.58244  4.19525  5.06524  2.05269  4.13438  2.73489  4.08370  3.38277  6.58906  5.24413    159 l - - -
          2.68618  4.42225  2.77519  2.73123  3.46354  2.40513  3.72494  3.29354  2.67741  2.69355  4.24690  2.90347  2.73739  3.18146  2.89801  2.37887  2.77519  2.98518  4.58477  3.61503
          0.00207  6.57880  7.30115  0.61958  0.77255  0.81173  0.58714
    110   1.72215  3.64735  2.91193  4.13907  4.82899  3.49455  5.11145  2.48834  3.23891  2.42771  1.66266  4.56718  3.57835  2.85696  2.87011  4.10380  2.79298  3.17767  6.25797  5.01334    160 m - - -
          2.68618  4.42225  2.77519  2.73123  3.46354  2.40513  3.72494  3.29354  2.67741  2.69355  4.24690  2.90347  2.73739  3.18146  2.89801  2.37887  2.77519  2.98518  4.58477  3.61503
          0.00207  6.57880  7.30115  0.61958  0.77255  0.32537  1.28107
    111   2.45867  6.13926  2.85330  3.05977  5.39672  2.14496  4.88857  2.62072  3.05748  2.89407  2.00289  3.30989  5.07967  3.23283  4.14342  3.16868  1.92432  2.57653  6.62827  5.27738    161 t - - -
          2.68618  4.42225  2.77519  2.73123  3.46354  2.40513  3.72494  3.29354  2.67741  2.69355  4.24690  2.90347  2.73739  3.18146  2.89801  2.37887  2.77519  2.98518  4.58477  3.61503
          0.00201  6.60660  7.32894  0.61958  0.77255  0.48576  0.95510
    112   2.46065  6.32249  3.27974  3.56498  3.69209  4.63543  4.82471  5.12369  3.56671  2.94402  5.36811  3.27523  1.25604  1.65590  3.25154  2.23111  3.26483  4.70375  6.76616  5.36616    162 p - - -
          2.68618  4.42225  2.77519  2.73123  3.46354  2.40513  3.72494  3.29354  2.67741  2.69355  4.24690  2.90347  2.73739  3.18146  2.89801  2.37887  2.77519  2.98518  4.58477  3.61503
          0.00201  6.60660  7.32894  0.61958  0.77255  0.48576  0.95510
    113   2.04789  6.05315  1.67649  2.42247  5.28269  4.72124  4.92790  4.69441  3.73751  2.30054  1.71805  4.26038  5.11095  2.81025  4.19761  3.18451  3.26978  2.55645  6.56211  5.23402    163 d - - -
          2.68618  4.42225  2.77519  2.73123  3.46354  2.40513  3.72494  3.29354  2.67741  2.69355  4.24690  2.90347  2.73739  3.18146  2.89801  2.37887  2.77519  2.98518  4.58477  3.61503
          0.00201  6.60660  7.32894  0.61958  0.77255  0.48576  0.95510
    114   3.15532  6.36356  4.09862  2.37505  5.70958  3.46823  4.81109  5.19621  2.16895  4.66925  3.65511  2.28123  3.57626  2.24868  2.50462  2.73628  1.56486  2.96946  6.79568  5.38416    164 t - - -
          2.68618  4.42225  2.77519  2.73123  3.46354  2.40513  3.72494  3.29354  2.67741  2.69355  4.24690  2.90347  2.73739  3.18146  2.89801  2.37887  2.77519  2.98518  4.58477  3.61503
          0.00201  6.60660  7.32894  0.61958  0.77255  0.48576  0.95510
    115   3.93403  5.68759  3.48211  4.19493  2.59626  3.51888  3.57574  3.28933  3.27330  2.03141  3.48976  2.11328  5.28048  4.46189  2.89593  2.25700  2.06788  2.45868  6.26501  2.97693    165 l - - -
          2.68618  4.42225  2.77519  2.73123  3.46354  2.40513  3.72494  3.29354  2.67741  2.69355  4.24690  2.90347  2.73739  3.18146  2.89801  2.37887  2.77519  2.98518  4.58477  3.61503
          0.00201  6.60660  7.32894  0.61958  0.77255  0.48576  0.95510
    116   2.74914  6.31668  4.12295  3.00289  3.69099  2.14815  4.82541  3.59673  2.17325  2.94277  5.36262  2.28294  5.02916  3.19238  2.08509  2.73974  2.08898  2.95789  6.76148  5.36287    166 r - - -
          2.68618  4.42225  2.77519  2.73123  3.46354  2.40513  3.72494  3.29354  2.67741  2.69355  4.24690  2.90347  2.73739  3.18146  2.89801  2.37887  2.77519  2.98518  4.58477  3.61503
          0.00201  6.60660  7.32894  0.61958  0.77255  0.48576  0.95510
    117   2.46101  6.35844  3.27241  3.54561  5.70207  4.62557  4.81274  5.18700  2.16940  3.48016  3.65413  1.29806  5.01900  2.76812  1.92565  2.73668  2.82015  3.50551  6.79197  5.38192    167 n - - -
          2.68618  4.42225  2.77519  2.73123  3.46354  2.40513  3.72494  3.29354  2.67741  2.69355  4.24690  2.90347  2.73739  3.18146  2.89801  2.37887  2.77519  2.98518  4.58477  3.61503
          0.00201  6.60660  7.32894  0.61958  0.77255  0.48576  0.95510
    118   2.23755  6.35472  2.82587  2.99231  5.69670  3.46868  4.81370  2.66316  1.54215  2.95241  5.39619  2.51629  5.01972  3.18478  3.07793  3.13723  2.27951  2.96732  6.78926  3.65064    168 k - - -
          2.68618  4.42225  2.77519  2.73123  3.46354  2.40513  3.72494  3.29354  2.67741  2.69355  4.24690  2.90347  2.73739  3.18146  2.89801  2.37887  2.77519  2.98518  4.58477  3.61503
          0.00201  6.60660  7.32894  0.61958  0.77255  0.48576  0.95510
    119   2.46090  6.34727  2.51849  1.85190  2.69540  3.46907  4.81594  3.60919  1.99876  2.95054  5.38962  4.09817  5.02153  3.18624  2.80909  2.73746  2.27937  4.73443  3.79398  3.64980    169 e - - -
          2.68618  4.42225  2.77519  2.73123  3.46354  2.40513  3.72494  3.29354  2.67741  2.69355  4.24690  2.90347  2.73739  3.18146  2.89801  2.37887  2.77519  2.98518  4.58477  3.61503
          0.00201  6.60660  7.32894  0.61958  0.77255  0.48576  0.95510
    120   2.04704  6.01479  3.35700  2.71239  5.23357  4.73417  4.94319  2.17661  2.42676  1.44367  3.58030  3.33845  2.64351  4.11041  3.31247  3.94128  3.26999  4.33563  3.76472  3.60586    170 l - - -
          2.68618  4.42225  2.77519  2.73123  3.46354  2.40513  3.72494  3.29354  2.67741  2.69355  4.24690  2.90347  2.73739  3.18146  2.89801  2.37887  2.77519  2.98518  4.58477  3.61503
          0.00201  6.60660  7.32894  0.61958  0.77255  0.48576  0.95510
    121   2.75016  2.63352  5.31510  4.73299  4.59456  2.96622  3.60036  3.17065  2.90296  1.29720  2.29962  3.52734  5.42674  3.49894  4.85141  3.33311  2.05798  3.07385  6.09414  4.89637    171 l - - -
          2.68618  4.42225  2.77519  2.73123  3.46354  2.40513  3.72494  3.29354  2.67741  2.69355  4.24690  2.90347  2.73739  3.18146  2.89801  2.37887  2.77519  2.98518  4.58477  3.61503
          0.00201  6.60660  7.32894  0.61958  0.77255  0.48576  0.95510
    122   2.74911  6.36077  2.82519  2.37540  2.69689  2.94637  4.81192  5.19124  1.41699  2.61050  5.40152  2.51596  5.01829  3.18361  2.50478  3.81338  3.26401  2.96878  6.79366  5.38291    172 k - - -
          2.68618  4.42225  2.77519  2.73123  3.46354  2.40513  3.72494  3.29354  2.67741  2.69355  4.24690  2.90347  2.73739  3.18146  2.89801  2.37887  2.77519  2.98518  4.58477  3.61503
          0.00201  6.60660  7.32894  0.61958  0.77255  0.48576  0.95510
    123   3.19205  5.37809  5.95481  3.58998  3.37411  5.17007  5.50315  1.70478  5.12751  1.27626  2.27925  2.98663  5.53381  3.57571  5.13947  4.48093  3.28878  1.81087  5.99998  4.82379    173 l - - -
          2.68618  4.42225  2.77519  2.73123  3.46354  2.40513  3.72494  3.29354  2.67741  2.69355  4.24690  2.90347  2.73739  3.18146  2.89801  2.37887  2.77519  2.98518  4.58477  3.61503
          0.00201  6.60660  7.32894  0.61958  0.77255  0.48576  0.95510
    124   2.05468  6.33655  2.51927  2.64079  3.69571  2.94672  1.84671  3.02465  2.99838  3.47152  5.38017  4.10284  3.57697  2.77063  2.50611  3.82049  3.26436  3.49699  6.77602  2.67663    174 h - - -
          2.68618  4.42225  2.77519  2.73123  3.46354  2.40513  3.72494  3.29354  2.67741  2.69355  4.24690  2.90347  2.73739  3.18146  2.89801  2.37887  2.77519  2.98518  4.58477  3.61503
          0.00201  6.60660  7.32894  0.61958  0.77255  0.48576  0.95510
    125   3.15600  6.36664  2.09182  1.99681  5.71303  3.46819  3.52343  5.20004  0.99223  4.67248  5.40700  3.26816  5.01900  3.18350  4.04019  2.73647  3.26453  4.75800  6.79849  3.65163    175 k - - -
          2.68618  4.42225  2.77519  2.73123  3.46354  2.40513  3.72494  3.29354  2.67741  2.69355  4.24690  2.90347  2.73739  3.18146  2.89801  2.37887  2.77519  2.98518  4.58477  3.61503
          0.00201  6.60660  7.32894  0.61958  0.77255  0.48576  0.95510
    126   2.74920  6.35721  2.13167  1.39729  5.69997  3.46859  4.81376  3.61290  3.54944  3.47952  5.39849  3.26933  3.00891  2.24902  4.04190  3.81521  1.93051  4.74661  6.79126  3.05040    176 e - - -
          2.68618  4.42225  2.77519  2.73123  3.46354  2.40513  3.72494  3.29354  2.67741  2.69355  4.24690  2.90347  2.73739  3.18146  2.89801  2.37887  2.77519  2.98518  4.58477  3.61503
          0.00201  6.60660  7.32894  0.61958  0.77255  0.48576  0.95510
    127   4.01426  5.38617  5.99205  5.37618  2.27511  2.60173  5.52145  1.83632  5.15843  2.12255  1.25415  5.35345  3.62152  5.28664  5.16185  3.38214  4.24650  2.13576  6.00995  4.83477    177 m - - -
          2.68618  4.42225  2.77519  2.73123  3.46354  2.40513  3.72494  3.29354  2.67741  2.69355  4.24690  2.90347  2.73739  3.18146  2.89801  2.37887  2.77519  2.98518  4.58477  3.61503
          0.00201  6.60660  7.32894  0.61958  0.77255  0.48576  0.95510
    128   2.04821  3.72948  3.34425  3.09075  5.28947  3.48667  4.92315  2.94875  1.25885  1.80150  5.13061  4.25474  5.10705  4.07860  3.30243  3.18274  3.26913  2.88630  6.56534  5.23561    178 k - - -
          2.68618  4.42225  2.77519  2.73123  3.46354  2.40513  3.72494  3.29354  2.67741  2.69355  4.24690  2.90347  2.73739  3.18146  2.89801  2.37887  2.77519  2.98518  4.58477  3.61503
          0.00201  6.60660  7.32894  0.61958  0.77255  0.48576  0.95510
    129   2.46106  6.36424  2.09234  1.33221  5.71057  3.46819  3.52336  5.19743  1.99758  3.48248  3.65524  3.26800  5.01744  2.76743  3.24444  3.81235  2.82017  4.75555  3.79525  5.38445    179 e - - -
          2.68618  4.42225  2.77519  2.73123  3.46354  2.40513  3.72494  3.29354  2.67741  2.69355  4.24690  2.90347  2.73739  3.18146  2.89801  2.37887  2.77519  2.98518  4.58477  3.61503
          0.00201  6.60660  7.32894  0.61958  0.77255  0.48576  0.95510
    130   2.75037  5.38057  3.67045  5.31217  3.37541  5.16494  5.49647  1.21877  2.59775  1.95118  2.53206  5.31462  3.62075  5.24408  3.55000  4.47455  4.23201  2.35435  2.64715  4.82490    180 i - - -
          2.68618  4.42225  2.77519  2.73123  3.46354  2.40513  3.72494  3.29354  2.67741  2.69355  4.24690  2.90347  2.73739  3.18146  2.89801  2.37887  2.77519  2.98518  4.58477  3.61503
          0.00201  6.60660  7.32894  0.61958  0.77255  0.48576  0.95510
    131   1.28081  6.33925  2.28355  2.64038  5.67413  4.63054  4.81877  3.60582  2.99791  4.64019  5.38262  3.27220  3.57690  3.91845  4.04863  2.73811  1.56406  3.49796  6.77810  3.64883    181 a - - -
          2.68618  4.42225  2.77519  2.73123  3.46354  2.40513  3.72494  3.29354  2.67741  2.69355  4.24690  2.90347  2.73739  3.18146  2.89801  2.37887  2.77519  2.98518  4.58477  3.61503
          0.00201  6.60660  7.32894  0.61958  0.77255  0.48576  0.95510
    132   3.27574  6.28462  2.83407  1.61348  5.59626  2.14762  4.83572  3.01165  3.01250  2.34318  3.63994  2.83022  5.03745  2.77690  4.07147  2.67091  4.08869  3.47624  2.72608  3.64246    182 e - - -
          2.68618  4.42225  2.77519  2.73123  3.46354  2.40513  3.72494  3.29354  2.67741  2.69355  4.24690  2.90347  2.73739  3.18146  2.89801  2.37887  2.77519  2.98518  4.58477  3.61503
          0.02986  6.60660  3.57314  0.61958  0.77255  0.48576  0.95510
    133   3.13370  6.34289  2.80318  1.48721  5.68934  3.44659  3.50176  5.17629  2.35413  3.46099  3.63370  2.49416  3.55464  2.22705  2.78599  2.71461  3.24236  4.73427  6.77475  3.02955    183 e - - -
          2.68618  4.42225  2.77519  2.73123  3.46354  2.40513  3.72494  3.29354  2.67741  2.69355  4.24690  2.90347  2.73739  3.18146  2.89801  2.37887  2.77519  2.98518  4.58477  3.61503
          0.00207  6.57880  7.30115  0.61958  0.77255  0.81173  0.58714
    134   2.03330  6.32603  2.26160  2.61718  5.66481  3.44744  4.79423  3.58773  2.78022  2.12888  3.63053  2.35786  3.55507  1.97112  4.02313  3.79559  2.63355  3.47973  6.76251  5.35538    184 q - - -
          2.68618  4.42225  2.77519  2.73123  3.46354  2.40513  3.72494  3.29354  2.67741  2.69355  4.24690  2.90347  2.73739  3.18146  2.89801  2.37887  2.77519  2.98518  4.58477  3.61503
          0.03072  6.57880  3.54534  0.61958  0.77255  0.81173  0.58714
    135   1.72346  6.31096  2.78220  2.94866  5.65290  3.42501  4.77005  2.27689  2.95000  3.43503  5.35244  2.47262  2.96532  3.14112  2.76477  3.09357  2.23584  2.67917  6.74552  5.33646    185 a - - -
          2.68618  4.42225  2.77519  2.73123  3.46354  2.40513  3.72494  3.29354  2.67741  2.69355  4.24690  2.90347  2.73739  3.18146  2.89801  2.37887  2.77519  2.98518  4.58477  3.61503
          0.00213  6.55021  7.27256  0.61958  0.77255  1.05717  0.42685
    136   2.70542  6.29679  3.23222  2.12684  3.65294  1.97158  4.77430  2.98192  2.45747  3.42939  5.33995  2.78121  2.96526  3.87374  2.76600  2.99132  2.61138  2.31672  6.73520  5.33004    186 g - - -
          2.68618  4.42225  2.77519  2.73123  3.46354  2.40513  3.72494  3.29354  2.67741  2.69355  4.24690  2.90347  2.73739  3.18146  2.89801  2.37887  2.77519  2.98518  4.58477  3.61503
          0.06201  6.55021  2.83537  0.61958  0.77255  1.05717  0.42685
    137   2.14797  3.67714  4.01880  2.08067  5.59478  3.37976  4.72749  3.51917  2.28859  4.55906  5.29938  4.00995  2.72343  3.82615  2.29309  2.40508  1.56382  4.64359  6.69378  5.28724    187 t - - -
          2.68618  4.42225  2.77519  2.73123  3.46354  2.40513  3.72494  3.29354  2.67741  2.69355  4.24690  2.90347  2.73739  3.18146  2.89801  2.37887  2.77519  2.98518  4.58477  3.61503
          0.03360  6.49046  3.45700  0.61958  0.77255  1.41852  0.27717
    138   2.75413  6.24831  2.71218  2.87759  5.59329  1.87635  4.69878  3.50186  2.05621  3.36837  3.54174  2.40297  4.17468  3.33075  2.69490  2.62348  2.27694  3.39369  6.68106  5.27016    188 g - - -
          2.68618  4.42225  2.77519  2.73123  3.46354  2.40513  3.72494  3.29354  2.67741  2.69355  4.24690  2.90347  2.73739  3.18146  2.89801  2.37887  2.77519  2.98518  4.58477  3.61503
          0.00233  6.45919  7.18154  0.61958  0.77255  1.55970  0.23598
    139   2.63617  6.25111  2.16946  2.26204  5.59734  2.46059  2.86575  5.08414  2.39943  2.84178  5.29146  2.40283  3.94406  2.65452  3.92525  3.05080  2.40091  2.85664  6.68309  5.27143    189 d - - -
          2.68618  4.42225  2.77519  2.73123  3.46354  2.40513  3.72494  3.29354  2.67741  2.69355  4.24690  2.90347  2.73739  3.18146  2.89801  2.37887  2.77519  2.98518  4.58477  3.61503
          0.10272  6.45919  2.34283  0.61958  0.77255  1.55970  0.23598
    140   2.11937  6.17719  2.32985  2.07885  5.52364  2.35550  4.62347  5.01059  2.44946  3.72225  5.21749  3.08058  2.82163  2.99552  2.31719  2.26399  3.01637  4.56857  6.60904  5.19726    190 e - - -
          2.68618  4.42225  2.77519  2.73123  3.46354  2.40513  3.72494  3.29354  2.67741  2.69355  4.24690  2.90347  2.73739  3.18146  2.89801  2.37887  2.77519  2.98518  4.58477  3.61503
          0.15434  6.35905  1.95698  0.61958  0.77255  1.89259  0.16332
    141   2.20588  5.49481  4.26746  3.46580  2.66972  2.65035  4.75773  1.93850  2.65789  2.91605  4.58837  2.78060  3.80214  3.03385  3.06429  3.75231  2.90561  1.92658  6.05289  4.78632    191 v - - -
          2.68618  4.42225  2.77519  2.73123  3.46354  2.40513  3.72494  3.29354  2.67741  2.69355  4.24690  2.90347  2.73739  3.18146  2.89801  2.37887  2.77519  2.98518  4.58477  3.61503
          0.18198  6.20771  1.80564  0.61958  0.77255  2.21289  0.11584
    142   2.73801  5.94826  2.09749  1.84741  5.29367  3.17088  4.39643  3.19643  3.13166  4.25371  4.98897  2.25557  2.58958  2.51342  3.62480  2.89837  2.09493  4.33911  6.38069  4.96918    192 e - - -
          2.68657  4.42594  2.77663  2.73190  3.45826  2.40522  3.72630  3.29420  2.67946  2.69308  4.24665  2.90590  2.73366  3.17921  2.90170  2.37905  2.77357  2.98331  4.58295  3.61454
          1.79340  0.18340  6.75165  1.34224  0.30281  0.05519  2.92444
    143   2.23710  6.32666  3.27874  3.00006  5.65613  2.94686  4.82227  3.02222  2.38031  2.60400  2.47369  3.56355  5.02663  2.77179  1.92610  2.73899  3.14726  2.47829  6.76880  5.36744    201 r - - -
          2.68618  4.42225  2.77519  2.73123  3.46354  2.40513  3.72494  3.29354  2.67741  2.69355  4.24690  2.90347  2.73739  3.18146  2.89801  2.37887  2.77519  2.98518  4.58477  3.61503
          0.00201  6.60660  7.32894  0.61958  0.77255  0.48576  0.95510
    144   2.46077  6.33442  3.27716  2.99789  5.66729  4.63152  3.52496  3.60399  3.55944  4.63449  3.64963  1.79453  5.02470  2.77088  2.50623  2.73841  1.67176  2.35948  6.77447  3.64832    202 t - - -
          2.68618  4.42225  2.77519  2.73123  3.46354  2.40513  3.72494  3.29354  2.67741  2.69355  4.24690  2.90347  2.73739  3.18146  2.89801  2.37887  2.77519  2.98518  4.58477  3.61503
          0.00201  6.60660  7.32894  0.61958  0.77255  0.48576  0.95510
    145   2.75046  5.37517  5.97450  5.35851  2.27584  3.55854  5.50609  1.58622  5.14131  1.94949  2.53079  5.33744  5.53563  3.57745  3.55335  4.48372  2.81157  1.56444  5.99718  4.82143    203 v - - -
          2.68618  4.42225  2.77519  2.73123  3.46354  2.40513  3.72494  3.29354  2.67741  2.69355  4.24690  2.90347  2.73739  3.18146  2.89801  2.37887  2.77519  2.98518  4.58477  3.61503
          0.00201  6.60660  7.32894  0.61958  0.77255  0.48576  0.95510
    146   2.74918  6.36505  1.79492  1.45644  5.71148  2.94626  4.81127  3.61609  2.63696  4.67091  5.40536  2.82272  5.01781  1.84665  3.24458  3.13617  3.26411  4.75642  6.79691  5.38509    204 e - - -
          2.68618  4.42225  2.77519  2.73123  3.46354  2.40513  3.72494  3.29354  2.67741  2.69355  4.24690  2.90347  2.73739  3.18146  2.89801  2.37887  2.77519  2.98518  4.58477  3.61503
          0.00201  6.60660  7.32894  0.61958  0.77255  0.48576  0.95510
    147   2.74933  6.36621  2.09194  2.16812  5.71264  2.94614  4.81218  5.19963  1.72370  4.67206  5.40655  1.56529  5.01867  2.76756  2.80773  3.13652  4.08336  3.50806  6.79803  5.38616    205 n - - -
          2.68618  4.42225  2.77519  2.73123  3.46354  2.40513  3.72494  3.29354  2.67741  2.69355  4.24690  2.90347  2.73739  3.18146  2.89801  2.37887  2.77519  2.98518  4.58477  3.61503
          0.02986  6.60660  3.57314  0.61958  0.77255  0.48576  0.95510
    148   1.47509  3.57279  5.94998  5.33403  2.83995  5.14830  5.48226  1.68140  3.52909  1.92647  3.35883  5.31340  3.59809  5.24666  3.53016  3.35524  4.21033  2.11432  5.97366  3.45508    206 a - - -
          2.68618  4.42225  2.77519  2.73123  3.46354  2.40513  3.72494  3.29354  2.67741  2.69355  4.24690  2.90347  2.73739  3.18146  2.89801  2.37887  2.77519  2.98518  4.58477  3.61503
          0.03072  6.57880  3.54534  0.61958  0.77255  0.81173  0.58714
    149   2.41737  6.31743  2.78149  2.59272  5.66232  2.90270  3.47987  5.14816  2.12551  4.62263  3.61099  3.22484  4.97453  3.86453  2.76421  3.09275  1.52113  2.31989  6.75022  3.60770    207 t - - -
          2.68618  4.42225  2.77519  2.73123  3.46354  2.40513  3.72494  3.29354  2.67741  2.69355  4.24690  2.90347  2.73739  3.18146  2.89801  2.37887  2.77519  2.98518  4.58477  3.61503
          0.06201  6.55021  2.83537  0.61958  0.77255  1.05717  0.42685
    150   1.66812  3.63979  4.20031  2.11158  4.53311  2.86062  4.82966  2.65299  2.99368  4.22991  3.50158  2.44474  5.01416  2.71739  4.09666  3.09096  2.72775  2.17461  6.47964  5.14828    208 a - - -
          2.68618  4.42225  2.77519  2.73123  3.46354  2.40513  3.72494  3.29354  2.67741  2.69355  4.24690  2.90347  2.73739  3.18146  2.89801  2.37887  2.77519  2.98518  4.58477  3.61503
          0.41690  6.49046  1.08059  0.61958  0.77255  1.41852  0.27717
    151   2.07407  5.98191  2.43638  1.33533  5.32693  4.24178  4.43056  4.81314  2.25175  3.09515  5.02277  3.70907  3.18894  2.79830  3.65920  3.43239  2.12653  4.37256  6.41446  5.00306    209 e - - -
          2.68618  4.42225  2.77519  2.73123  3.46354  2.40513  3.72494  3.29354  2.67741  2.69355  4.24690  2.90347  2.73739  3.18146  2.89801  2.37887  2.77519  2.98518  4.58477  3.61503
          0.05125  6.07698  3.04352  0.61958  0.77255  2.39983  0.09512
    152   2.73782  5.02202  4.93668  3.03079  2.44282  4.62252  4.92108  3.47317  2.99974  1.52783  4.13614  4.58138  4.99282  3.06082  4.43857  3.90488  2.36408  2.22064  1.92992  4.43708    210 l - - -
          2.68618  4.42225  2.77519  2.73123  3.46354  2.40513  3.72494  3.29354  2.67741  2.69355  4.24690  2.90347  2.73739  3.18146  2.89801  2.37887  2.77519  2.98518  4.58477  3.61503
          0.05382  6.02931  2.99585  0.61958  0.77255  2.45511  0.08976
    153   2.00909  5.89128  1.64112  2.54418  5.22771  4.17831  4.36636  3.15538  2.54533  4.19286  4.93428  3.64917  4.57166  3.46555  1.82123  2.68735  2.81272  3.04753  6.32918  4.92356    211 d - - -
          2.67228  4.41969  2.77673  2.73062  3.46423  2.41034  3.72245  3.29440  2.67580  2.68394  4.23882  2.90773  2.74362  3.18411  2.89019  2.38545  2.78122  2.98552  4.57976  3.61812
          1.28158  0.32688  6.70160  2.66211  0.07236  0.05230  2.97683
    154   3.19080  5.41545  3.64608  5.09802  1.14188  5.13286  3.00035  3.12527  4.93688  1.46207  4.53243  5.20431  5.49929  2.60090  5.03663  4.43199  2.81237  3.66529  6.02849  2.75724    262 f - - -
          2.68618  4.42225  2.77519  2.73123  3.46354  2.40513  3.72494  3.29354  2.67741  2.69355  4.24690  2.90347  2.73739  3.18146  2.89801  2.37887  2.77519  2.98518  4.58477  3.61503
          0.00201  6.60660  7.32894  0.61958  0.77255  0.48576  0.95510
    155   3.92854  5.71929  2.93116  2.25866  3.51230  4.88016  5.12343  3.30717  2.25314  1.51988  2.44439  4.57198  5.26158  4.41589  2.55482  3.25860  2.81552  2.35842  6.29151  3.55493    263 l - - -
          2.68618  4.42225  2.77519  2.73123  3.46354  2.40513  3.72494  3.29354  2.67741  2.69355  4.24690  2.90347  2.73739  3.18146  2.89801  2.37887  2.77519  2.98518  4.58477  3.61503
          0.00201  6.60660  7.32894  0.61958  0.77255  0.48576  0.95510
    156   3.15984  6.35401  4.11994  2.64205  5.69309  1.01562  4.82454  5.17267  1.99714  3.47557  5.39710  4.10949  5.03194  3.92352  2.08164  2.57036  3.26737  4.74161  6.78959  3.64890    264 g - - -
          2.68618  4.42225  2.77519  2.73123  3.46354  2.40513  3.72494  3.29354  2.67741  2.69355  4.24690  2.90347  2.73739  3.18146  2.89801  2.37887  2.77519  2.98518  4.58477  3.61503
          0.00201  6.60660  7.32894  0.61958  0.77255  0.48576  0.95510
    157   2.74912  6.35946  1.93279  2.99106  5.70359  3.46844  4.81233  3.03021  2.99246  2.95358  3.05247  2.82319  5.01863  3.18388  2.08413  1.44519  4.08221  4.74959  6.79271  5.38233    265 s - - -
          2.68618  4.42225  2.77519  2.73123  3.46354  2.40513  3.72494  3.29354  2.67741  2.69355  4.24690  2.90347  2.73739  3.18146  2.89801  2.37887  2.77519  2.98518  4.58477  3.61503
          0.00201  6.60660  7.32894  0.61958  0.77255  0.48576  0.95510
    158   1.60749  6.17403  2.09919  2.18845  3.65491  4.67773  3.53449  3.53560  3.64934  4.44643  5.23547  4.18353  1.77767  4.00379  4.12495  2.54858  3.04296  3.42984  6.65487  3.03455    266 a - - -
          2.68618  4.42225  2.77519  2.73123  3.46354  2.40513  3.72494  3.29354  2.67741  2.69355  4.24690  2.90347  2.73739  3.18146  2.89801  2.37887  2.77519  2.98518  4.58477  3.61503
          0.02986  6.60660  3.57314  0.61958  0.77255  0.48576  0.95510
    159   2.13071  6.33363  2.26124  3.52540  5.67584  2.58354  4.79196  3.59080  2.35523  2.58786  3.63196  2.80197  4.99801  3.16308  2.48348  2.20861  2.14818  4.72274  6.76803  5.35881    267 a - - -
          2.68618  4.42225  2.77519  2.73123  3.46354  2.40513  3.72494  3.29354  2.67741  2.69355  4.24690  2.90347  2.73739  3.18146  2.89801  2.37887  2.77519  2.98518  4.58477  3.61503
          0.00207  6.57880  7.30115  0.61958  0.77255  0.81173  0.58714
    160   2.21588  6.34975  1.62576  1.72781  5.69599  2.32840  4.79489  5.18312  2.35494  3.46176  5.39025  2.49347  3.55444  2.74645  4.02352  3.11650  4.06665  4.74105  6.78158  5.36937    268 d - - -
          2.68618  4.42225  2.77519  2.73123  3.46354  2.40513  3.72494  3.29354  2.67741  2.69355  4.24690  2.90347  2.73739  3.18146  2.89801  2.37887  2.77519  2.98518  4.58477  3.61503
          0.03072  6.57880  3.54534  0.61958  0.77255  0.81173  0.58714
    161   3.11520  6.16838  4.14165  1.96538  5.45154  4.62289  3.48814  3.50826  2.99000  1.48524  2.80831  4.11994  5.01456  2.44317  2.04340  2.70440  4.05255  4.52530  6.63992  2.99398    269 l - - -
          2.68618  4.42225  2.77519  2.73123  3.46354  2.40513  3.72494  3.29354  2.67741  2.69355  4.24690  2.90347  2.73739  3.18146  2.89801  2.37887  2.77519  2.98518  4.58477  3.61503
          0.00213  6.55021  7.27256  0.61958  0.77255  1.05717  0.42685
    162   3.08956  6.27161  3.21015  2.31204  3.62973  3.40326  3.45847  5.08456  2.93173  1.91447  1.95191  4.03595  2.10975  3.12180  2.74364  3.07312  3.19804  4.65651  6.71072  3.58243    270 l - - -
          2.68618  4.42225  2.77519  2.73123  3.46354  2.40513  3.72494  3.29354  2.67741  2.69355  4.24690  2.90347  2.73739  3.18146  2.89801  2.37887  2.77519  2.98518  4.58477  3.61503
          0.00219  6.52078  7.24313  0.61958  0.77255  1.05717  0.42685
    163   2.27693  6.29859  1.44463  2.21151  5.64503  2.88005  4.74485  5.13199  2.92509  4.60446  5.33890  2.44949  3.51000  3.41462  2.20611  2.67002  3.19782  4.68997  6.73045  3.58550    271 d - - -
          2.68618  4.42225  2.77519  2.73123  3.46354  2.40513  3.72494  3.29354  2.67741  2.69355  4.24690  2.90347  2.73739  3.18146  2.89801  2.37887  2.77519  2.98518  4.58477  3.61503
          0.03258  6.52078  3.48732  0.61958  0.77255  1.05717  0.42685
    164   2.14837  6.27397  2.42802  1.41952  5.61986  4.53487  4.72184  3.52631  2.40863  2.52167  4.09847  3.17884  3.48695  3.09381  2.41533  3.04683  3.17466  4.66505  6.70616  5.29471    272 e - - -
          2.68618  4.42225  2.77519  2.73123  3.46354  2.40513  3.72494  3.29354  2.67741  2.69355  4.24690  2.90347  2.73739  3.18146  2.89801  2.37887  2.77519  2.98518  4.58477  3.61503
          0.00226  6.49046  7.21281  0.61958  0.77255  1.25407  0.33595
    165   2.14130  5.96065  4.21099  3.00273  3.22265  3.39646  4.83543  2.41760  2.78506  2.58473  5.03388  2.76561  3.49515  2.71941  3.21325  2.37713  3.17856  2.08358  6.46945  3.18337    273 v - - -
          2.68618  4.42225  2.77519  2.73123  3.46354  2.40513  3.72494  3.29354  2.67741  2.69355  4.24690  2.90347  2.73739  3.18146  2.89801  2.37887  2.77519  2.98518  4.58477  3.61503
          0.00226  6.49046  7.21281  0.61958  0.77255  1.25407  0.33595
    166   1.81113  6.27717  3.18141  2.28569  5.62264  1.31704  4.72538  5.10904  2.90406  2.86477  5.31786  3.17928  2.55919  3.82172  3.15656  2.64744  3.99640  4.66805  6.70957  5.29811    274 g - - -
          2.68618  4.42225  2.77519  2.73123  3.46354  2.40513  3.72494  3.29354  2.67741  2.69355  4.24690  2.90347  2.73739  3.18146  2.89801  2.37887  2.77519  2.98518  4.58477  3.61503
          0.00226  6.49046  7.21281  0.61958  0.77255  1.25407  0.33595
    167   3.06735  6.20730  1.58498  2.55873  5.52388  4.55230  4.74262  2.92504  2.91974  3.36580  5.25557  4.03165  3.48848  3.84894  2.41877  1.80641  3.99845  1.89177  6.65742  5.26435    275 d - - -
          2.68618  4.42225  2.77519  2.73123  3.46354  2.40513  3.72494  3.29354  2.67741  2.69355  4.24690  2.90347  2.73739  3.18146  2.89801  2.37887  2.77519  2.98518  4.58477  3.61503
          0.03360  6.49046  3.45700  0.61958  0.77255  1.25407  0.33595
    168   1.74700  3.60677  2.66286  2.00631  5.54843  2.44320  4.64896  5.03525  2.21382  2.79280  5.24250  3.10607  3.41429  3.02101  3.08251  2.55614  3.10201  4.59344  6.63412  5.22244    276 a - - -
          2.68618  4.42225  2.77519  2.73123  3.46354  2.40513  3.72494  3.29354  2.67741  2.69355  4.24690  2.90347  2.73739  3.18146  2.89801  2.37887  2.77519  2.98518  4.58477  3.61503
          0.03708  6.39355  3.36009  0.61958  0.77255  1.41852  0.27717
    169   2.96879  6.11076  1.90661  2.19562  3.49871  4.45305  3.33900  2.82728  2.19590  3.26829  3.45477  3.93197  3.39006  2.29190  3.87735  3.64420  3.89949  4.48649  6.56031  2.00299    277 d - - -
          2.68618  4.42225  2.77519  2.73123  3.46354  2.40513  3.72494  3.29354  2.67741  2.69355  4.24690  2.90347  2.73739  3.18146  2.89801  2.37887  2.77519  2.98518  4.58477  3.61503
          0.00257  6.35904  7.08139  0.61958  0.77255  1.55970  0.23598
    170   2.56112  6.08606  1.54502  1.48075  5.39295  2.41640  4.65317  3.39011  3.40511  4.37503  3.44920  3.94519  4.85389  3.76352  3.07197  2.96062  3.90337  2.41574  6.54262  5.15598    278 e - - -
          2.68192  4.42377  2.77491  2.73102  3.46326  2.40665  3.72647  3.29506  2.67811  2.69257  4.24842  2.90396  2.73892  3.18298  2.89850  2.37917  2.77400  2.98447  4.58078  3.61446
          0.91493  0.70667  2.24268  0.65608  0.73165  0.50219  0.92938
    171   2.11803  6.11749  3.09530  2.81825  5.43780  4.45130  4.64111  2.82903  2.81886  2.15870  5.16473  3.09002  4.84416  3.00681  2.62503  2.80272  1.60385  3.29673  6.56529  3.45705    281 t - - -
          2.68618  4.42225  2.77519  2.73123  3.46354  2.40513  3.72494  3.29354  2.67741  2.69355  4.24690  2.90347  2.73739  3.18146  2.89801  2.37887  2.77519  2.98518  4.58477  3.61503
          0.00257  6.35904  7.08139  0.61958  0.77255  1.55970  0.23598
    172   2.27367  6.17754  2.63728  1.59765  5.52398  3.28078  4.62379  5.01092  2.07958  3.29522  5.21785  3.54895  2.82155  1.87689  2.62020  3.12773  3.89481  4.56891  6.60939  5.19760    282 e - - -
          2.68618  4.42225  2.77519  2.73123  3.46354  2.40513  3.72494  3.29354  2.67741  2.69355  4.24690  2.90347  2.73739  3.18146  2.89801  2.37887  2.77519  2.98518  4.58477  3.61503
          0.00257  6.35904  7.08139  0.61958  0.77255  1.55970  0.23598
    173   2.05026  6.17764  2.63726  1.53590  5.52403  3.28078  4.62400  5.01093  2.44955  3.29519  5.21797  3.90393  3.38880  1.87686  2.31713  2.94882  3.89503  4.56899  6.60951  5.19775    283 e - - -
          2.68618  4.42225  2.77519  2.73123  3.46354  2.40513  3.72494  3.29354  2.67741  2.69355  4.24690  2.90347  2.73739  3.18146  2.89801  2.37887  2.77519  2.98518  4.58477  3.61503
          0.00257  6.35904  7.08139  0.61958  0.77255  1.28723  0.32301
    174   1.12559  5.41053  2.77968  3.87520  3.28139  4.78223  5.04867  3.05173  3.70301  2.51833  4.51775  4.57899  3.95414  4.43865  2.32305  4.03764  2.07358  2.95357  3.52925  4.78245    284 a - - -
          2.68618  4.42225  2.77519  2.73123  3.46354  2.40513  3.72494  3.29354  2.67741  2.69355  4.24690  2.90347  2.73739  3.18146  2.89801  2.37887  2.77519  2.98518  4.58477  3.61503
          0.00253  6.37645  7.09879  0.61958  0.77255  1.21913  0.35025
    175   2.43273  6.19616  1.93055  1.53544  5.53970  3.30651  4.65070  5.02459  2.63768  2.79127  3.49211  3.93154  4.85692  2.86345  2.49994  2.97481  3.92030  3.34344  6.62976  2.88864    285 e - - -
          2.68618  4.42225  2.77519  2.73123  3.46354  2.40513  3.72494  3.29354  2.67741  2.69355  4.24690  2.90347  2.73739  3.18146  2.89801  2.37887  2.77519  2.98518  4.58477  3.61503
          0.00249  6.39355  7.11590  0.61958  0.77255  0.93215  0.50039
    176   2.32380  6.21951  2.38062  1.52842  5.56237  4.48872  2.84160  3.47577  2.66278  2.21751  5.26076  3.95703  4.88213  2.33815  2.67106  3.67744  3.12689  3.36766  6.65352  5.24391    286 e - - -
          2.68618  4.42225  2.77519  2.73123  3.46354  2.40513  3.72494  3.29354  2.67741  2.69355  4.24690  2.90347  2.73739  3.18146  2.89801  2.37887  2.77519  2.98518  4.58477  3.61503
          0.00241  6.42691  7.14926  0.61958  0.77255  0.76771  0.62376
    177   3.74128  3.65045  2.28247  1.39702  5.53253  3.77902  4.71141  2.90724  1.88758  2.83030  5.25186  3.16233  4.91533  3.81408  2.69845  3.02873  3.97246  2.84540  3.67869  5.25096    287 e - - -
          2.68618  4.42225  2.77519  2.73123  3.46354  2.40513  3.72494  3.29354  2.67741  2.69355  4.24690  2.90347  2.73739  3.18146  2.89801  2.37887  2.77519  2.98518  4.58477  3.61503
          0.00233  6.45919  7.18154  0.61958  0.77255  1.05717  0.42685
    178   3.39626  5.25511  3.55355  5.23491  3.65668  5.05128  5.38520  1.34288  5.01851  1.30115  3.26109  5.21557  3.50009  5.14863  5.02467  2.74526  4.11340  1.92390  5.87723  3.35736    288 l - - -
          2.68618  4.42225  2.77519  2.73123  3.46354  2.40513  3.72494  3.29354  2.67741  2.69355  4.24690  2.90347  2.73739  3.18146  2.89801  2.37887  2.77519  2.98518  4.58477  3.61503
          0.03469  6.45919  3.42573  0.61958  0.77255  1.05717  0.42685
    179   1.75292  5.89950  2.72916  2.95910  3.47773  3.34862  4.79241  1.55975  2.56354  3.20248  4.97385  4.12835  3.44687  3.95291  3.16738  2.62495  3.97489  3.22973  6.41099  2.88156    289 i - - -
          2.68618  4.42225  2.77519  2.73123  3.46354  2.40513  3.72494  3.29354  2.67741  2.69355  4.24690  2.90347  2.73739  3.18146  2.89801  2.37887  2.77519  2.98518  4.58477  3.61503
          0.00241  6.42691  7.14926  0.61958  0.77255  0.76771  0.62376
    180   3.33562  6.25978  1.41701  2.87859  5.60539  2.49043  2.86459  3.50232  2.52605  4.56528  5.30051  1.65813  4.91179  2.65523  3.93517  3.70789  3.97787  4.65075  6.69190  2.93636    290 d - - -
          2.68618  4.42225  2.77519  2.73123  3.46354  2.40513  3.72494  3.29354  2.67741  2.69355  4.24690  2.90347  2.73739  3.18146  2.89801  2.37887  2.77519  2.98518  4.58477  3.61503
          0.00233  6.45919  7.18154  0.61958  0.77255  1.05717  0.42685
    181   1.91795  6.22690  3.13406  2.49889  5.57275  1.18634  4.67482  5.05929  2.85475  4.53254  5.26743  2.68564  3.43906  3.77095  3.10773  2.59923  3.12704  3.37027  6.65916  5.24769    291 g - - -
          2.68618  4.42225  2.77519  2.73123  3.46354  2.40513  3.72494  3.29354  2.67741  2.69355  4.24690  2.90347  2.73739  3.18146  2.89801  2.37887  2.77519  2.98518  4.58477  3.61503
          0.00241  6.42691  7.14926  0.61958  0.77255  1.05717  0.42685
    182   1.91761  6.23159  1.95392  1.58546  5.57787  3.33087  4.67732  5.06490  2.85594  4.53741  5.27207  3.13110  2.87112  3.77341  3.10858  3.00011  1.95234  4.62291  6.66349  5.25146    292 e - - -
          2.68618  4.42225  2.77519  2.73123  3.46354  2.40513  3.72494  3.29354  2.67741  2.69355  4.24690  2.90347  2.73739  3.18146  2.89801  2.37887  2.77519  2.98518  4.58477  3.61503
          0.00241  6.42691  7.14926  0.61958  0.77255  1.05717  0.42685
    183   1.94614  4.25204  1.53685  2.85369  5.56832  4.48799  4.67515  3.47731  1.86064  4.52878  5.26450  2.68591  3.43915  3.77166  3.10792  3.67665  2.01209  4.61410  6.65665  5.24598    293 d - - -
          2.68618  4.42225  2.77519  2.73123  3.46354  2.40513  3.72494  3.29354  2.67741  2.69355  4.24690  2.90347  2.73739  3.18146  2.89801  2.37887  2.77519  2.98518  4.58477  3.61503
          0.03584  6.42691  3.39345  0.61958  0.77255  1.05717  0.42685
    184   2.53771  6.14404  2.54093  2.09641  5.47016  1.97325  3.35087  3.09295  3.39223  3.28953  5.18972  2.98211  3.40250  3.75249  3.88168  1.83834  3.02932  3.01440  6.58823  3.47159    294 s - - -
          2.68618  4.42225  2.77519  2.73123  3.46354  2.40513  3.72494  3.29354  2.67741  2.69355  4.24690  2.90347  2.73739  3.18146  2.89801  2.37887  2.77519  2.98518  4.58477  3.61503
          0.21357  6.37645  1.65756  0.61958  0.77255  1.25407  0.33595
    185   2.67566  6.03967  1.95688  1.67161  5.38600  2.62090  3.19804  4.87290  3.22041  4.34549  5.08001  2.49738  4.69263  2.85779  2.91932  2.41096  2.62214  4.43099  6.47158  3.32634    295 e - - -
          2.68618  4.42225  2.77519  2.73123  3.46354  2.40513  3.72494  3.29354  2.67741  2.69355  4.24690  2.90347  2.73739  3.18146  2.89801  2.37887  2.77519  2.98518  4.58477  3.61503
          0.04678  6.16600  3.13254  0.61958  0.77255  1.93870  0.15536
    186   2.76915  5.96529  2.43972  3.16259  5.30588  2.55997  4.42836  4.78866  1.99074  3.51565  5.00717  3.71006  4.63422  2.79896  2.42216  2.19793  2.12716  2.23279  6.40068  4.99250    296 k - - -
          2.68618  4.42225  2.77519  2.73123  3.46354  2.40513  3.72494  3.29354  2.67741  2.69355  4.24690  2.90347  2.73739  3.18146  2.89801  2.37887  2.77519  2.98518  4.58477  3.61503
          0.23939  6.07698  1.55779  0.61958  0.77255  2.02500  0.14156
    187   3.32268  5.82005  3.57675  3.01997  5.16221  4.09698  4.28195  4.64367  1.45517  4.12283  4.86235  2.48285  3.03545  2.64676  2.70193  1.91149  2.72628  2.42451  6.25359  4.84784    297 k - - -
          2.67943  4.42602  2.77419  2.72977  3.47199  2.40363  3.72640  3.29141  2.67728  2.69701  4.24359  2.90679  2.73933  3.18112  2.88871  2.38398  2.77285  2.98419  4.58771  3.62348
          1.60459  0.22436        *  2.39450  0.09565  0.00000        *
//
