HMMER3/f [3.3.1 | Jul 2020]
NAME  vHMM_18086
LENG  172
ALPH  amino
RF    no
MM    no
CONS  yes
CS    no
MAP   yes
DATE  Thu Feb 11 23:11:27 2021
NSEQ  29
EFFN  0.973511
CKSUM 1127865988
STATS LOCAL MSV       -9.9466  0.70736
STATS LOCAL VITERBI  -10.9114  0.70736
STATS LOCAL FORWARD   -4.6839  0.70736
CUTOFF SCORE	130.08
TAXON	Nanoviridae
TXID	251095
PROTEIN	Coat
TYPE	Full-length
RANGE	Wide
HMM          A        C        D        E        F        G        H        I        K        L        M        N        P        Q        R        S        T        V        W        Y   
            m->m     m->i     m->d     i->m     i->i     d->m     d->d
  COMPO   2.60432  4.38659  3.21305  2.80439  3.39332  2.94773  3.82669  2.68343  2.59726  2.39742  3.41700  3.21551  3.44857  3.17071  2.82907  2.58498  2.79977  2.43066  4.75921  3.42099
          2.68619  4.42214  2.77521  2.73125  3.46350  2.40514  3.72496  3.29355  2.67742  2.69356  4.24670  2.90348  2.73741  3.18133  2.89796  2.37888  2.77521  2.98520  4.58478  3.61504
          0.21530  3.42784  1.82483  0.86718  0.54496  0.00000        *
      1   3.08054  4.60892  4.19743  3.80296  3.27362  3.93652  4.50672  2.46306  3.56303  1.84945  1.13971  4.06312  4.39948  3.93692  3.75203  3.44299  3.38936  2.48454  5.13149  3.90432      6 m - - -
          2.68618  4.42225  2.77519  2.73123  3.46354  2.40513  3.72494  3.29354  2.67741  2.69355  4.24690  2.90347  2.73739  3.18146  2.89801  2.37887  2.77519  2.98518  4.58477  3.61503
          0.02735  4.00836  4.73070  0.61958  0.77255  0.39055  1.12913
      2   1.98450  4.24352  3.87280  3.32287  3.45112  3.65402  4.10568  2.47334  3.23938  2.40278  2.41593  3.61581  4.09227  3.51965  3.51866  2.96292  2.46816  1.92921  4.99118  3.78480      7 v - - -
          2.68618  4.42225  2.77519  2.73123  3.46354  2.40513  3.72494  3.29354  2.67741  2.69355  4.24690  2.90347  2.73739  3.18146  2.89801  2.37887  2.77519  2.98518  4.58477  3.61503
          0.02310  4.17533  4.89768  0.61958  0.77255  0.48576  0.95510
      3   2.25883  4.71852  3.06540  2.55570  4.22476  2.70038  3.74811  3.65314  2.52807  3.24254  4.04448  3.03064  3.02707  2.89957  2.25727  2.10531  2.84926  3.26310  5.45880  4.13516      8 s - - -
          2.68618  4.42225  2.77519  2.73123  3.46354  2.40513  3.72494  3.29354  2.67741  2.69355  4.24690  2.90347  2.73739  3.18146  2.89801  2.37887  2.77519  2.98518  4.58477  3.61503
          0.02310  4.17533  4.89768  0.61958  0.77255  0.48576  0.95510
      4   2.35289  4.51985  3.21677  2.66668  2.78348  3.49815  3.74144  3.08223  2.64443  2.75875  3.62317  2.90301  3.89175  2.63362  3.05725  2.45292  2.41951  2.82274  5.07964  3.61542      9 a - - -
          2.68618  4.42225  2.77519  2.73123  3.46354  2.40513  3.72494  3.29354  2.67741  2.69355  4.24690  2.90347  2.73739  3.18146  2.89801  2.37887  2.77519  2.98518  4.58477  3.61503
          0.10505  4.17533  2.47273  0.61958  0.77255  0.48576  0.95510
      5   2.30745  4.22892  3.68227  3.12364  3.27821  3.60350  3.89736  2.68269  3.01496  1.93686  3.32775  3.45529  3.12816  3.32172  3.30157  2.88438  2.84852  2.48642  2.82411  3.52685     10 l - - -
          2.68618  4.42225  2.77519  2.73123  3.46354  2.40513  3.72494  3.29354  2.67741  2.69355  4.24690  2.90347  2.73739  3.18146  2.89801  2.37887  2.77519  2.98518  4.58477  3.61503
          0.02505  4.09533  4.81767  0.61958  0.77255  0.43290  1.04590
      6   2.77030  5.13671  2.94834  2.44623  4.48639  3.47848  3.63355  3.92059  2.02419  3.41363  4.20366  1.96362  3.88548  2.41748  2.31303  2.56483  2.99036  3.53680  5.54221  4.20751     11 n - - -
          2.68618  4.42225  2.77519  2.73123  3.46354  2.40513  3.72494  3.29354  2.67741  2.69355  4.24690  2.90347  2.73739  3.18146  2.89801  2.37887  2.77519  2.98518  4.58477  3.61503
          0.02310  4.17533  4.89768  0.61958  0.77255  0.48576  0.95510
      7   2.93251  4.69741  3.64143  3.07012  3.44856  3.72779  3.79046  3.27559  2.21307  2.88476  3.83038  3.42596  4.12465  3.13356  2.52217  3.08290  3.15204  3.05041  1.50358  3.47254     12 w - - -
          2.68618  4.42225  2.77519  2.73123  3.46354  2.40513  3.72494  3.29354  2.67741  2.69355  4.24690  2.90347  2.73739  3.18146  2.89801  2.37887  2.77519  2.98518  4.58477  3.61503
          0.19433  4.17533  1.82483  0.61958  0.77255  0.48576  0.95510
      8   2.12945  4.55926  3.01304  2.56362  3.89559  3.23917  3.76040  3.49899  2.60643  3.12630  3.94838  2.42530  2.91621  2.93975  3.04232  2.08585  2.79271  3.12370  5.37298  4.06386     13 s - - -
          2.68618  4.42225  2.77519  2.73123  3.46354  2.40513  3.72494  3.29354  2.67741  2.69355  4.24690  2.90347  2.73739  3.18146  2.89801  2.37887  2.77519  2.98518  4.58477  3.61503
          0.02735  4.00836  4.73070  0.61958  0.77255  0.39055  1.12913
      9   2.69518  4.29857  3.79992  3.23886  3.41956  2.04773  4.06197  2.30578  3.15854  2.11985  3.13780  3.58275  4.11800  3.45101  3.45929  3.01033  2.94226  2.01549  4.97463  3.75908     14 v - - -
          2.68618  4.42225  2.77519  2.73123  3.46354  2.40513  3.72494  3.29354  2.67741  2.69355  4.24690  2.90347  2.73739  3.18146  2.89801  2.37887  2.77519  2.98518  4.58477  3.61503
          0.02310  4.17533  4.89768  0.61958  0.77255  0.48576  0.95510
     10   2.45072  5.03330  3.25953  2.63656  4.38163  3.58214  3.65355  3.75997  1.64512  3.28972  3.73878  3.10656  3.95836  2.78799  1.76889  2.84851  3.04166  3.42908  5.43960  4.17757     15 k - - -
          2.68618  4.42225  2.77519  2.73123  3.46354  2.40513  3.72494  3.29354  2.67741  2.69355  4.24690  2.90347  2.73739  3.18146  2.89801  2.37887  2.77519  2.98518  4.58477  3.61503
          0.02310  4.17533  4.89768  0.61958  0.77255  0.48576  0.95510
     11   3.18568  5.28901  3.58696  2.91644  4.77430  3.77088  3.70298  4.11795  0.97846  3.53754  4.41524  3.30728  4.14116  2.83717  1.85981  3.17551  3.34615  3.79825  5.55394  4.40323     16 k - - -
          2.68608  4.42229  2.77524  2.73127  3.46358  2.40517  3.72499  3.29358  2.67745  2.69359  4.24694  2.90351  2.73744  3.18150  2.89788  2.37886  2.77524  2.98486  4.58481  3.61507
          0.29237  2.38314  1.82483  0.87462  0.53960  0.48576  0.95510
     12   1.95059  4.33982  3.17827  2.88495  4.23900  1.48295  4.03752  3.63701  2.90991  3.31196  4.15913  3.19143  3.75205  3.27371  2.95529  2.51430  2.79997  3.17709  5.55072  4.30406     20 g - - -
          2.68618  4.42225  2.77519  2.73123  3.46354  2.40513  3.72494  3.29354  2.67741  2.69355  4.24690  2.90347  2.73739  3.18146  2.89801  2.37887  2.77519  2.98518  4.58477  3.61503
          0.02735  4.00836  4.73070  0.61958  0.77255  0.39055  1.12913
     13   2.66463  4.66112  3.22623  2.64576  3.87186  3.52521  3.70967  3.23294  2.22566  2.88908  3.08037  3.11934  3.90907  2.90554  2.06732  2.75929  2.55153  2.60194  5.18636  3.91234     21 r - - -
          2.68618  4.42225  2.77519  2.73123  3.46354  2.40513  3.72494  3.29354  2.67741  2.69355  4.24690  2.90347  2.73739  3.18146  2.89801  2.37887  2.77519  2.98518  4.58477  3.61503
          0.02310  4.17533  4.89768  0.61958  0.77255  0.48576  0.95510
     14   3.22012  5.20067  3.68578  3.05489  4.65547  3.77060  3.79368  4.05668  1.96693  3.51531  4.43498  3.41174  4.18464  2.95126  0.87625  3.24712  3.41039  3.75617  5.53328  4.38874     22 r - - -
          2.68618  4.42225  2.77519  2.73123  3.46354  2.40513  3.72494  3.29354  2.67741  2.69355  4.24690  2.90347  2.73739  3.18146  2.89801  2.37887  2.77519  2.98518  4.58477  3.61503
          0.02310  4.17533  4.89768  0.61958  0.77255  0.48576  0.95510
     15   2.30210  4.33434  3.47691  3.01494  4.10572  3.17452  4.06775  3.47042  2.99454  3.17061  4.01363  3.30382  3.36313  3.31110  3.36112  1.56089  1.86184  2.75712  5.46277  4.22134     23 s - - -
          2.68618  4.42225  2.77519  2.73123  3.46354  2.40513  3.72494  3.29354  2.67741  2.69355  4.24690  2.90347  2.73739  3.18146  2.89801  2.37887  2.77519  2.98518  4.58477  3.61503
          0.02310  4.17533  4.89768  0.61958  0.77255  0.48576  0.95510
     16   2.61264  4.75145  3.04906  2.49211  3.97579  3.20907  3.65961  3.38355  2.46467  2.83074  3.82917  2.87780  2.92454  2.53713  2.60188  2.57400  2.84373  2.90280  5.26372  3.08653     24 k - - -
          2.68618  4.42225  2.77519  2.73123  3.46354  2.40513  3.72494  3.29354  2.67741  2.69355  4.24690  2.90347  2.73739  3.18146  2.89801  2.37887  2.77519  2.98518  4.58477  3.61503
          0.02310  4.17533  4.89768  0.61958  0.77255  0.48576  0.95510
     17   3.21729  5.10101  3.73931  3.21264  4.62862  3.47072  4.00197  4.13672  2.34362  3.63045  4.56839  3.55895  4.21059  3.19582  0.70935  3.28703  3.47993  3.80861  5.57954  4.46397     25 r - - -
          2.68618  4.42225  2.77519  2.73123  3.46354  2.40513  3.72494  3.29354  2.67741  2.69355  4.24690  2.90347  2.73739  3.18146  2.89801  2.37887  2.77519  2.98518  4.58477  3.61503
          0.02310  4.17533  4.89768  0.61958  0.77255  0.48576  0.95510
     18   2.92653  4.93534  3.41940  2.94675  4.53640  2.49756  3.91044  3.98583  2.37048  3.51881  4.39231  3.33855  4.05521  3.08702  1.03473  2.99479  3.22102  3.61269  5.57403  4.38839     26 r - - -
          2.68618  4.42225  2.77519  2.73123  3.46354  2.40513  3.72494  3.29354  2.67741  2.69355  4.24690  2.90347  2.73739  3.18146  2.89801  2.37887  2.77519  2.98518  4.58477  3.61503
          0.02310  4.17533  4.89768  0.61958  0.77255  0.48576  0.95510
     19   2.70178  4.91992  2.92706  2.52235  4.40539  2.18505  3.75261  3.83744  1.72044  3.39181  4.20339  3.01649  2.72450  2.89927  2.83737  2.72510  2.98224  3.44613  5.56245  4.24056     27 k - - -
          2.68618  4.42225  2.77519  2.73123  3.46354  2.40513  3.72494  3.29354  2.67741  2.69355  4.24690  2.90347  2.73739  3.18146  2.89801  2.37887  2.77519  2.98518  4.58477  3.61503
          0.02310  4.17533  4.89768  0.61958  0.77255  0.48576  0.95510
     20   2.36026  4.54546  3.43781  2.92583  3.37420  3.59239  3.79539  3.11803  2.69411  2.77913  3.70343  3.31982  4.01917  3.15135  2.53250  2.89745  2.98865  2.87926  4.85095  1.71200     28 y - - -
          2.68618  4.42225  2.77519  2.73123  3.46354  2.40513  3.72494  3.29354  2.67741  2.69355  4.24690  2.90347  2.73739  3.18146  2.89801  2.37887  2.77519  2.98518  4.58477  3.61503
          0.02310  4.17533  4.89768  0.61958  0.77255  0.48576  0.95510
     21   2.42718  4.56811  3.16562  2.73208  4.28076  1.83206  3.90019  3.70343  2.69830  3.31726  4.13226  3.13861  3.82555  3.08065  2.53037  1.92690  2.75878  3.27491  5.53995  4.25223     29 g - - -
          2.68618  4.42225  2.77519  2.73123  3.46354  2.40513  3.72494  3.29354  2.67741  2.69355  4.24690  2.90347  2.73739  3.18146  2.89801  2.37887  2.77519  2.98518  4.58477  3.61503
          0.10505  4.17533  2.47273  0.61958  0.77255  0.48576  0.95510
     22   3.15746  5.21639  3.60700  2.92043  4.68735  3.74425  3.67392  4.03078  1.66498  3.46671  4.35418  3.29716  4.11512  2.81365  1.11300  3.15933  3.31823  3.72295  5.49331  4.34978     30 r - - -
          2.68618  4.42225  2.77519  2.73123  3.46354  2.40513  3.72494  3.29354  2.67741  2.69355  4.24690  2.90347  2.73739  3.18146  2.89801  2.37887  2.77519  2.98518  4.58477  3.61503
          0.02505  4.09533  4.81767  0.61958  0.77255  0.57656  0.82514
     23   2.68208  4.26992  3.76553  3.20975  2.59232  3.69813  3.87182  2.33387  3.13023  2.33342  3.32700  3.52485  2.31396  3.39816  3.41160  2.97144  2.91679  2.48766  4.60754  2.70335     31 p - - -
          2.68618  4.42225  2.77519  2.73123  3.46354  2.40513  3.72494  3.29354  2.67741  2.69355  4.24690  2.90347  2.73739  3.18146  2.89801  2.37887  2.77519  2.98518  4.58477  3.61503
          0.02505  4.09533  4.81767  0.61958  0.77255  0.57656  0.82514
     24   2.66389  4.18064  3.94154  3.38085  2.44881  3.71648  3.89514  2.58835  3.27962  2.29632  3.28314  3.62282  4.09099  3.51647  3.50458  2.56210  2.90008  1.92731  4.52760  2.43138     32 v - - -
          2.68618  4.42225  2.77519  2.73123  3.46354  2.40513  3.72494  3.29354  2.67741  2.69355  4.24690  2.90347  2.73739  3.18146  2.89801  2.37887  2.77519  2.98518  4.58477  3.61503
          0.02505  4.09533  4.81767  0.61958  0.77255  0.43290  1.04590
     25   2.39002  4.97530  3.01692  2.46984  4.32522  3.44983  3.64223  3.75162  1.72344  3.29077  4.08613  2.98027  3.30344  2.76973  2.39646  2.39313  2.91998  3.38328  5.46209  4.13096     33 k - - -
          2.68618  4.42225  2.77519  2.73123  3.46354  2.40513  3.72494  3.29354  2.67741  2.69355  4.24690  2.90347  2.73739  3.18146  2.89801  2.37887  2.77519  2.98518  4.58477  3.61503
          0.02310  4.17533  4.89768  0.61958  0.77255  0.48576  0.95510
     26   2.38316  4.90433  2.96406  2.41508  4.17545  3.42784  3.62565  3.60558  2.18965  3.17719  3.97357  2.62263  3.05591  2.75914  2.54876  2.45309  2.85600  3.25660  5.38804  3.28520     34 k - - -
          2.68618  4.42225  2.77519  2.73123  3.46354  2.40513  3.72494  3.29354  2.67741  2.69355  4.24690  2.90347  2.73739  3.18146  2.89801  2.37887  2.77519  2.98518  4.58477  3.61503
          0.16368  4.17533  1.99794  0.61958  0.77255  0.48576  0.95510
     27   2.25750  4.40507  3.29504  2.73688  3.56700  3.50318  3.74542  2.91751  2.38975  2.35747  3.50993  3.01419  3.89134  3.01587  3.04765  2.71358  2.80967  2.32988  4.97585  3.43029     35 a - - -
          2.68618  4.42225  2.77519  2.73123  3.46354  2.40513  3.72494  3.29354  2.67741  2.69355  4.24690  2.90347  2.73739  3.18146  2.89801  2.37887  2.77519  2.98518  4.58477  3.61503
          0.02654  4.03819  4.76054  0.61958  0.77255  0.40370  1.10215
     28   1.89738  4.33108  3.48871  3.00102  3.95104  3.24243  4.02479  3.27552  2.97291  3.01036  3.87281  3.31167  2.07598  3.28643  3.33755  2.45702  2.39317  2.42846  5.33750  4.09813     36 a - - -
          2.68618  4.42225  2.77519  2.73123  3.46354  2.40513  3.72494  3.29354  2.67741  2.69355  4.24690  2.90347  2.73739  3.18146  2.89801  2.37887  2.77519  2.98518  4.58477  3.61503
          0.02310  4.17533  4.89768  0.61958  0.77255  0.48576  0.95510
     29   2.43787  4.34985  3.51222  3.16742  4.15517  3.18566  4.21456  3.37585  3.12562  3.15897  4.09709  3.40374  1.26058  3.48349  3.43695  2.61991  2.45946  2.75054  5.56753  4.32783     37 p - - -
          2.68618  4.42225  2.77519  2.73123  3.46354  2.40513  3.72494  3.29354  2.67741  2.69355  4.24690  2.90347  2.73739  3.18146  2.89801  2.37887  2.77519  2.98518  4.58477  3.61503
          0.02310  4.17533  4.89768  0.61958  0.77255  0.48576  0.95510
     30   2.42741  4.34172  3.49469  3.05563  4.04037  3.21459  4.08847  3.07542  3.01274  3.09538  3.97441  3.34000  3.85061  3.34894  3.35816  1.66851  1.60343  2.96890  5.42868  4.18244     38 t - - -
          2.68618  4.42225  2.77519  2.73123  3.46354  2.40513  3.72494  3.29354  2.67741  2.69355  4.24690  2.90347  2.73739  3.18146  2.89801  2.37887  2.77519  2.98518  4.58477  3.61503
          0.02310  4.17533  4.89768  0.61958  0.77255  0.48576  0.95510
     31   2.56323  4.60381  3.11516  2.67728  4.05696  3.32924  2.95763  3.50025  2.66634  3.13736  3.97747  3.11742  3.85676  3.03548  3.06695  1.82654  1.91624  3.14721  5.37301  4.06535     39 s - - -
          2.68618  4.42225  2.77519  2.73123  3.46354  2.40513  3.72494  3.29354  2.67741  2.69355  4.24690  2.90347  2.73739  3.18146  2.89801  2.37887  2.77519  2.98518  4.58477  3.61503
          0.02310  4.17533  4.89768  0.61958  0.77255  0.48576  0.95510
     32   2.82574  5.19290  2.52413  2.46999  4.56065  3.49897  3.64730  3.99171  1.47296  3.46846  4.26553  2.98415  3.91346  2.76709  2.09294  2.79354  3.04265  3.60610  5.57647  4.25319     40 k - - -
          2.68618  4.42225  2.77519  2.73123  3.46354  2.40513  3.72494  3.29354  2.67741  2.69355  4.24690  2.90347  2.73739  3.18146  2.89801  2.37887  2.77519  2.98518  4.58477  3.61503
          0.02310  4.17533  4.89768  0.61958  0.77255  0.48576  0.95510
     33   2.82036  4.01982  4.43866  3.86330  3.27161  4.01205  4.34534  1.92031  3.73070  1.91447  3.23542  4.03834  4.35039  3.93630  3.88184  3.32209  3.05682  1.37750  4.92474  2.99397     41 v - - -
          2.68618  4.42225  2.77519  2.73123  3.46354  2.40513  3.72494  3.29354  2.67741  2.69355  4.24690  2.90347  2.73739  3.18146  2.89801  2.37887  2.77519  2.98518  4.58477  3.61503
          0.02310  4.17533  4.89768  0.61958  0.77255  0.48576  0.95510
     34   2.15961  4.23929  3.99062  3.45630  3.46630  3.70032  4.19669  2.36697  3.35818  1.89708  3.41585  3.71473  4.14880  3.63781  3.61248  2.78647  2.95225  1.59910  5.03109  3.82328     42 v - - -
          2.68618  4.42225  2.77519  2.73123  3.46354  2.40513  3.72494  3.29354  2.67741  2.69355  4.24690  2.90347  2.73739  3.18146  2.89801  2.37887  2.77519  2.98518  4.58477  3.61503
          0.02310  4.17533  4.89768  0.61958  0.77255  0.48576  0.95510
     35   2.50155  4.21726  3.65408  3.08336  2.84832  3.61731  3.88638  2.65000  3.01693  2.19796  3.32627  2.91412  3.99471  3.29712  3.32055  2.43014  2.82803  2.15464  4.80243  3.15488     43 v - - -
          2.68618  4.42225  2.77519  2.73123  3.46354  2.40513  3.72494  3.29354  2.67741  2.69355  4.24690  2.90347  2.73739  3.18146  2.89801  2.37887  2.77519  2.98518  4.58477  3.61503
          0.02310  4.17533  4.89768  0.61958  0.77255  0.48576  0.95510
     36   2.73155  4.95335  2.72547  2.48564  4.11764  3.47527  1.89353  3.64579  2.37369  2.96896  4.03900  2.99763  3.89010  2.82401  2.43269  2.74485  2.96075  3.31501  5.35636  3.99309     44 h - - -
          2.68618  4.42225  2.77519  2.73123  3.46354  2.40513  3.72494  3.29354  2.67741  2.69355  4.24690  2.90347  2.73739  3.18146  2.89801  2.37887  2.77519  2.98518  4.58477  3.61503
          0.02310  4.17533  4.89768  0.61958  0.77255  0.48576  0.95510
     37   2.53054  4.84978  2.94604  2.21995  4.12851  3.16402  3.65810  3.54895  2.44993  3.14240  3.95108  2.95786  3.83078  2.27350  2.91054  2.24387  2.78483  2.67948  5.37379  4.03205     45 e - - -
          2.68618  4.42225  2.77519  2.73123  3.46354  2.40513  3.72494  3.29354  2.67741  2.69355  4.24690  2.90347  2.73739  3.18146  2.89801  2.37887  2.77519  2.98518  4.58477  3.61503
          0.02310  4.17533  4.89768  0.61958  0.77255  0.48576  0.95510
     38   2.84189  5.25479  2.11077  1.98775  4.61391  3.32521  3.78612  4.09125  2.69891  3.62732  4.44460  2.83486  3.88434  2.93923  3.23076  1.46574  3.12221  3.68352  5.80784  4.37410     46 s - - -
          2.68618  4.42225  2.77519  2.73123  3.46354  2.40513  3.72494  3.29354  2.67741  2.69355  4.24690  2.90347  2.73739  3.18146  2.89801  2.37887  2.77519  2.98518  4.58477  3.61503
          0.02310  4.17533  4.89768  0.61958  0.77255  0.48576  0.95510
     39   2.14487  4.23091  3.72277  3.16861  3.06171  3.59168  3.98243  2.21252  3.10065  2.46133  3.39557  3.49277  4.01763  3.38320  3.40007  2.74164  2.01233  2.41013  4.91308  3.69510     47 t - - -
          2.68618  4.42225  2.77519  2.73123  3.46354  2.40513  3.72494  3.29354  2.67741  2.69355  4.24690  2.90347  2.73739  3.18146  2.89801  2.37887  2.77519  2.98518  4.58477  3.61503
          0.02310  4.17533  4.89768  0.61958  0.77255  0.48576  0.95510
     40   3.21578  4.48993  5.01877  4.50299  3.61750  4.64017  5.16787  1.48488  4.39845  1.90238  3.40892  4.71163  4.89879  4.62806  4.57298  4.02004  3.46811  1.00422  5.60892  4.42470     48 v - - -
          2.68618  4.42225  2.77519  2.73123  3.46354  2.40513  3.72494  3.29354  2.67741  2.69355  4.24690  2.90347  2.73739  3.18146  2.89801  2.37887  2.77519  2.98518  4.58477  3.61503
          0.02310  4.17533  4.89768  0.61958  0.77255  0.48576  0.95510
     41   3.31299  4.64388  4.91942  4.36530  2.47157  4.54096  4.77174  2.24368  4.23557  0.91444  2.97350  4.57011  4.75234  4.32091  4.33693  3.88676  3.53857  1.99648  5.06730  3.86603     49 l - - -
          2.68618  4.42225  2.77519  2.73123  3.46354  2.40513  3.72494  3.29354  2.67741  2.69355  4.24690  2.90347  2.73739  3.18146  2.89801  2.37887  2.77519  2.98518  4.58477  3.61503
          0.02310  4.17533  4.89768  0.61958  0.77255  0.48576  0.95510
     42   2.75671  5.14500  2.82109  2.39150  4.48532  3.43573  3.65117  3.93377  1.90052  3.43608  4.22438  2.03188  3.06480  2.42778  2.73254  2.72666  2.98808  3.54284  5.57754  4.21694     50 k - - -
          2.68618  4.42225  2.77519  2.73123  3.46354  2.40513  3.72494  3.29354  2.67741  2.69355  4.24690  2.90347  2.73739  3.18146  2.89801  2.37887  2.77519  2.98518  4.58477  3.61503
          0.02310  4.17533  4.89768  0.61958  0.77255  0.48576  0.95510
     43   2.85350  5.17772  2.84495  2.15931  4.55110  3.47467  3.69268  3.97392  1.37652  3.47794  4.29306  2.98027  3.92830  2.82581  2.64285  2.41336  3.08458  3.59935  5.60762  4.28282     51 k - - -
          2.68618  4.42225  2.77519  2.73123  3.46354  2.40513  3.72494  3.29354  2.67741  2.69355  4.24690  2.90347  2.73739  3.18146  2.89801  2.37887  2.77519  2.98518  4.58477  3.61503
          0.02310  4.17533  4.89768  0.61958  0.77255  0.48576  0.95510
     44   2.72047  5.22337  2.06742  1.94875  4.55130  3.37620  3.64082  4.03424  2.17165  3.51692  4.27928  2.52549  3.82650  2.75424  2.53593  2.66908  2.90861  3.60688  5.65449  4.23679     52 e - - -
          2.68618  4.42225  2.77519  2.73123  3.46354  2.40513  3.72494  3.29354  2.67741  2.69355  4.24690  2.90347  2.73739  3.18146  2.89801  2.37887  2.77519  2.98518  4.58477  3.61503
          0.02310  4.17533  4.89768  0.61958  0.77255  0.48576  0.95510
     45   2.82855  5.29454  1.54469  1.98729  4.62487  3.33405  3.74919  4.10413  2.64227  3.62302  4.42549  2.81829  3.87080  2.89127  3.17943  2.35836  2.56406  3.69089  5.79552  4.35432     53 d - - -
          2.68618  4.42225  2.77519  2.73123  3.46354  2.40513  3.72494  3.29354  2.67741  2.69355  4.24690  2.90347  2.73739  3.18146  2.89801  2.37887  2.77519  2.98518  4.58477  3.61503
          0.02310  4.17533  4.89768  0.61958  0.77255  0.48576  0.95510
     46   3.21484  4.48993  5.04504  4.55909  3.70535  4.63783  5.26325  1.17431  4.45716  2.18454  3.49048  4.75257  4.92770  4.71273  4.63929  4.04102  3.48037  1.10442  5.71399  4.50822     54 v - - -
          2.68618  4.42225  2.77519  2.73123  3.46354  2.40513  3.72494  3.29354  2.67741  2.69355  4.24690  2.90347  2.73739  3.18146  2.89801  2.37887  2.77519  2.98518  4.58477  3.61503
          0.02310  4.17533  4.89768  0.61958  0.77255  0.48576  0.95510
     47   2.17260  4.43502  3.35246  2.81996  3.73129  3.45200  3.84923  3.02203  2.41981  2.77678  3.65757  3.23613  3.91000  3.10701  3.13651  2.63286  2.21379  2.10602  5.13017  3.87652     55 v - - -
          2.68618  4.42225  2.77519  2.73123  3.46354  2.40513  3.72494  3.29354  2.67741  2.69355  4.24690  2.90347  2.73739  3.18146  2.89801  2.37887  2.77519  2.98518  4.58477  3.61503
          0.02310  4.17533  4.89768  0.61958  0.77255  0.48576  0.95510
     48   2.51964  4.38210  3.54746  3.17518  3.91441  1.24976  4.17407  3.14053  3.11854  2.58467  3.93904  3.44155  3.93737  3.47686  3.42803  2.71513  2.92468  2.57231  5.38882  4.10619     56 g - - -
          2.68618  4.42225  2.77519  2.73123  3.46354  2.40513  3.72494  3.29354  2.67741  2.69355  4.24690  2.90347  2.73739  3.18146  2.89801  2.37887  2.77519  2.98518  4.58477  3.61503
          0.02310  4.17533  4.89768  0.61958  0.77255  0.48576  0.95510
     49   2.26192  3.86176  3.68956  3.11616  2.58744  3.62257  3.89829  2.51598  2.66595  2.28421  3.30575  3.45505  3.99887  3.32019  3.33699  2.78337  2.47750  2.45273  4.79432  3.41940     57 a - - -
          2.68618  4.42225  2.77519  2.73123  3.46354  2.40513  3.72494  3.29354  2.67741  2.69355  4.24690  2.90347  2.73739  3.18146  2.89801  2.37887  2.77519  2.98518  4.58477  3.61503
          0.02310  4.17533  4.89768  0.61958  0.77255  0.48576  0.95510
     50   2.93654  5.24516  2.73219  1.18541  4.58836  3.46534  3.76936  4.04013  2.42767  3.55358  4.39973  2.98692  3.96442  2.91828  2.32304  2.90033  3.18131  3.67457  5.67673  4.34279     58 e - - -
          2.68618  4.42225  2.77519  2.73123  3.46354  2.40513  3.72494  3.29354  2.67741  2.69355  4.24690  2.90347  2.73739  3.18146  2.89801  2.37887  2.77519  2.98518  4.58477  3.61503
          0.02310  4.17533  4.89768  0.61958  0.77255  0.48576  0.95510
     51   3.25183  4.56858  4.91072  4.38677  3.38597  4.55561  4.99102  1.00530  4.22445  1.82239  2.54311  4.61157  4.81334  4.43770  4.37585  3.93072  3.49903  1.90995  5.39963  4.25333     59 i - - -
          2.68618  4.42225  2.77519  2.73123  3.46354  2.40513  3.72494  3.29354  2.67741  2.69355  4.24690  2.90347  2.73739  3.18146  2.89801  2.37887  2.77519  2.98518  4.58477  3.61503
          0.02310  4.17533  4.89768  0.61958  0.77255  0.48576  0.95510
     52   3.03763  5.29695  2.94741  2.18902  4.70141  3.57137  3.73482  4.09111  1.10116  3.56977  4.42442  3.08156  4.02835  2.87484  2.47943  3.00145  3.24978  3.74003  5.64965  4.38696     60 k - - -
          2.68618  4.42225  2.77519  2.73123  3.46354  2.40513  3.72494  3.29354  2.67741  2.69355  4.24690  2.90347  2.73739  3.18146  2.89801  2.37887  2.77519  2.98518  4.58477  3.61503
          0.02310  4.17533  4.89768  0.61958  0.77255  0.48576  0.95510
     53   1.97548  4.38653  3.44325  3.22322  4.39533  3.13970  4.34365  3.72634  3.29389  3.46159  4.37282  3.43586  1.07904  3.62412  3.59237  2.63340  2.93800  3.26516  5.74518  4.53280     61 p - - -
          2.68618  4.42225  2.77519  2.73123  3.46354  2.40513  3.72494  3.29354  2.67741  2.69355  4.24690  2.90347  2.73739  3.18146  2.89801  2.37887  2.77519  2.98518  4.58477  3.61503
          0.02310  4.17533  4.89768  0.61958  0.77255  0.48576  0.95510
     54   2.62048  4.78309  2.64963  2.30067  2.82333  3.43302  3.66934  3.43199  2.49253  3.04843  3.87145  2.98035  3.16510  2.83143  2.95408  2.32968  2.54915  3.11748  5.30489  3.97563     62 e - - -
          2.68618  4.42225  2.77519  2.73123  3.46354  2.40513  3.72494  3.29354  2.67741  2.69355  4.24690  2.90347  2.73739  3.18146  2.89801  2.37887  2.77519  2.98518  4.58477  3.61503
          0.10505  4.17533  2.47273  0.61958  0.77255  0.48576  0.95510
     55   2.37054  5.25360  2.05306  1.96741  4.57440  2.42396  3.69709  4.05806  2.57361  3.56860  4.36277  2.37723  3.83046  2.83385  3.10754  2.71679  3.03776  3.64317  5.73648  4.29798     63 e - - -
          2.68618  4.42225  2.77519  2.73123  3.46354  2.40513  3.72494  3.29354  2.67741  2.69355  4.24690  2.90347  2.73739  3.18146  2.89801  2.37887  2.77519  2.98518  4.58477  3.61503
          0.02505  4.09533  4.81767  0.61958  0.77255  0.43290  1.04590
     56   2.87661  5.40420  1.45838  2.04154  4.70930  3.33827  3.75035  4.20439  2.26255  3.69779  4.49998  2.80019  3.88180  2.89067  3.17736  2.36626  3.13838  3.78133  5.85379  4.39633     64 d - - -
          2.68618  4.42225  2.77519  2.73123  3.46354  2.40513  3.72494  3.29354  2.67741  2.69355  4.24690  2.90347  2.73739  3.18146  2.89801  2.37887  2.77519  2.98518  4.58477  3.61503
          0.02310  4.17533  4.89768  0.61958  0.77255  0.48576  0.95510
     57   2.39948  4.21954  3.72601  3.18096  3.46762  2.88148  4.00027  2.34370  3.11454  2.52079  3.43939  3.48670  3.99223  3.39636  3.41274  2.63276  2.46381  1.78963  4.94883  3.73461     65 v - - -
          2.68618  4.42225  2.77519  2.73123  3.46354  2.40513  3.72494  3.29354  2.67741  2.69355  4.24690  2.90347  2.73739  3.18146  2.89801  2.37887  2.77519  2.98518  4.58477  3.61503
          0.10505  4.17533  2.47273  0.61958  0.77255  0.48576  0.95510
     58   2.27157  4.34079  3.38874  2.86439  3.73772  2.73334  3.87946  3.08103  2.82958  2.40545  3.67141  3.23903  3.84909  3.14872  3.20470  2.29958  2.11792  2.62907  5.13915  3.89240     66 t - - -
          2.68619  4.42226  2.77521  2.73124  3.46355  2.40514  3.72496  3.29355  2.67742  2.69356  4.24691  2.90348  2.73719  3.18148  2.89802  2.37888  2.77521  2.98520  4.58478  3.61504
          0.11432  2.30313  4.81767  0.37326  1.16632  0.43290  1.04590
     59   3.38158  5.17748  3.90631  3.36697  4.61106  3.79665  4.09175  4.18370  2.42338  3.64461  4.64605  3.69855  4.29285  3.30509  0.60046  3.45697  3.63216  3.89671  5.57582  4.48289     68 R - - -
          2.68618  4.42225  2.77519  2.73123  3.46354  2.40513  3.72494  3.29354  2.67741  2.69355  4.24690  2.90347  2.73739  3.18146  2.89801  2.37887  2.77519  2.98518  4.58477  3.61503
          0.02310  4.17533  4.89768  0.61958  0.77255  0.48576  0.95510
     60   3.71436  5.07917  4.30052  4.09615  2.37359  4.19484  3.80445  3.68538  3.94605  3.05822  4.33005  4.11723  4.66588  4.17654  4.06297  3.81649  4.00492  3.57142  4.02559  0.58034     69 Y - - -
          2.68618  4.42225  2.77519  2.73123  3.46354  2.40513  3.72494  3.29354  2.67741  2.69355  4.24690  2.90347  2.73739  3.18146  2.89801  2.37887  2.77519  2.98518  4.58477  3.61503
          0.02310  4.17533  4.89768  0.61958  0.77255  0.48576  0.95510
     61   2.62950  4.74562  3.06489  2.52984  3.20877  3.45089  3.68601  3.40454  1.80030  3.02845  3.86020  2.88758  3.85996  2.85621  2.89236  2.40727  2.54189  3.09600  5.28091  3.96662     70 k - - -
          2.68618  4.42225  2.77519  2.73123  3.46354  2.40513  3.72494  3.29354  2.67741  2.69355  4.24690  2.90347  2.73739  3.18146  2.89801  2.37887  2.77519  2.98518  4.58477  3.61503
          0.02310  4.17533  4.89768  0.61958  0.77255  0.48576  0.95510
     62   2.91781  4.35890  4.37485  3.81732  3.32874  4.06766  4.44928  1.70544  3.68045  1.98371  1.81837  4.06093  4.41209  3.92514  3.87844  3.38795  2.60174  2.09156  5.08560  3.92221     71 i - - -
          2.68618  4.42225  2.77519  2.73123  3.46354  2.40513  3.72494  3.29354  2.67741  2.69355  4.24690  2.90347  2.73739  3.18146  2.89801  2.37887  2.77519  2.98518  4.58477  3.61503
          0.02310  4.17533  4.89768  0.61958  0.77255  0.48576  0.95510
     63   2.96641  5.06680  3.47450  2.78789  4.34363  3.68825  3.66761  3.77649  1.40713  3.28869  4.14569  3.21663  4.04294  2.81688  1.76116  2.98869  3.14778  3.47327  3.32745  4.14880     72 k - - -
          2.68618  4.42225  2.77519  2.73123  3.46354  2.40513  3.72494  3.29354  2.67741  2.69355  4.24690  2.90347  2.73739  3.18146  2.89801  2.37887  2.77519  2.98518  4.58477  3.61503
          0.02310  4.17533  4.89768  0.61958  0.77255  0.48576  0.95510
     64   2.92719  5.18240  3.22128  2.64276  4.60041  3.60304  3.65623  3.98890  1.31600  3.45337  4.27615  2.81497  3.99094  2.78109  1.99372  2.66329  3.12515  3.63056  5.53670  4.28655     73 k - - -
          2.68618  4.42225  2.77519  2.73123  3.46354  2.40513  3.72494  3.29354  2.67741  2.69355  4.24690  2.90347  2.73739  3.18146  2.89801  2.37887  2.77519  2.98518  4.58477  3.61503
          0.02310  4.17533  4.89768  0.61958  0.77255  0.48576  0.95510
     65   3.16325  4.45671  4.95176  4.40494  3.45318  4.52818  4.96418  1.47493  4.29342  1.83384  2.60608  4.59459  4.78093  4.46808  4.43039  3.88182  3.40330  1.24925  5.39018  4.24825     74 v - - -
          2.68618  4.42225  2.77519  2.73123  3.46354  2.40513  3.72494  3.29354  2.67741  2.69355  4.24690  2.90347  2.73739  3.18146  2.89801  2.37887  2.77519  2.98518  4.58477  3.61503
          0.02310  4.17533  4.89768  0.61958  0.77255  0.48576  0.95510
     66   3.12235  4.51015  4.65954  4.09752  2.52773  4.29709  4.57964  2.28443  3.96909  1.67063  1.48969  4.31171  4.57319  4.11562  4.10932  3.62467  3.35509  2.00879  5.00829  3.81687     75 m - - -
          2.68618  4.42225  2.77519  2.73123  3.46354  2.40513  3.72494  3.29354  2.67741  2.69355  4.24690  2.90347  2.73739  3.18146  2.89801  2.37887  2.77519  2.98518  4.58477  3.61503
          0.02310  4.17533  4.89768  0.61958  0.77255  0.48576  0.95510
     67   3.25633  4.59088  4.88042  4.31660  3.21835  4.51792  4.86400  2.13851  4.17946  1.06397  2.45537  4.55014  4.74075  4.31382  4.30668  3.86098  3.48552  1.66716  5.23566  4.15196     76 l - - -
          2.68618  4.42225  2.77519  2.73123  3.46354  2.40513  3.72494  3.29354  2.67741  2.69355  4.24690  2.90347  2.73739  3.18146  2.89801  2.37887  2.77519  2.98518  4.58477  3.61503
          0.02310  4.17533  4.89768  0.61958  0.77255  0.48576  0.95510
     68   2.58926  4.23677  3.65577  3.09379  2.85649  3.58826  3.92088  2.69188  3.02813  2.28365  3.37227  3.43924  3.86041  3.31401  3.33730  2.40412  2.07747  2.23019  4.86768  3.64457     77 t - - -
          2.68618  4.42225  2.77519  2.73123  3.46354  2.40513  3.72494  3.29354  2.67741  2.69355  4.24690  2.90347  2.73739  3.18146  2.89801  2.37887  2.77519  2.98518  4.58477  3.61503
          0.02310  4.17533  4.89768  0.61958  0.77255  0.48576  0.95510
     69   2.10306  1.84937  3.91293  3.41966  3.62178  2.64400  4.17198  2.86239  3.31824  2.26508  3.60337  3.57357  3.93301  3.59381  3.56538  2.71622  2.81773  2.59401  5.10397  3.90392     78 c - - -
          2.68618  4.42225  2.77519  2.73123  3.46354  2.40513  3.72494  3.29354  2.67741  2.69355  4.24690  2.90347  2.73739  3.18146  2.89801  2.37887  2.77519  2.98518  4.58477  3.61503
          0.02310  4.17533  4.89768  0.61958  0.77255  0.48576  0.95510
     70   2.53643  4.31922  3.85506  3.45779  3.91274  3.36323  4.36881  2.74640  3.35569  2.78271  3.84638  3.63402  4.01766  3.69879  3.62800  2.78936  1.18485  2.08921  5.47132  4.24392     79 t - - -
          2.68618  4.42225  2.77519  2.73123  3.46354  2.40513  3.72494  3.29354  2.67741  2.69355  4.24690  2.90347  2.73739  3.18146  2.89801  2.37887  2.77519  2.98518  4.58477  3.61503
          0.02310  4.17533  4.89768  0.61958  0.77255  0.48576  0.95510
     71   2.82385  3.11338  4.54924  3.96813  2.28904  4.00679  4.33769  2.22359  3.81726  1.63596  3.14113  4.08661  4.34431  3.98079  3.91868  3.32391  3.06074  1.71120  4.84476  3.64342     80 l - - -
          2.68618  4.42225  2.77519  2.73123  3.46354  2.40513  3.72494  3.29354  2.67741  2.69355  4.24690  2.90347  2.73739  3.18146  2.89801  2.37887  2.77519  2.98518  4.58477  3.61503
          0.02310  4.17533  4.89768  0.61958  0.77255  0.48576  0.95510
     72   2.79583  5.03313  3.16955  2.58440  4.40995  3.53408  3.65419  3.80953  1.78808  3.32940  4.14391  3.06638  3.92876  2.78455  1.80977  2.43268  2.57449  3.45647  5.47084  4.18880     81 k - - -
          2.68618  4.42225  2.77519  2.73123  3.46354  2.40513  3.72494  3.29354  2.67741  2.69355  4.24690  2.90347  2.73739  3.18146  2.89801  2.37887  2.77519  2.98518  4.58477  3.61503
          0.02310  4.17533  4.89768  0.61958  0.77255  0.48576  0.95510
     73   3.18618  4.54983  4.75441  4.19941  3.27362  4.41923  4.79677  1.85361  4.05959  1.71668  1.43060  4.44158  4.68331  4.24144  4.21785  3.76186  3.42508  1.92179  5.24623  4.13399     82 m - - -
          2.68618  4.42225  2.77519  2.73123  3.46354  2.40513  3.72494  3.29354  2.67741  2.69355  4.24690  2.90347  2.73739  3.18146  2.89801  2.37887  2.77519  2.98518  4.58477  3.61503
          0.02310  4.17533  4.89768  0.61958  0.77255  0.48576  0.95510
     74   1.96618  4.75352  3.08609  2.59246  4.14612  3.41197  3.74141  3.54544  2.33314  3.15503  3.98606  3.06698  2.21493  2.90816  2.55200  2.70345  2.91242  3.20711  5.38943  4.09166     83 a - - -
          2.68618  4.42225  2.77519  2.73123  3.46354  2.40513  3.72494  3.29354  2.67741  2.69355  4.24690  2.90347  2.73739  3.18146  2.89801  2.37887  2.77519  2.98518  4.58477  3.61503
          0.02310  4.17533  4.89768  0.61958  0.77255  0.48576  0.95510
     75   2.48575  4.43509  3.30233  3.06391  4.24897  3.16866  4.19767  3.71374  3.09704  3.25724  4.30164  3.34117  1.12159  3.46861  3.40888  2.35320  2.93647  3.26949  5.61684  4.32533     84 p - - -
          2.68618  4.42225  2.77519  2.73123  3.46354  2.40513  3.72494  3.29354  2.67741  2.69355  4.24690  2.90347  2.73739  3.18146  2.89801  2.37887  2.77519  2.98518  4.58477  3.61503
          0.02310  4.17533  4.89768  0.61958  0.77255  0.48576  0.95510
     76   3.08695  4.82110  3.82180  3.76487  4.88033  0.38466  4.85574  4.56443  3.98672  4.17633  5.16223  3.98749  4.22092  4.28748  4.17918  3.26922  3.59153  4.03401  5.88447  4.99618     85 G - - -
          2.68618  4.42225  2.77519  2.73123  3.46354  2.40513  3.72494  3.29354  2.67741  2.69355  4.24690  2.90347  2.73739  3.18146  2.89801  2.37887  2.77519  2.98518  4.58477  3.61503
          0.02310  4.17533  4.89768  0.61958  0.77255  0.48576  0.95510
     77   2.84239  5.23534  2.79191  1.45421  4.58089  3.46407  3.66990  4.02071  2.20342  3.50392  4.30509  2.94032  3.90915  2.40965  2.42431  2.79982  3.06707  3.63375  5.62663  4.28012     86 e - - -
          2.68618  4.42225  2.77519  2.73123  3.46354  2.40513  3.72494  3.29354  2.67741  2.69355  4.24690  2.90347  2.73739  3.18146  2.89801  2.37887  2.77519  2.98518  4.58477  3.61503
          0.02310  4.17533  4.89768  0.61958  0.77255  0.48576  0.95510
     78   3.45738  4.77844  4.98275  4.46651  3.16701  4.68638  5.01025  1.97502  4.26320  0.74300  2.98798  4.72450  4.88240  4.42643  4.38266  4.08040  3.69261  2.28874  5.28375  4.15866     87 l - - -
          2.68618  4.42225  2.77519  2.73123  3.46354  2.40513  3.72494  3.29354  2.67741  2.69355  4.24690  2.90347  2.73739  3.18146  2.89801  2.37887  2.77519  2.98518  4.58477  3.61503
          0.02310  4.17533  4.89768  0.61958  0.77255  0.48576  0.95510
     79   3.33719  4.66922  4.92959  4.36471  3.17050  4.58993  4.91560  2.19552  4.22015  0.90049  2.40846  4.61569  4.78570  4.33623  4.34049  3.93724  3.56225  1.96234  5.24128  4.18079     88 l - - -
          2.68618  4.42225  2.77519  2.73123  3.46354  2.40513  3.72494  3.29354  2.67741  2.69355  4.24690  2.90347  2.73739  3.18146  2.89801  2.37887  2.77519  2.98518  4.58477  3.61503
          0.02310  4.17533  4.89768  0.61958  0.77255  0.48576  0.95510
     80   2.82744  5.09671  2.91442  2.49835  4.32377  3.48719  2.90947  3.86965  2.31024  3.38967  4.21417  1.62579  3.92880  2.83658  2.30959  2.81673  3.05845  3.51285  5.47802  4.12203     89 n - - -
          2.68618  4.42225  2.77519  2.73123  3.46354  2.40513  3.72494  3.29354  2.67741  2.69355  4.24690  2.90347  2.73739  3.18146  2.89801  2.37887  2.77519  2.98518  4.58477  3.61503
          0.02310  4.17533  4.89768  0.61958  0.77255  0.48576  0.95510
     81   3.98086  5.07674  4.99223  4.77114  1.36525  4.64774  3.49489  3.67085  4.57749  2.95573  4.22736  4.26455  4.92410  4.38212  4.48778  4.02167  4.18567  3.58051  2.50351  0.98258     90 y - - -
          2.68618  4.42225  2.77519  2.73123  3.46354  2.40513  3.72494  3.29354  2.67741  2.69355  4.24690  2.90347  2.73739  3.18146  2.89801  2.37887  2.77519  2.98518  4.58477  3.61503
          0.02310  4.17533  4.89768  0.61958  0.77255  0.48576  0.95510
     82   2.44737  4.34608  4.34660  3.78856  3.33347  4.04699  4.42944  1.88433  3.66796  1.30216  3.21546  4.03590  4.18615  3.90559  3.87225  3.36394  3.14630  2.02011  5.07668  3.91044     91 l - - -
          2.68618  4.42225  2.77519  2.73123  3.46354  2.40513  3.72494  3.29354  2.67741  2.69355  4.24690  2.90347  2.73739  3.18146  2.89801  2.37887  2.77519  2.98518  4.58477  3.61503
          0.02310  4.17533  4.89768  0.61958  0.77255  0.48576  0.95510
     83   3.18849  4.48151  4.96446  4.42641  3.47993  4.55809  5.01915  1.15040  4.31252  1.95652  2.60718  4.62618  4.81279  4.50060  4.46017  3.91991  3.43272  1.49165  5.44474  4.30019     92 i - - -
          2.68618  4.42225  2.77519  2.73123  3.46354  2.40513  3.72494  3.29354  2.67741  2.69355  4.24690  2.90347  2.73739  3.18146  2.89801  2.37887  2.77519  2.98518  4.58477  3.61503
          0.02310  4.17533  4.89768  0.61958  0.77255  0.48576  0.95510
     84   3.17945  4.48767  4.93511  4.45709  3.69980  4.53627  5.17821  1.55542  4.34244  2.20333  3.50344  4.65581  4.86499  4.61890  4.53759  3.94114  3.45434  0.87020  5.68157  4.46066     93 v - - -
          2.68618  4.42225  2.77519  2.73123  3.46354  2.40513  3.72494  3.29354  2.67741  2.69355  4.24690  2.90347  2.73739  3.18146  2.89801  2.37887  2.77519  2.98518  4.58477  3.61503
          0.02310  4.17533  4.89768  0.61958  0.77255  0.48576  0.95510
     85   3.17293  5.25342  3.48539  2.90753  4.71594  3.73388  3.74607  4.09163  0.89652  3.53756  4.42926  3.30745  4.13904  2.89015  2.10835  3.17217  3.35578  3.77372  5.56280  4.39675     94 k - - -
          2.68618  4.42225  2.77519  2.73123  3.46354  2.40513  3.72494  3.29354  2.67741  2.69355  4.24690  2.90347  2.73739  3.18146  2.89801  2.37887  2.77519  2.98518  4.58477  3.61503
          0.02310  4.17533  4.89768  0.61958  0.77255  0.48576  0.95510
     86   2.31124  2.39042  3.87237  3.43728  4.04268  3.10359  4.30080  3.37451  3.36160  3.13161  3.99686  3.51105  3.81668  3.64057  3.63331  1.49558  1.89178  2.96327  5.45948  4.26727     95 s - - -
          2.68618  4.42225  2.77519  2.73123  3.46354  2.40513  3.72494  3.29354  2.67741  2.69355  4.24690  2.90347  2.73739  3.18146  2.89801  2.37887  2.77519  2.98518  4.58477  3.61503
          0.02310  4.17533  4.89768  0.61958  0.77255  0.48576  0.95510
     87   2.51237  4.59983  3.02393  2.68285  4.34861  3.21476  3.93257  3.78324  2.78717  3.40291  4.21740  1.98894  3.82432  3.11575  3.20833  1.67801  2.26434  3.33428  5.61650  4.30587     96 s - - -
          2.68618  4.42225  2.77519  2.73123  3.46354  2.40513  3.72494  3.29354  2.67741  2.69355  4.24690  2.90347  2.73739  3.18146  2.89801  2.37887  2.77519  2.98518  4.58477  3.61503
          0.02310  4.17533  4.89768  0.61958  0.77255  0.48576  0.95510
     88   2.54563  4.39726  3.45700  2.96925  3.63209  3.38291  3.92243  3.17444  2.88015  2.85793  3.75295  3.31782  3.91548  3.23887  3.21910  1.41996  2.62346  2.88396  3.26377  3.74553     97 s - - -
          2.68618  4.42225  2.77519  2.73123  3.46354  2.40513  3.72494  3.29354  2.67741  2.69355  4.24690  2.90347  2.73739  3.18146  2.89801  2.37887  2.77519  2.98518  4.58477  3.61503
          0.02310  4.17533  4.89768  0.61958  0.77255  0.48576  0.95510
     89   2.72247  4.92170  2.61527  2.28568  4.27029  3.36531  3.77475  3.68972  2.62811  3.29995  4.13424  2.77511  1.65419  2.94520  3.08859  2.74304  2.99924  3.09224  5.53362  4.18092     98 p - - -
          2.68618  4.42225  2.77519  2.73123  3.46354  2.40513  3.72494  3.29354  2.67741  2.69355  4.24690  2.90347  2.73739  3.18146  2.89801  2.37887  2.77519  2.98518  4.58477  3.61503
          0.02310  4.17533  4.89768  0.61958  0.77255  0.48576  0.95510
     90   3.30675  4.58642  5.06788  4.52906  3.36791  4.67861  5.10307  1.30548  4.40464  1.25401  3.15185  4.74582  4.88623  4.54893  4.52974  4.04923  3.54466  1.75274  5.42979  4.32244     99 l - - -
          2.68618  4.42225  2.77519  2.73123  3.46354  2.40513  3.72494  3.29354  2.67741  2.69355  4.24690  2.90347  2.73739  3.18146  2.89801  2.37887  2.77519  2.98518  4.58477  3.61503
          0.02310  4.17533  4.89768  0.61958  0.77255  0.48576  0.95510
     91   2.18187  4.33627  3.36957  2.81258  3.51116  3.52890  3.67737  2.88431  2.73291  2.38046  3.46517  3.02263  3.90524  3.08329  3.13974  2.48673  2.81985  2.14434  4.88297  3.68828    100 v - - -
          2.68618  4.42225  2.77519  2.73123  3.46354  2.40513  3.72494  3.29354  2.67741  2.69355  4.24690  2.90347  2.73739  3.18146  2.89801  2.37887  2.77519  2.98518  4.58477  3.61503
          0.02310  4.17533  4.89768  0.61958  0.77255  0.48576  0.95510
     92   2.54329  5.12151  2.44151  2.31789  4.47767  3.34960  3.72300  3.94084  2.56426  3.47909  4.27765  1.67219  3.85366  2.61588  3.06427  2.39747  2.95861  3.54311  5.66240  4.26080    101 n - - -
          2.68618  4.42225  2.77519  2.73123  3.46354  2.40513  3.72494  3.29354  2.67741  2.69355  4.24690  2.90347  2.73739  3.18146  2.89801  2.37887  2.77519  2.98518  4.58477  3.61503
          0.02310  4.17533  4.89768  0.61958  0.77255  0.48576  0.95510
     93   2.76383  4.36276  3.80776  3.26636  2.91108  3.73787  3.82652  2.83805  3.13620  2.49457  3.46877  3.55771  3.08189  3.43610  3.40481  3.02490  3.00430  2.45518  1.83353  2.74000    102 w - - -
          2.68618  4.42225  2.77519  2.73123  3.46354  2.40513  3.72494  3.29354  2.67741  2.69355  4.24690  2.90347  2.73739  3.18146  2.89801  2.37887  2.77519  2.98518  4.58477  3.61503
          0.02310  4.17533  4.89768  0.61958  0.77255  0.48576  0.95510
     94   1.66231  4.38615  3.33142  2.85187  4.26570  2.49459  4.06495  3.68003  2.97725  3.33327  4.15197  3.24612  3.79757  3.28319  3.36646  1.65801  2.50083  3.21421  5.58319  4.32611    103 s - - -
          2.68618  4.42225  2.77519  2.73123  3.46354  2.40513  3.72494  3.29354  2.67741  2.69355  4.24690  2.90347  2.73739  3.18146  2.89801  2.37887  2.77519  2.98518  4.58477  3.61503
          0.02310  4.17533  4.89768  0.61958  0.77255  0.48576  0.95510
     95   1.62917  4.46535  3.24929  2.80024  4.21763  2.58080  3.95377  3.63698  2.83054  3.27309  4.08842  2.56980  3.80211  3.14983  3.24469  2.18422  2.44171  3.11230  5.51916  4.23955    104 a - - -
          2.68618  4.42225  2.77519  2.73123  3.46354  2.40513  3.72494  3.29354  2.67741  2.69355  4.24690  2.90347  2.73739  3.18146  2.89801  2.37887  2.77519  2.98518  4.58477  3.61503
          0.02310  4.17533  4.89768  0.61958  0.77255  0.48576  0.95510
     96   2.30665  3.61754  3.89787  3.33459  3.36759  3.64687  4.05172  2.38950  3.24788  2.22670  3.34523  3.60842  4.06632  3.51011  3.50558  2.26009  2.86920  1.78465  4.88073  3.67511    105 v - - -
          2.68618  4.42225  2.77519  2.73123  3.46354  2.40513  3.72494  3.29354  2.67741  2.69355  4.24690  2.90347  2.73739  3.18146  2.89801  2.37887  2.77519  2.98518  4.58477  3.61503
          0.02310  4.17533  4.89768  0.61958  0.77255  0.48576  0.95510
     97   3.50149  4.82136  4.79414  4.38331  1.02758  4.48196  4.11110  2.65362  4.21872  1.64053  3.31753  4.38504  4.77140  4.28966  4.29565  3.87777  3.74209  2.72939  4.29605  2.67840    106 f - - -
          2.68618  4.42225  2.77519  2.73123  3.46354  2.40513  3.72494  3.29354  2.67741  2.69355  4.24690  2.90347  2.73739  3.18146  2.89801  2.37887  2.77519  2.98518  4.58477  3.61503
          0.02310  4.17533  4.89768  0.61958  0.77255  0.48576  0.95510
     98   2.66174  4.87059  2.64345  2.24416  4.25732  3.35191  3.75267  3.67893  2.59778  3.28006  4.09904  2.95521  3.85085  2.91306  3.06798  2.01513  1.86120  3.31714  5.51110  4.16073    107 t - - -
          2.68618  4.42225  2.77519  2.73123  3.46354  2.40513  3.72494  3.29354  2.67741  2.69355  4.24690  2.90347  2.73739  3.18146  2.89801  2.37887  2.77519  2.98518  4.58477  3.61503
          0.02310  4.17533  4.89768  0.61958  0.77255  0.48576  0.95510
     99   2.01015  4.80860  2.93401  2.48054  4.21661  3.35967  3.72093  3.64310  2.51963  3.23338  4.04092  2.28712  3.83140  2.50039  2.97170  2.46570  2.47973  3.27471  5.45528  4.11691    108 a - - -
          2.68618  4.42225  2.77519  2.73123  3.46354  2.40513  3.72494  3.29354  2.67741  2.69355  4.24690  2.90347  2.73739  3.18146  2.89801  2.37887  2.77519  2.98518  4.58477  3.61503
          0.02310  4.17533  4.89768  0.61958  0.77255  0.48576  0.95510
    100   3.20614  4.90095  3.84760  3.73801  4.68957  3.57189  4.78085  4.32558  3.82380  3.91394  4.98369  4.00926  0.41794  4.20274  4.02534  3.38543  3.67328  3.93394  5.78102  4.81768    109 P - - -
          2.68618  4.42225  2.77519  2.73123  3.46354  2.40513  3.72494  3.29354  2.67741  2.69355  4.24690  2.90347  2.73739  3.18146  2.89801  2.37887  2.77519  2.98518  4.58477  3.61503
          0.02310  4.17533  4.89768  0.61958  0.77255  0.48576  0.95510
    101   1.40466  4.25224  3.54975  3.23932  4.45622  1.92975  4.31993  3.88589  3.30982  3.55691  4.36305  3.38860  3.77109  3.57921  3.63834  1.70894  2.78545  3.30058  5.78380  4.57462    110 a - - -
          2.68618  4.42225  2.77519  2.73123  3.46354  2.40513  3.72494  3.29354  2.67741  2.69355  4.24690  2.90347  2.73739  3.18146  2.89801  2.37887  2.77519  2.98518  4.58477  3.61503
          0.02310  4.17533  4.89768  0.61958  0.77255  0.48576  0.95510
    102   3.51377  4.89235  4.67529  4.32717  3.28060  4.36350  4.88934  2.51117  4.09259  0.57524  3.22760  4.57374  4.75347  4.38678  4.21465  3.98665  3.79786  2.62516  5.25828  4.04800    111 L - - -
          2.68618  4.42225  2.77519  2.73123  3.46354  2.40513  3.72494  3.29354  2.67741  2.69355  4.24690  2.90347  2.73739  3.18146  2.89801  2.37887  2.77519  2.98518  4.58477  3.61503
          0.02310  4.17533  4.89768  0.61958  0.77255  0.48576  0.95510
    103   3.36509  4.68929  4.97533  4.40193  2.44469  4.59046  4.80087  2.32859  4.26629  1.07206  1.72724  4.61741  4.76480  4.31564  4.34540  3.92903  3.57853  2.50040  5.06237  3.92552    112 l - - -
          2.68618  4.42225  2.77519  2.73123  3.46354  2.40513  3.72494  3.29354  2.67741  2.69355  4.24690  2.90347  2.73739  3.18146  2.89801  2.37887  2.77519  2.98518  4.58477  3.61503
          0.02310  4.17533  4.89768  0.61958  0.77255  0.48576  0.95510
    104   3.17588  4.48795  4.92409  4.44746  3.69851  4.52500  5.16988  1.57517  4.33109  2.20428  3.50437  4.64616  4.85825  4.60971  4.52714  3.93052  3.45203  0.86336  5.67799  4.45547    113 v - - -
          2.68618  4.42225  2.77519  2.73123  3.46354  2.40513  3.72494  3.29354  2.67741  2.69355  4.24690  2.90347  2.73739  3.18146  2.89801  2.37887  2.77519  2.98518  4.58477  3.61503
          0.02310  4.17533  4.89768  0.61958  0.77255  0.48576  0.95510
    105   2.87829  5.01955  3.12152  2.70239  4.52864  3.50125  3.77807  3.94111  1.12450  3.47544  4.32981  3.14930  3.99215  2.93171  2.53410  2.39054  3.14465  3.57250  5.57940  4.31695    114 k - - -
          2.68618  4.42225  2.77519  2.73123  3.46354  2.40513  3.72494  3.29354  2.67741  2.69355  4.24690  2.90347  2.73739  3.18146  2.89801  2.37887  2.77519  2.98518  4.58477  3.61503
          0.02310  4.17533  4.89768  0.61958  0.77255  0.48576  0.95510
    106   2.92709  5.24141  2.53535  1.07134  4.64230  3.37312  3.87053  4.11010  2.74069  3.66157  4.51889  2.93476  2.79638  3.03842  3.21197  2.88901  3.21794  3.72113  5.81245  4.43510    115 e - - -
          2.68618  4.42225  2.77519  2.73123  3.46354  2.40513  3.72494  3.29354  2.67741  2.69355  4.24690  2.90347  2.73739  3.18146  2.89801  2.37887  2.77519  2.98518  4.58477  3.61503
          0.02310  4.17533  4.89768  0.61958  0.77255  0.48576  0.95510
    107   2.55493  4.81245  2.99098  2.35350  4.06144  3.43278  3.64999  3.19722  2.44748  3.08062  3.89432  2.64137  3.56366  2.51701  2.90678  2.08723  2.84812  2.82366  5.32360  3.98919    116 s - - -
          2.68618  4.42225  2.77519  2.73123  3.46354  2.40513  3.72494  3.29354  2.67741  2.69355  4.24690  2.90347  2.73739  3.18146  2.89801  2.37887  2.77519  2.98518  4.58477  3.61503
          0.02310  4.17533  4.89768  0.61958  0.77255  0.48576  0.95510
    108   2.32665  3.33355  3.50876  2.94441  2.92035  2.98695  3.47091  2.80468  2.89545  2.52097  3.41460  3.03957  3.95303  3.19344  3.23968  2.50237  2.82240  2.32421  4.89356  3.66283    117 v - - -
          2.68618  4.42225  2.77519  2.73123  3.46354  2.40513  3.72494  3.29354  2.67741  2.69355  4.24690  2.90347  2.73739  3.18146  2.89801  2.37887  2.77519  2.98518  4.58477  3.61503
          0.02310  4.17533  4.89768  0.61958  0.77255  0.48576  0.95510
    109   2.77519  4.92032  2.88270  2.59819  4.36497  3.37989  3.84405  3.88563  2.53660  3.44611  4.31140  3.07229  3.93487  1.29648  2.88233  2.32720  3.08680  3.50381  5.58202  4.23882    118 q - - -
          2.68618  4.42225  2.77519  2.73123  3.46354  2.40513  3.72494  3.29354  2.67741  2.69355  4.24690  2.90347  2.73739  3.18146  2.89801  2.37887  2.77519  2.98518  4.58477  3.61503
          0.02310  4.17533  4.89768  0.61958  0.77255  0.48576  0.95510
    110   3.02523  5.47574  1.05207  2.26691  4.56067  3.34899  2.76240  4.30957  2.85994  3.81227  4.68039  2.84248  3.95579  3.05125  3.41071  2.93408  3.31355  3.90559  5.82837  4.32447    119 d - - -
          2.68618  4.42225  2.77519  2.73123  3.46354  2.40513  3.72494  3.29354  2.67741  2.69355  4.24690  2.90347  2.73739  3.18146  2.89801  2.37887  2.77519  2.98518  4.58477  3.61503
          0.02310  4.17533  4.89768  0.61958  0.77255  0.48576  0.95510
    111   2.91891  4.43464  4.19759  3.64913  3.29532  3.98624  4.35893  2.37616  3.48320  1.71161  1.58275  3.93693  4.35091  3.77518  3.71088  3.30767  2.59500  2.32717  5.06943  3.90265    120 m - - -
          2.68618  4.42225  2.77519  2.73123  3.46354  2.40513  3.72494  3.29354  2.67741  2.69355  4.24690  2.90347  2.73739  3.18146  2.89801  2.37887  2.77519  2.98518  4.58477  3.61503
          0.02310  4.17533  4.89768  0.61958  0.77255  0.48576  0.95510
    112   3.20052  4.48632  5.00517  4.52082  3.70849  4.60277  5.23233  1.38908  4.41577  2.19892  3.49967  4.71693  4.90573  4.67940  4.60381  4.00542  3.46881  0.94551  5.70476  4.49277    121 v - - -
          2.68618  4.42225  2.77519  2.73123  3.46354  2.40513  3.72494  3.29354  2.67741  2.69355  4.24690  2.90347  2.73739  3.18146  2.89801  2.37887  2.77519  2.98518  4.58477  3.61503
          0.02310  4.17533  4.89768  0.61958  0.77255  0.48576  0.95510
    113   2.59969  4.62273  3.14669  2.73417  4.16491  3.33882  3.87120  3.53345  2.24557  3.19207  4.04247  3.15622  3.88473  3.06738  2.97505  2.40531  1.46962  3.17890  5.44502  4.16987    122 t - - -
          2.68618  4.42225  2.77519  2.73123  3.46354  2.40513  3.72494  3.29354  2.67741  2.69355  4.24690  2.90347  2.73739  3.18146  2.89801  2.37887  2.77519  2.98518  4.58477  3.61503
          0.02310  4.17533  4.89768  0.61958  0.77255  0.48576  0.95510
    114   3.30930  4.60278  4.97931  4.48302  3.42645  4.64440  5.09542  0.96507  4.31110  1.64195  3.25557  4.70813  4.89571  4.54617  4.46509  4.04476  3.56109  1.84590  5.47034  4.27942    123 i - - -
          2.68618  4.42225  2.77519  2.73123  3.46354  2.40513  3.72494  3.29354  2.67741  2.69355  4.24690  2.90347  2.73739  3.18146  2.89801  2.37887  2.77519  2.98518  4.58477  3.61503
          0.02310  4.17533  4.89768  0.61958  0.77255  0.48576  0.95510
    115   3.25106  4.53281  5.03356  4.49469  3.42257  4.63057  5.07306  1.52997  4.38009  1.31732  3.21225  4.70015  4.85769  4.54004  4.51325  3.99672  3.49134  1.41885  5.44088  4.31668    124 l - - -
          2.68618  4.42225  2.77519  2.73123  3.46354  2.40513  3.72494  3.29354  2.67741  2.69355  4.24690  2.90347  2.73739  3.18146  2.89801  2.37887  2.77519  2.98518  4.58477  3.61503
          0.02310  4.17533  4.89768  0.61958  0.77255  0.48576  0.95510
    116   2.01703  3.41552  3.19320  2.63735  3.85967  3.16435  3.73875  3.24674  2.31409  2.90243  3.75058  3.10525  3.86831  2.94104  2.61421  2.68938  2.51306  2.95584  5.19618  3.91249    125 a - - -
          2.68618  4.42225  2.77519  2.73123  3.46354  2.40513  3.72494  3.29354  2.67741  2.69355  4.24690  2.90347  2.73739  3.18146  2.89801  2.37887  2.77519  2.98518  4.58477  3.61503
          0.02310  4.17533  4.89768  0.61958  0.77255  0.48576  0.95510
    117   2.78247  5.06398  3.09275  2.53974  4.45408  2.86746  3.65127  3.86796  1.65354  3.37400  4.17839  3.03301  3.91219  2.77678  2.01663  2.41891  3.00570  3.49797  5.50585  4.20664    126 k - - -
          2.68618  4.42225  2.77519  2.73123  3.46354  2.40513  3.72494  3.29354  2.67741  2.69355  4.24690  2.90347  2.73739  3.18146  2.89801  2.37887  2.77519  2.98518  4.58477  3.61503
          0.02310  4.17533  4.89768  0.61958  0.77255  0.48576  0.95510
    118   3.08695  4.82110  3.82180  3.76487  4.88033  0.38466  4.85574  4.56443  3.98672  4.17633  5.16223  3.98749  4.22092  4.28748  4.17918  3.26922  3.59153  4.03401  5.88447  4.99618    127 G - - -
          2.68618  4.42225  2.77519  2.73123  3.46354  2.40513  3.72494  3.29354  2.67741  2.69355  4.24690  2.90347  2.73739  3.18146  2.89801  2.37887  2.77519  2.98518  4.58477  3.61503
          0.02310  4.17533  4.89768  0.61958  0.77255  0.48576  0.95510
    119   2.99040  5.26377  2.93612  2.19308  4.66443  3.55315  3.71533  4.04594  1.15458  3.53479  4.38088  3.05810  4.00487  2.85253  2.48496  2.95776  3.13043  3.69240  5.63403  4.35875    128 k - - -
          2.68618  4.42225  2.77519  2.73123  3.46354  2.40513  3.72494  3.29354  2.67741  2.69355  4.24690  2.90347  2.73739  3.18146  2.89801  2.37887  2.77519  2.98518  4.58477  3.61503
          0.02310  4.17533  4.89768  0.61958  0.77255  0.48576  0.95510
    120   3.26847  4.54490  5.05988  4.52299  3.42332  4.65700  5.10332  1.34107  4.40798  1.35526  3.20907  4.72934  4.87758  4.56473  4.53885  4.02652  3.50873  1.55476  5.45688  4.33569    129 i - - -
          2.68618  4.42225  2.77519  2.73123  3.46354  2.40513  3.72494  3.29354  2.67741  2.69355  4.24690  2.90347  2.73739  3.18146  2.89801  2.37887  2.77519  2.98518  4.58477  3.61503
          0.02310  4.17533  4.89768  0.61958  0.77255  0.48576  0.95510
    121   2.97103  5.18251  2.66463  1.01223  4.38175  3.45301  3.88970  3.77380  2.70701  3.05188  4.36513  3.02237  4.00346  3.07518  3.12361  2.95821  3.24787  3.48381  5.66178  4.28600    130 e - - -
          2.68618  4.42225  2.77519  2.73123  3.46354  2.40513  3.72494  3.29354  2.67741  2.69355  4.24690  2.90347  2.73739  3.18146  2.89801  2.37887  2.77519  2.98518  4.58477  3.61503
          0.02310  4.17533  4.89768  0.61958  0.77255  0.48576  0.95510
    122   1.93573  4.27838  3.53122  3.15779  4.38405  2.38138  4.23453  3.80496  3.18970  3.47054  4.27919  3.35379  3.77467  3.47779  3.53845  1.33041  2.23419  3.26034  5.70785  4.48544    131 s - - -
          2.68618  4.42225  2.77519  2.73123  3.46354  2.40513  3.72494  3.29354  2.67741  2.69355  4.24690  2.90347  2.73739  3.18146  2.89801  2.37887  2.77519  2.98518  4.58477  3.61503
          0.02310  4.17533  4.89768  0.61958  0.77255  0.48576  0.95510
    123   2.53667  4.67410  2.99591  2.56692  4.17796  3.02573  3.77422  3.60251  2.60108  3.20932  4.01855  2.62325  3.29478  2.93670  3.05139  1.75258  2.46107  3.01629  5.44397  4.12257    132 s - - -
          2.68619  4.42226  2.77521  2.73124  3.46355  2.40514  3.72496  3.29355  2.67742  2.69356  4.24691  2.90348  2.73741  3.18148  2.89802  2.37888  2.77521  2.98492  4.58478  3.61504
          0.10505  2.38314  4.89768  0.37326  1.16632  0.48576  0.95510
    124   2.17669  4.37213  3.44873  3.33114  4.60422  0.81893  4.49609  4.01809  3.52989  3.74708  4.61909  3.48820  3.87282  3.80379  3.80467  2.62426  2.96351  3.44073  5.90395  4.73285    134 g - - -
          2.68618  4.42225  2.77519  2.73123  3.46354  2.40513  3.72494  3.29354  2.67741  2.69355  4.24690  2.90347  2.73739  3.18146  2.89801  2.37887  2.77519  2.98518  4.58477  3.61503
          0.02310  4.17533  4.89768  0.61958  0.77255  0.48576  0.95510
    125   2.41094  4.19446  3.81046  3.24491  3.36026  3.45982  3.99854  2.38682  3.16386  2.06262  3.33833  3.55155  4.04999  3.43624  3.43916  2.79138  2.29487  1.91993  4.86188  3.65237    135 v - - -
          2.68618  4.42225  2.77519  2.73123  3.46354  2.40513  3.72494  3.29354  2.67741  2.69355  4.24690  2.90347  2.73739  3.18146  2.89801  2.37887  2.77519  2.98518  4.58477  3.61503
          0.02310  4.17533  4.89768  0.61958  0.77255  0.48576  0.95510
    126   1.39931  4.24878  3.55140  3.25107  4.46286  1.76957  4.33192  3.89181  3.32754  3.56516  4.37189  3.39382  3.77136  3.59435  3.65231  1.84779  2.78662  3.30313  5.79200  4.58504    136 a - - -
          2.68618  4.42225  2.77519  2.73123  3.46354  2.40513  3.72494  3.29354  2.67741  2.69355  4.24690  2.90347  2.73739  3.18146  2.89801  2.37887  2.77519  2.98518  4.58477  3.61503
          0.02310  4.17533  4.89768  0.61958  0.77255  0.48576  0.95510
    127   2.22625  4.26481  3.60219  3.19115  4.10848  1.48522  4.19460  3.39284  3.17697  3.17092  4.03373  3.39882  3.82555  3.47644  3.50478  2.50652  2.21397  2.38893  5.49851  4.28055    137 g - - -
          2.68618  4.42225  2.77519  2.73123  3.46354  2.40513  3.72494  3.29354  2.67741  2.69355  4.24690  2.90347  2.73739  3.18146  2.89801  2.37887  2.77519  2.98518  4.58477  3.61503
          0.06324  4.17533  3.08109  0.61958  0.77255  0.48576  0.95510
    128   2.63130  4.85518  2.94016  2.45007  4.17937  3.09597  3.01004  3.60528  2.18658  3.18708  3.99590  2.96270  3.83184  2.81128  2.85878  1.94529  2.54935  3.25575  5.40274  4.06624    138 s - - -
          2.68618  4.42225  2.77519  2.73123  3.46354  2.40513  3.72494  3.29354  2.67741  2.69355  4.24690  2.90347  2.73739  3.18146  2.89801  2.37887  2.77519  2.98518  4.58477  3.61503
          0.02403  4.13613  4.85848  0.61958  0.77255  0.45779  1.00153
    129   2.92988  5.45012  1.34046  1.82351  4.76183  3.32105  3.80077  4.24578  2.75344  3.76344  4.58826  2.79129  3.90178  2.95389  3.31890  2.84110  2.57056  3.82773  5.93523  4.46047    139 d - - -
          2.68618  4.42225  2.77519  2.73123  3.46354  2.40513  3.72494  3.29354  2.67741  2.69355  4.24690  2.90347  2.73739  3.18146  2.89801  2.37887  2.77519  2.98518  4.58477  3.61503
          0.02310  4.17533  4.89768  0.61958  0.77255  0.48576  0.95510
    130   2.39829  2.57757  4.11034  3.56768  3.41583  3.59705  4.18998  2.33046  3.45725  2.43324  3.39252  3.73500  4.08447  3.69839  3.66338  2.49090  2.88082  1.59725  4.94940  3.75405    140 v - - -
          2.68618  4.42225  2.77519  2.73123  3.46354  2.40513  3.72494  3.29354  2.67741  2.69355  4.24690  2.90347  2.73739  3.18146  2.89801  2.37887  2.77519  2.98518  4.58477  3.61503
          0.02310  4.17533  4.89768  0.61958  0.77255  0.48576  0.95510
    131   2.34161  4.46398  3.32338  2.46558  3.67209  3.53020  3.82342  2.89915  2.74676  2.40086  3.59580  3.22726  3.93933  3.08076  3.13736  2.78435  2.06833  2.37529  5.08954  3.83051    141 t - - -
          2.68618  4.42225  2.77519  2.73123  3.46354  2.40513  3.72494  3.29354  2.67741  2.69355  4.24690  2.90347  2.73739  3.18146  2.89801  2.37887  2.77519  2.98518  4.58477  3.61503
          0.02310  4.17533  4.89768  0.61958  0.77255  0.48576  0.95510
    132   2.72403  3.25620  3.38114  2.82902  4.17038  3.48072  3.81440  3.49895  1.22994  3.16677  4.04116  3.23473  3.96090  2.99836  2.66927  2.75985  3.00772  3.18346  5.39161  4.13853    142 k - - -
          2.68618  4.42225  2.77519  2.73123  3.46354  2.40513  3.72494  3.29354  2.67741  2.69355  4.24690  2.90347  2.73739  3.18146  2.89801  2.37887  2.77519  2.98518  4.58477  3.61503
          0.02310  4.17533  4.89768  0.61958  0.77255  0.48576  0.95510
    133   2.09741  4.36035  3.47078  3.04319  3.97042  3.25223  4.07469  3.25982  3.00457  2.45137  3.92546  3.34300  3.87345  3.34413  3.34745  1.35261  2.85143  2.92659  5.38107  4.12449    143 s - - -
          2.68618  4.42225  2.77519  2.73123  3.46354  2.40513  3.72494  3.29354  2.67741  2.69355  4.24690  2.90347  2.73739  3.18146  2.89801  2.37887  2.77519  2.98518  4.58477  3.61503
          0.02310  4.17533  4.89768  0.61958  0.77255  0.48576  0.95510
    134   3.25482  4.59773  4.83810  4.27514  1.43550  4.44699  4.57559  2.22088  4.13794  1.46899  2.42520  4.45062  4.67137  4.22166  4.23302  3.77686  3.47421  2.43844  4.88081  3.59631    144 f - - -
          2.68618  4.42225  2.77519  2.73123  3.46354  2.40513  3.72494  3.29354  2.67741  2.69355  4.24690  2.90347  2.73739  3.18146  2.89801  2.37887  2.77519  2.98518  4.58477  3.61503
          0.02310  4.17533  4.89768  0.61958  0.77255  0.48576  0.95510
    135   2.71715  5.08916  2.82130  2.14584  4.42531  3.41724  3.65087  3.87428  2.36002  3.39361  4.18038  2.26839  3.85151  2.77498  2.20088  2.14681  2.95412  3.48634  5.55207  4.18579    145 e - - -
          2.68618  4.42225  2.77519  2.73123  3.46354  2.40513  3.72494  3.29354  2.67741  2.69355  4.24690  2.90347  2.73739  3.18146  2.89801  2.37887  2.77519  2.98518  4.58477  3.61503
          0.02310  4.17533  4.89768  0.61958  0.77255  0.48576  0.95510
    136   3.22192  5.32015  3.69581  2.95464  4.82991  3.80876  3.68733  4.15074  1.31004  3.55004  4.42650  3.33052  4.15850  2.81742  1.29761  3.20731  3.36631  3.83346  5.55294  4.42127    146 r - - -
          2.68618  4.42225  2.77519  2.73123  3.46354  2.40513  3.72494  3.29354  2.67741  2.69355  4.24690  2.90347  2.73739  3.18146  2.89801  2.37887  2.77519  2.98518  4.58477  3.61503
          0.02310  4.17533  4.89768  0.61958  0.77255  0.48576  0.95510
    137   2.81020  4.32089  4.22228  3.70493  1.56393  3.85214  4.23057  2.40924  3.59199  2.15491  3.31122  3.89873  4.27723  3.82313  3.79225  3.19277  2.53939  2.00195  4.82547  3.48253    147 f - - -
          2.68618  4.42225  2.77519  2.73123  3.46354  2.40513  3.72494  3.29354  2.67741  2.69355  4.24690  2.90347  2.73739  3.18146  2.89801  2.37887  2.77519  2.98518  4.58477  3.61503
          0.02310  4.17533  4.89768  0.61958  0.77255  0.48576  0.95510
    138   3.01608  4.37829  4.67701  4.15715  3.65797  4.29477  4.84584  1.45373  4.05240  2.30229  3.49505  4.36614  4.65098  4.31811  4.25913  3.65531  2.62994  1.14317  5.46817  4.26245    148 v - - -
          2.68618  4.42225  2.77519  2.73123  3.46354  2.40513  3.72494  3.29354  2.67741  2.69355  4.24690  2.90347  2.73739  3.18146  2.89801  2.37887  2.77519  2.98518  4.58477  3.61503
          0.02310  4.17533  4.89768  0.61958  0.77255  0.48576  0.95510
    139   2.63853  4.83809  3.03661  2.47366  4.08617  3.45761  3.64289  3.50140  2.22854  3.00012  3.91027  2.64699  3.84602  2.76141  2.20899  2.41148  2.86641  2.85470  5.32626  3.44413    149 r - - -
          2.68618  4.42225  2.77519  2.73123  3.46354  2.40513  3.72494  3.29354  2.67741  2.69355  4.24690  2.90347  2.73739  3.18146  2.89801  2.37887  2.77519  2.98518  4.58477  3.61503
          0.02310  4.17533  4.89768  0.61958  0.77255  0.48576  0.95510
    140   3.51377  4.89235  4.67529  4.32717  3.28060  4.36350  4.88934  2.51117  4.09259  0.57524  3.22760  4.57374  4.75347  4.38678  4.21465  3.98665  3.79786  2.62516  5.25828  4.04800    150 L - - -
          2.68618  4.42225  2.77519  2.73123  3.46354  2.40513  3.72494  3.29354  2.67741  2.69355  4.24690  2.90347  2.73739  3.18146  2.89801  2.37887  2.77519  2.98518  4.58477  3.61503
          0.02310  4.17533  4.89768  0.61958  0.77255  0.48576  0.95510
    141   2.75572  4.71939  3.29245  2.99413  4.46925  1.01749  4.11347  3.96425  2.81908  3.56289  4.43706  3.36309  3.99201  3.33817  2.31057  2.86911  3.14220  3.53601  5.64635  4.44481    151 g - - -
          2.68618  4.42225  2.77519  2.73123  3.46354  2.40513  3.72494  3.29354  2.67741  2.69355  4.24690  2.90347  2.73739  3.18146  2.89801  2.37887  2.77519  2.98518  4.58477  3.61503
          0.02310  4.17533  4.89768  0.61958  0.77255  0.48576  0.95510
    142   2.21483  4.67099  3.11432  2.56510  3.92353  3.45026  3.70181  3.31830  2.40396  2.61003  3.79614  3.05464  3.44616  2.88456  2.73631  2.05413  2.84944  2.98086  5.23511  3.93518    152 s - - -
          2.68618  4.42225  2.77519  2.73123  3.46354  2.40513  3.72494  3.29354  2.67741  2.69355  4.24690  2.90347  2.73739  3.18146  2.89801  2.37887  2.77519  2.98518  4.58477  3.61503
          0.02310  4.17533  4.89768  0.61958  0.77255  0.48576  0.95510
    143   2.62578  4.64858  2.92364  2.81637  4.57436  1.02372  4.19082  4.12690  3.15122  3.74965  4.60202  2.37109  3.90454  3.43236  3.53479  2.73233  3.07344  3.59581  5.83827  4.54677    153 g - - -
          2.68618  4.42225  2.77519  2.73123  3.46354  2.40513  3.72494  3.29354  2.67741  2.69355  4.24690  2.90347  2.73739  3.18146  2.89801  2.37887  2.77519  2.98518  4.58477  3.61503
          0.02310  4.17533  4.89768  0.61958  0.77255  0.48576  0.95510
    144   3.19914  4.48633  5.00044  4.51639  3.70798  4.59852  5.22862  1.40385  4.41077  2.19930  3.49992  4.71279  4.90307  4.67524  4.59937  4.00122  3.46779  0.93742  5.70321  4.49066    154 v - - -
          2.68618  4.42225  2.77519  2.73123  3.46354  2.40513  3.72494  3.29354  2.67741  2.69355  4.24690  2.90347  2.73739  3.18146  2.89801  2.37887  2.77519  2.98518  4.58477  3.61503
          0.02310  4.17533  4.89768  0.61958  0.77255  0.48576  0.95510
    145   2.00973  4.34850  3.42853  2.99962  4.26509  3.12343  4.09652  3.67232  3.00910  3.33468  4.15360  3.28268  2.77015  3.32033  3.38571  1.50156  2.12467  3.19848  5.58725  4.34004    155 s - - -
          2.68618  4.42225  2.77519  2.73123  3.46354  2.40513  3.72494  3.29354  2.67741  2.69355  4.24690  2.90347  2.73739  3.18146  2.89801  2.37887  2.77519  2.98518  4.58477  3.61503
          0.02310  4.17533  4.89768  0.61958  0.77255  0.48576  0.95510
    146   2.82335  5.17136  2.65748  2.08746  4.50953  3.40321  3.72690  3.96363  2.46615  3.49134  4.30855  2.91255  3.89930  1.55653  2.88726  2.38426  3.07542  3.58377  5.65264  4.28026    156 q - - -
          2.68618  4.42225  2.77519  2.73123  3.46354  2.40513  3.72494  3.29354  2.67741  2.69355  4.24690  2.90347  2.73739  3.18146  2.89801  2.37887  2.77519  2.98518  4.58477  3.61503
          0.02310  4.17533  4.89768  0.61958  0.77255  0.48576  0.95510
    147   2.47080  4.32911  3.54306  3.05363  3.85945  3.30665  4.04163  3.08663  2.99651  2.76816  3.79692  3.36139  3.88919  3.32405  3.34174  1.98217  1.63490  2.42863  5.28153  4.04235    157 t - - -
          2.68618  4.42225  2.77519  2.73123  3.46354  2.40513  3.72494  3.29354  2.67741  2.69355  4.24690  2.90347  2.73739  3.18146  2.89801  2.37887  2.77519  2.98518  4.58477  3.61503
          0.02310  4.17533  4.89768  0.61958  0.77255  0.48576  0.95510
    148   2.88706  5.28422  2.16728  2.32504  4.57637  3.38059  3.76912  4.08469  2.58028  3.59972  4.43128  2.87970  3.91454  1.35610  2.97480  2.83337  3.14940  3.69558  5.74150  4.33058    158 q - - -
          2.68618  4.42225  2.77519  2.73123  3.46354  2.40513  3.72494  3.29354  2.67741  2.69355  4.24690  2.90347  2.73739  3.18146  2.89801  2.37887  2.77519  2.98518  4.58477  3.61503
          0.02310  4.17533  4.89768  0.61958  0.77255  0.48576  0.95510
    149   3.26653  4.88714  3.87480  3.42798  2.11197  4.04467  1.25459  3.45857  3.30870  2.90341  4.00524  3.66742  4.41151  3.58967  3.58672  3.35268  3.49536  3.28394  3.97542  2.10579    159 h - - -
          2.68618  4.42225  2.77519  2.73123  3.46354  2.40513  3.72494  3.29354  2.67741  2.69355  4.24690  2.90347  2.73739  3.18146  2.89801  2.37887  2.77519  2.98518  4.58477  3.61503
          0.02310  4.17533  4.89768  0.61958  0.77255  0.48576  0.95510
    150   3.32813  4.66044  4.92436  4.35943  3.17499  4.58187  4.90964  2.18987  4.21607  0.91522  2.41305  4.60840  4.78051  4.33356  4.33699  3.92854  3.55358  1.93052  5.24014  4.17755    160 l - - -
          2.68618  4.42225  2.77519  2.73123  3.46354  2.40513  3.72494  3.29354  2.67741  2.69355  4.24690  2.90347  2.73739  3.18146  2.89801  2.37887  2.77519  2.98518  4.58477  3.61503
          0.02310  4.17533  4.89768  0.61958  0.77255  0.48576  0.95510
    151   3.71436  5.07917  4.30052  4.09615  2.37359  4.19484  3.80445  3.68538  3.94605  3.05822  4.33005  4.11723  4.66588  4.17654  4.06297  3.81649  4.00492  3.57142  4.02559  0.58034    161 Y - - -
          2.68618  4.42225  2.77519  2.73123  3.46354  2.40513  3.72494  3.29354  2.67741  2.69355  4.24690  2.90347  2.73739  3.18146  2.89801  2.37887  2.77519  2.98518  4.58477  3.61503
          0.02310  4.17533  4.89768  0.61958  0.77255  0.48576  0.95510
    152   3.23218  4.53019  4.96227  4.42469  3.42396  4.58557  5.02486  1.76089  4.30455  1.32782  3.22277  4.64166  4.82810  4.48515  4.45363  3.94895  3.47490  1.26506  5.42667  4.28976    162 v - - -
          2.68618  4.42225  2.77519  2.73123  3.46354  2.40513  3.72494  3.29354  2.67741  2.69355  4.24690  2.90347  2.73739  3.18146  2.89801  2.37887  2.77519  2.98518  4.58477  3.61503
          0.02310  4.17533  4.89768  0.61958  0.77255  0.48576  0.95510
    153   2.48606  4.38603  4.72734  4.21476  3.67725  4.32355  4.90347  1.32056  4.11690  2.30307  3.50613  4.41401  4.68110  4.37715  4.31955  3.69134  3.30280  1.22104  5.50803  4.30235    163 v - - -
          2.68618  4.42225  2.77519  2.73123  3.46354  2.40513  3.72494  3.29354  2.67741  2.69355  4.24690  2.90347  2.73739  3.18146  2.89801  2.37887  2.77519  2.98518  4.58477  3.61503
          0.02310  4.17533  4.89768  0.61958  0.77255  0.48576  0.95510
    154   3.18451  4.51513  4.90083  4.32122  1.87499  4.41732  4.67832  1.73654  4.17996  1.49563  2.26300  4.48094  4.64713  4.25496  4.24979  3.74835  3.40559  2.31563  5.00863  3.85639    164 l - - -
          2.68618  4.42225  2.77519  2.73123  3.46354  2.40513  3.72494  3.29354  2.67741  2.69355  4.24690  2.90347  2.73739  3.18146  2.89801  2.37887  2.77519  2.98518  4.58477  3.61503
          0.02310  4.17533  4.89768  0.61958  0.77255  0.48576  0.95510
    155   3.89294  5.06179  4.83668  4.57794  1.40384  4.57797  3.54019  3.55532  4.41071  2.84358  4.13733  4.22500  4.87607  4.31255  4.39540  3.96049  4.11067  3.48770  3.65804  0.87841    165 y - - -
          2.68618  4.42225  2.77519  2.73123  3.46354  2.40513  3.72494  3.29354  2.67741  2.69355  4.24690  2.90347  2.73739  3.18146  2.89801  2.37887  2.77519  2.98518  4.58477  3.61503
          0.02310  4.17533  4.89768  0.61958  0.77255  0.48576  0.95510
    156   2.31176  2.91386  3.82184  3.38335  4.08868  3.09809  4.28247  3.42648  3.31485  3.17584  4.03449  3.48315  3.80996  3.60128  3.60260  1.39956  1.80031  3.00143  5.49268  4.29473    166 s - - -
          2.68618  4.42225  2.77519  2.73123  3.46354  2.40513  3.72494  3.29354  2.67741  2.69355  4.24690  2.90347  2.73739  3.18146  2.89801  2.37887  2.77519  2.98518  4.58477  3.61503
          0.02310  4.17533  4.89768  0.61958  0.77255  0.48576  0.95510
    157   2.35196  4.29679  3.49347  3.26440  4.42938  3.05237  4.35575  3.82624  3.31597  3.55681  4.41530  3.41627  3.81435  3.63591  3.60697  0.88649  2.52132  3.28653  5.78552  4.54795    167 s - - -
          2.68618  4.42225  2.77519  2.73123  3.46354  2.40513  3.72494  3.29354  2.67741  2.69355  4.24690  2.90347  2.73739  3.18146  2.89801  2.37887  2.77519  2.98518  4.58477  3.61503
          0.02310  4.17533  4.89768  0.61958  0.77255  0.48576  0.95510
    158   2.32267  5.04621  1.96738  2.07411  4.35838  3.37492  3.67437  3.79924  2.49102  3.35764  4.15030  2.88174  3.83262  2.80753  2.98713  2.42768  2.93669  2.94215  5.55388  4.16649    168 d - - -
          2.68618  4.42225  2.77519  2.73123  3.46354  2.40513  3.72494  3.29354  2.67741  2.69355  4.24690  2.90347  2.73739  3.18146  2.89801  2.37887  2.77519  2.98518  4.58477  3.61503
          0.02310  4.17533  4.89768  0.61958  0.77255  0.48576  0.95510
    159   1.40466  4.25224  3.54975  3.23932  4.45622  1.92975  4.31993  3.88589  3.30982  3.55691  4.36305  3.38860  3.77109  3.57921  3.63834  1.70894  2.78545  3.30058  5.78380  4.57462    169 a - - -
          2.68618  4.42225  2.77519  2.73123  3.46354  2.40513  3.72494  3.29354  2.67741  2.69355  4.24690  2.90347  2.73739  3.18146  2.89801  2.37887  2.77519  2.98518  4.58477  3.61503
          0.02310  4.17533  4.89768  0.61958  0.77255  0.48576  0.95510
    160   2.72558  4.12887  4.42434  3.85721  3.31660  4.06811  4.44758  2.16469  3.73279  1.84355  1.79698  4.07960  4.40804  3.95263  3.91647  3.38513  3.14314  1.68490  5.05718  3.89375    170 v - - -
          2.68618  4.42225  2.77519  2.73123  3.46354  2.40513  3.72494  3.29354  2.67741  2.69355  4.24690  2.90347  2.73739  3.18146  2.89801  2.37887  2.77519  2.98518  4.58477  3.61503
          0.02310  4.17533  4.89768  0.61958  0.77255  0.48576  0.95510
    161   2.83049  4.97796  3.12258  2.68092  4.50210  3.48295  3.76379  3.88290  1.16807  3.43260  4.27788  3.13063  3.96796  2.91386  2.55148  2.47575  2.94087  3.51463  5.56688  4.30372    171 k - - -
          2.68618  4.42225  2.77519  2.73123  3.46354  2.40513  3.72494  3.29354  2.67741  2.69355  4.24690  2.90347  2.73739  3.18146  2.89801  2.37887  2.77519  2.98518  4.58477  3.61503
          0.02310  4.17533  4.89768  0.61958  0.77255  0.48576  0.95510
    162   1.86044  4.24461  3.81940  3.28023  3.50171  2.89257  4.09311  1.97735  3.20814  2.46160  3.45629  3.57748  4.06520  3.49264  3.49921  2.92220  2.89841  2.04818  5.01921  3.80481    172 a - - -
          2.68618  4.42225  2.77519  2.73123  3.46354  2.40513  3.72494  3.29354  2.67741  2.69355  4.24690  2.90347  2.73739  3.18146  2.89801  2.37887  2.77519  2.98518  4.58477  3.61503
          0.02310  4.17533  4.89768  0.61958  0.77255  0.48576  0.95510
    163   2.68526  4.28536  3.81534  3.27775  3.50799  3.71333  4.11047  2.12362  3.19822  2.47117  3.45409  2.90631  4.12976  3.50054  3.49534  3.01370  2.52524  1.50434  5.04191  3.81953    173 v - - -
          2.68618  4.42225  2.77519  2.73123  3.46354  2.40513  3.72494  3.29354  2.67741  2.69355  4.24690  2.90347  2.73739  3.18146  2.89801  2.37887  2.77519  2.98518  4.58477  3.61503
          0.02310  4.17533  4.89768  0.61958  0.77255  0.48576  0.95510
    164   3.07928  4.48043  4.53333  3.97460  3.01288  4.22251  4.38395  2.04799  3.81455  1.06569  3.07698  4.18276  4.50816  4.00300  3.96664  3.53962  3.30573  2.36799  4.82556  2.74313    174 l - - -
          2.68618  4.42225  2.77519  2.73123  3.46354  2.40513  3.72494  3.29354  2.67741  2.69355  4.24690  2.90347  2.73739  3.18146  2.89801  2.37887  2.77519  2.98518  4.58477  3.61503
          0.02310  4.17533  4.89768  0.61958  0.77255  0.48576  0.95510
    165   2.98095  5.40058  2.45909  1.11882  4.69543  3.38866  3.80554  4.18629  2.61180  3.68882  4.54553  2.87661  3.94910  2.41194  3.05437  2.90743  3.24512  3.80231  5.83432  4.42381    175 e - - -
          2.68618  4.42225  2.77519  2.73123  3.46354  2.40513  3.72494  3.29354  2.67741  2.69355  4.24690  2.90347  2.73739  3.18146  2.89801  2.37887  2.77519  2.98518  4.58477  3.61503
          0.02310  4.17533  4.89768  0.61958  0.77255  0.48576  0.95510
    166   2.64325  4.87926  2.86690  2.44158  4.24168  2.81930  2.29470  3.68299  2.50199  3.26157  4.06841  2.40726  3.83947  2.85475  2.95762  2.49759  2.52607  3.31702  5.47107  4.12019    176 h - - -
          2.68618  4.42225  2.77519  2.73123  3.46354  2.40513  3.72494  3.29354  2.67741  2.69355  4.24690  2.90347  2.73739  3.18146  2.89801  2.37887  2.77519  2.98518  4.58477  3.61503
          0.02310  4.17533  4.89768  0.61958  0.77255  0.48576  0.95510
    167   3.05685  5.01570  3.65195  3.07682  4.49588  3.65736  3.86112  3.89258  2.17687  3.41485  4.36466  3.41882  4.13518  3.03516  0.89934  3.12633  3.10823  3.58781  5.52241  4.34075    177 r - - -
          2.68618  4.42225  2.77519  2.73123  3.46354  2.40513  3.72494  3.29354  2.67741  2.69355  4.24690  2.90347  2.73739  3.18146  2.89801  2.37887  2.77519  2.98518  4.58477  3.61503
          0.02310  4.17533  4.89768  0.61958  0.77255  0.48576  0.95510
    168   2.72788  4.21139  4.13090  3.56188  3.30950  3.83840  4.19166  2.06310  3.44896  2.20562  2.09612  3.80757  4.21058  3.69545  3.66371  2.61455  2.97183  1.79256  4.90669  3.71439    178 v - - -
          2.68618  4.42225  2.77519  2.73123  3.46354  2.40513  3.72494  3.29354  2.67741  2.69355  4.24690  2.90347  2.73739  3.18146  2.89801  2.37887  2.77519  2.98518  4.58477  3.61503
          0.02310  4.17533  4.89768  0.61958  0.77255  0.48576  0.95510
    169   2.89516  4.57342  3.71638  3.33400  2.84767  3.70450  3.86298  3.10155  3.21056  2.74896  3.80140  3.59838  4.20001  3.55925  3.46949  3.09267  2.45778  2.90072  4.45669  1.20522    179 y - - -
          2.68618  4.42225  2.77519  2.73123  3.46354  2.40513  3.72494  3.29354  2.67741  2.69355  4.24690  2.90347  2.73739  3.18146  2.89801  2.37887  2.77519  2.98518  4.58477  3.61503
          0.03028  4.17533  4.23679  0.61958  0.77255  0.48576  0.95510
    170   2.90187  4.28369  4.52786  3.95676  3.24758  4.10954  4.42814  1.51765  3.82135  1.81598  3.20307  4.13428  4.42951  4.01758  3.96690  3.42495  3.13680  1.67433  4.96467  2.91050    180 i - - -
          2.68618  4.42225  2.77519  2.73123  3.46354  2.40513  3.72494  3.29354  2.67741  2.69355  4.24690  2.90347  2.73739  3.18146  2.89801  2.37887  2.77519  2.98518  4.58477  3.61503
          0.02326  4.16832  4.89067  0.61958  0.77255  0.49437  0.94150
    171   2.40740  5.29761  1.95990  1.65709  4.59836  3.34822  2.92260  4.08686  2.55840  3.58826  4.37589  2.81376  3.85384  2.83551  3.08446  2.73509  3.05134  3.67074  5.74609  4.30723    181 e - - -
          2.68618  4.42225  2.77519  2.73123  3.46354  2.40513  3.72494  3.29354  2.67741  2.69355  4.24690  2.90347  2.73739  3.18146  2.89801  2.37887  2.77519  2.98518  4.58477  3.61503
          0.02326  4.16832  4.89067  0.61958  0.77255  0.49437  0.94150
    172   3.19602  4.48795  4.95477  4.45131  3.65176  4.58962  5.15232  1.57295  4.33719  2.06370  3.45227  4.66608  4.87772  4.59780  4.52944  3.97662  3.45712  0.90535  5.63520  4.42755    182 v - - -
          2.68618  4.42225  2.77519  2.73123  3.46354  2.40513  3.72494  3.29354  2.67741  2.69355  4.24690  2.90347  2.73739  3.18146  2.89801  2.37887  2.77519  2.98518  4.58477  3.61503
          0.01572  4.16077        *  0.61958  0.77255  0.00000        *
//
