HMMER3/f [3.3.2 | Nov 2020]
NAME  vHMM_18698
LENG  175
ALPH  amino
RF    no
MM    no
CONS  yes
CS    no
MAP   yes
DATE  Mon Feb 22 14:06:27 2021
NSEQ  138
EFFN  5.344299
CKSUM 138254444
STATS LOCAL MSV      -10.2995  0.70710
STATS LOCAL VITERBI  -10.9402  0.70710
STATS LOCAL FORWARD   -4.7380  0.70710
CUTOFF SCORE	59.12
TAXON	Virgaviridae
TXID	675071
PROTEIN	Coat
TYPE	Full-length
RANGE	Wide
HMM          A        C        D        E        F        G        H        I        K        L        M        N        P        Q        R        S        T        V        W        Y   
            m->m     m->i     m->d     i->m     i->i     d->m     d->d
  COMPO   2.44783  4.70356  2.95207  2.64045  3.24079  2.98567  3.88097  3.08866  2.75618  2.57443  3.88387  2.92232  3.34398  2.92173  2.76939  2.51156  2.66029  2.72986  4.30407  3.53006
          2.68677  4.42192  2.77577  2.73190  3.46328  2.40608  3.72639  3.29311  2.67820  2.69243  4.23968  2.90267  2.73760  3.18216  2.89669  2.37892  2.77554  2.98331  4.58621  3.61648
          1.21627  1.07087  1.01900  2.43545  0.09163  0.00000        *
      1   2.68408  4.23660  3.90690  2.70178  2.97728  3.74318  4.02694  2.39199  3.24103  1.65708  2.70742  3.62667  3.98723  3.49952  3.26698  2.73757  2.91593  2.48912  4.83881  3.63488     41 l - - -
          2.68618  4.42225  2.77519  2.73123  3.46354  2.40513  3.72494  3.29354  2.67741  2.69355  4.24690  2.90347  2.73739  3.18146  2.89801  2.37887  2.77519  2.98518  4.58477  3.61503
          0.01736  4.45832  5.18067  0.61958  0.77255  1.08988  0.40986
      2   2.68555  4.81989  3.12774  2.40442  4.04288  2.86573  3.74018  3.44908  2.55634  2.60406  3.89808  3.08085  3.62137  2.75533  2.65802  2.54530  2.21296  2.64822  5.33653  4.01718     42 t - - -
          2.68618  4.42225  2.77519  2.73123  3.46354  2.40513  3.72494  3.29354  2.67741  2.69355  4.24690  2.90347  2.73739  3.18146  2.89801  2.37887  2.77519  2.98518  4.58477  3.61503
          0.01736  4.45832  5.18067  0.61958  0.77255  0.76660  0.62472
      3   2.29653  4.49803  3.13603  2.96131  3.64322  3.68475  3.04198  3.00768  2.92187  2.28788  2.50618  3.38807  4.06581  3.23337  2.97351  2.92323  2.52527  2.25868  5.07318  3.82925     43 v - - -
          2.68618  4.42225  2.77519  2.73123  3.46354  2.40513  3.72494  3.29354  2.67741  2.69355  4.24690  2.90347  2.73739  3.18146  2.89801  2.37887  2.77519  2.98518  4.58477  3.61503
          0.01517  4.59209  5.31444  0.61958  0.77255  0.73946  0.64888
      4   2.14136  4.77489  3.33488  2.58817  3.96217  3.66526  3.88504  3.03978  2.28355  2.59297  2.60171  3.26123  3.50177  3.09160  2.53032  2.88223  2.68413  2.83319  5.31539  4.02667     44 a - - -
          2.68618  4.42225  2.77519  2.73123  3.46354  2.40513  3.72494  3.29354  2.67741  2.69355  4.24690  2.90347  2.73739  3.18146  2.89801  2.37887  2.77519  2.98518  4.58477  3.61503
          0.01303  4.74250  5.46485  0.61958  0.77255  0.53933  0.87500
      5   2.79280  4.50150  3.88834  3.33028  3.68247  2.01579  4.17336  3.03537  3.27189  2.76278  2.35245  3.43357  3.16332  3.55687  3.58703  2.82510  2.82234  1.72423  5.14579  3.92671     45 v - - -
          2.68618  4.42225  2.77519  2.73123  3.46354  2.40513  3.72494  3.29354  2.67741  2.69355  4.24690  2.90347  2.73739  3.18146  2.89801  2.37887  2.77519  2.98518  4.58477  3.61503
          0.01144  4.87252  5.59486  0.61958  0.77255  0.57172  0.83139
      6   2.38258  5.30768  2.54055  2.13872  4.63596  2.05468  3.80661  4.11027  2.23373  3.41762  3.72472  2.78827  4.01053  2.90871  3.03847  2.80793  2.64726  3.31756  5.75067  4.34995     46 g - - -
          2.68618  4.42225  2.77519  2.73123  3.46354  2.40513  3.72494  3.29354  2.67741  2.69355  4.24690  2.90347  2.73739  3.18146  2.89801  2.37887  2.77519  2.98518  4.58477  3.61503
          0.01111  4.90152  5.62387  0.61958  0.77255  0.40906  1.09147
      7   2.72895  5.10723  3.29343  3.05593  4.31815  1.85955  4.18967  3.37503  2.96715  3.36305  1.40049  3.19699  2.95789  3.38762  3.48906  2.96485  3.32131  3.42799  5.65987  4.36449     47 m - - -
          2.68618  4.42225  2.77519  2.73123  3.46354  2.40513  3.72494  3.29354  2.67741  2.69355  4.24690  2.90347  2.73739  3.18146  2.89801  2.37887  2.77519  2.98518  4.58477  3.61503
          0.00689  5.37648  6.09883  0.61958  0.77255  0.48576  0.95510
      8   2.32992  4.24672  3.44154  2.88386  4.50860  2.89475  2.30020  3.56309  2.70228  3.55261  3.20379  3.40712  2.41207  3.22935  2.81414  1.97527  2.72371  3.58429  5.78691  4.44464     48 s - - -
          2.68618  4.42225  2.77519  2.73123  3.46354  2.40513  3.72494  3.29354  2.67741  2.69355  4.24690  2.90347  2.73739  3.18146  2.89801  2.37887  2.77519  2.98518  4.58477  3.61503
          0.00689  5.37648  6.09883  0.61958  0.77255  0.48576  0.95510
      9   4.43204  5.04495  5.91111  5.83421  3.14444  5.25564  4.70142  4.89342  5.53455  4.14559  5.52050  5.30353  5.79125  5.51659  5.46483  4.77909  5.09223  4.75114  4.81845  0.17458     49 Y - - -
          2.68618  4.42225  2.77519  2.73123  3.46354  2.40513  3.72494  3.29354  2.67741  2.69355  4.24690  2.90347  2.73739  3.18146  2.89801  2.37887  2.77519  2.98518  4.58477  3.61503
          0.00689  5.37648  6.09883  0.61958  0.77255  0.48576  0.95510
     10   2.45042  5.53372  2.16329  2.39869  4.08996  3.01812  3.60951  3.96359  2.74674  3.48459  4.57735  2.75734  4.20100  2.77403  3.24647  2.23522  1.89968  3.27096  5.97320  4.56913     50 t - - -
          2.68618  4.42225  2.77519  2.73123  3.46354  2.40513  3.72494  3.29354  2.67741  2.69355  4.24690  2.90347  2.73739  3.18146  2.89801  2.37887  2.77519  2.98518  4.58477  3.61503
          0.00689  5.37708  6.09942  0.61958  0.77255  0.48576  0.95510
     11   3.02161  5.45543  2.77176  2.00766  4.75778  2.63757  3.62061  2.22780  2.79113  3.41685  4.50762  2.54716  2.81289  3.14921  3.27564  2.78680  2.66836  2.70547  5.91459  4.53093     51 e - - -
          2.68622  4.42245  2.77505  2.73110  3.46237  2.40533  3.72514  3.29374  2.67761  2.69375  4.24710  2.90366  2.73759  3.18140  2.89821  2.37872  2.77539  2.98538  4.58113  3.61443
          0.26773  1.47105  5.25804  0.41423  1.08131  0.48576  0.95510
     12   2.84537  5.26356  2.47386  2.60789  3.03031  3.88938  4.09303  2.71259  2.73729  3.03365  4.33390  2.31145  3.42762  3.24221  3.35688  2.40020  2.13008  2.64703  5.76546  4.42934     55 t - - -
          2.68618  4.42225  2.77519  2.73123  3.46354  2.40513  3.72494  3.29354  2.67741  2.69355  4.24690  2.90347  2.73739  3.18146  2.89801  2.37887  2.77519  2.98518  4.58477  3.61503
          0.00691  5.37411  6.09646  0.61958  0.77255  0.49787  0.93605
     13   2.28553  5.55456  3.05974  2.34271  4.89795  2.97066  3.72258  4.38274  2.29826  3.50224  4.59566  2.94621  4.21570  2.55204  2.85849  1.89809  2.35769  2.89067  5.98825  4.57831     56 s - - -
          2.68618  4.42225  2.77519  2.73123  3.46354  2.40513  3.72494  3.29354  2.67741  2.69355  4.24690  2.90347  2.73739  3.18146  2.89801  2.37887  2.77519  2.98518  4.58477  3.61503
          0.00691  5.37411  6.09646  0.61958  0.77255  0.49787  0.93605
     14   2.45852  5.33472  3.12865  2.22187  3.21626  3.02524  4.06956  3.45177  2.70192  3.08566  4.39859  3.14195  1.89718  3.20334  3.09482  2.77072  2.88540  3.59180  2.84102  4.46770     57 p - - -
          2.68618  4.42225  2.77519  2.73123  3.46354  2.40513  3.72494  3.29354  2.67741  2.69355  4.24690  2.90347  2.73739  3.18146  2.89801  2.37887  2.77519  2.98518  4.58477  3.61503
          0.00691  5.37411  6.09646  0.61958  0.77255  0.49787  0.93605
     15   3.04788  5.55412  3.07939  2.39104  4.10379  3.21978  3.60510  3.83766  1.94750  2.71333  4.59527  2.21658  4.21576  2.67548  2.36951  2.18171  2.94243  3.79916  5.98791  4.57809     58 k - - -
          2.68618  4.42225  2.77519  2.73123  3.46354  2.40513  3.72494  3.29354  2.67741  2.69355  4.24690  2.90347  2.73739  3.18146  2.89801  2.37887  2.77519  2.98518  4.58477  3.61503
          0.00691  5.37411  6.09646  0.61958  0.77255  0.49787  0.93605
     16   2.51786  5.54456  2.79807  2.61470  4.88363  3.82418  4.01187  3.82765  2.48885  3.49368  3.95094  1.99019  3.73865  1.77135  3.24070  2.36034  2.60562  3.55239  5.98084  4.57353     59 q - - -
          2.68618  4.42225  2.77519  2.73123  3.46354  2.40513  3.72494  3.29354  2.67741  2.69355  4.24690  2.90347  2.73739  3.18146  2.89801  2.37887  2.77519  2.98518  4.58477  3.61503
          0.00691  5.37411  6.09646  0.61958  0.77255  0.49787  0.93605
     17   2.65910  4.59061  4.51893  3.93368  2.55028  4.19602  3.44946  2.58702  2.76277  1.34817  3.51482  3.31803  4.56618  3.26858  3.56388  3.47900  3.33325  2.27770  5.20047  3.01387     60 l - - -
          2.68618  4.42225  2.77519  2.73123  3.46354  2.40513  3.72494  3.29354  2.67741  2.69355  4.24690  2.90347  2.73739  3.18146  2.89801  2.37887  2.77519  2.98518  4.58477  3.61503
          0.00691  5.37411  6.09646  0.61958  0.77255  0.49787  0.93605
     18   2.46143  5.17122  2.85309  2.96622  4.38479  3.91639  4.12702  2.26171  2.69211  3.41842  3.15844  2.99925  2.84415  2.68457  3.15693  2.88778  3.06836  1.78839  5.69173  4.37769     61 v - - -
          2.68618  4.42225  2.77519  2.73123  3.46354  2.40513  3.72494  3.29354  2.67741  2.69355  4.24690  2.90347  2.73739  3.18146  2.89801  2.37887  2.77519  2.98518  4.58477  3.61503
          0.00691  5.37411  6.09646  0.61958  0.77255  0.49787  0.93605
     19   1.94887  4.56240  3.49283  3.58076  2.46310  4.21726  4.52483  2.65746  3.49646  2.35821  3.67800  4.22539  4.58584  4.12327  3.59725  3.50706  3.33587  2.36884  3.63538  1.59021     62 y - - -
          2.68618  4.42225  2.77519  2.73123  3.46354  2.40513  3.72494  3.29354  2.67741  2.69355  4.24690  2.90347  2.73739  3.18146  2.89801  2.37887  2.77519  2.98518  4.58477  3.61503
          0.00691  5.37411  6.09646  0.61958  0.77255  0.49787  0.93605
     20   2.57729  5.06860  3.08045  2.58140  2.33593  3.95080  4.17062  3.33457  2.45342  1.95538  3.35978  3.03785  4.33715  3.37516  3.20439  2.35177  2.88349  2.93051  5.60826  3.77866     63 l - - -
          2.68618  4.42225  2.77519  2.73123  3.46354  2.40513  3.72494  3.29354  2.67741  2.69355  4.24690  2.90347  2.73739  3.18146  2.89801  2.37887  2.77519  2.98518  4.58477  3.61503
          0.00691  5.37471  6.09705  0.61958  0.77255  0.49787  0.93605
     21   1.96446  5.51334  3.09370  2.50871  4.07533  2.98725  4.01986  3.98495  2.50981  3.81040  3.93505  3.30592  3.41762  2.77764  3.04123  1.81355  2.11922  3.63362  5.95770  4.55862     64 s - - -
          2.68618  4.42225  2.77519  2.73123  3.46354  2.40513  3.72494  3.29354  2.67741  2.69355  4.24690  2.90347  2.73739  3.18146  2.89801  2.37887  2.77519  2.98518  4.58477  3.61503
          0.04343  5.37471  3.27359  0.61958  0.77255  0.47827  0.96720
     22   2.18395  5.53815  3.06280  2.59460  3.63904  2.44656  2.89652  4.36634  2.28184  3.84272  4.57924  2.59523  3.39943  2.90593  2.50977  2.17063  3.04741  3.54467  5.97183  4.56188     65 s - - -
          2.68618  4.42225  2.77519  2.73123  3.46354  2.40513  3.72494  3.29354  2.67741  2.69355  4.24690  2.90347  2.73739  3.18146  2.89801  2.37887  2.77519  2.98518  4.58477  3.61503
          0.02586  5.34151  3.87584  0.61958  0.77255  0.62213  0.76960
     23   1.80208  5.11139  3.52573  2.96633  4.31657  3.90009  3.64767  3.37935  2.66010  2.74853  4.00936  2.65950  3.54116  3.29560  3.14442  1.97805  2.85144  2.20384  5.63825  4.33194     66 a - - -
          2.68642  4.42264  2.77353  2.73146  3.46359  2.40552  3.72490  3.29365  2.67780  2.69394  4.24729  2.90328  2.73762  3.18108  2.89840  2.37903  2.77559  2.98558  4.57578  3.61463
          0.21668  1.64794  6.04527  1.24317  0.34033  0.47085  0.97943
     24   5.63079  6.40292  6.28881  6.34157  1.32684  5.94443  4.43902  5.14488  6.09591  4.19664  5.62638  5.40687  6.17536  5.61715  5.80630  5.36709  5.80348  5.11855  0.82860  1.50900     71 w - - -
          2.68618  4.42225  2.77519  2.73123  3.46354  2.40513  3.72494  3.29354  2.67741  2.69355  4.24690  2.90347  2.73739  3.18146  2.89801  2.37887  2.77519  2.98518  4.58477  3.61503
          0.00701  5.35975  6.08210  0.61958  0.77255  0.55627  0.85178
     25   1.58827  3.82604  5.00797  4.39835  3.41610  3.70728  4.18050  1.60828  4.19916  2.61000  3.61665  4.41631  4.64063  4.34414  4.23263  3.58542  3.34507  1.49709  5.12315  3.70199     72 v - - -
          2.68618  4.42225  2.77519  2.73123  3.46354  2.40513  3.72494  3.29354  2.67741  2.69355  4.24690  2.90347  2.73739  3.18146  2.89801  2.37887  2.77519  2.98518  4.58477  3.61503
          0.00701  5.35975  6.08210  0.61958  0.77255  0.55627  0.85178
     26   3.04241  5.55236  2.07558  1.69545  4.09887  3.81539  3.59776  4.38284  2.48939  3.49840  4.59318  3.28294  2.33338  2.91516  2.36146  2.47070  3.27359  3.94284  5.98510  4.57432     73 e - - -
          2.68618  4.42225  2.77519  2.73123  3.46354  2.40513  3.72494  3.29354  2.67741  2.69355  4.24690  2.90347  2.73739  3.18146  2.89801  2.37887  2.77519  2.98518  4.58477  3.61503
          0.00701  5.35975  6.08210  0.61958  0.77255  0.55627  0.85178
     27   3.06587  5.02460  3.65115  2.89816  3.80991  3.26229  3.69461  3.58809  2.46613  2.56355  3.65066  3.57022  2.21466  3.14898  3.49481  2.41130  3.29737  2.59646  5.57114  1.90222     74 y - - -
          2.68618  4.42225  2.77519  2.73123  3.46354  2.40513  3.72494  3.29354  2.67741  2.69355  4.24690  2.90347  2.73739  3.18146  2.89801  2.37887  2.77519  2.98518  4.58477  3.61503
          0.00697  5.36576  6.08811  0.61958  0.77255  0.55627  0.85178
     28   2.86951  5.52622  2.08196  2.21168  4.08304  3.43363  3.31550  2.86896  2.29961  3.07791  4.57003  2.84723  4.21586  2.76868  3.03206  2.47360  2.77471  3.01281  5.96613  3.72611     75 d - - -
          2.68618  4.42225  2.77519  2.73123  3.46354  2.40513  3.72494  3.29354  2.67741  2.69355  4.24690  2.90347  2.73739  3.18146  2.89801  2.37887  2.77519  2.98518  4.58477  3.61503
          0.00697  5.36576  6.08811  0.61958  0.77255  0.55627  0.85178
     29   2.09582  5.54968  2.70649  2.32928  4.89275  3.47214  4.00551  4.37732  2.60925  3.49742  4.59087  2.20680  3.60047  2.64970  2.70800  2.81781  2.09886  2.88607  5.98356  4.57380     76 a - - -
          2.68618  4.42225  2.77519  2.73123  3.46354  2.40513  3.72494  3.29354  2.67741  2.69355  4.24690  2.90347  2.73739  3.18146  2.89801  2.37887  2.77519  2.98518  4.58477  3.61503
          0.00697  5.36576  6.08811  0.61958  0.77255  0.55627  0.85178
     30   3.31303  4.67545  5.25042  4.64694  2.17766  4.48137  4.73789  3.01647  4.43651  1.10895  3.02539  4.62678  4.82522  4.54193  4.43855  3.79665  3.21051  2.70477  1.94795  2.91346     77 l - - -
          2.68618  4.42225  2.77519  2.73123  3.46354  2.40513  3.72494  3.29354  2.67741  2.69355  4.24690  2.90347  2.73739  3.18146  2.89801  2.37887  2.77519  2.98518  4.58477  3.61503
          0.00684  5.38357  6.10592  0.61958  0.77255  0.55627  0.85178
     31   2.86667  3.96368  3.08871  3.28341  3.83505  4.12307  3.80007  2.02148  2.82313  1.78794  2.57332  3.00650  4.49881  3.73336  3.82941  2.80202  3.32858  2.51382  5.30881  2.86875     78 l - - -
          2.68618  4.42225  2.77519  2.73123  3.46354  2.40513  3.72494  3.29354  2.67741  2.69355  4.24690  2.90347  2.73739  3.18146  2.89801  2.37887  2.77519  2.98518  4.58477  3.61503
          0.00684  5.38357  6.10592  0.61958  0.77255  0.55627  0.85178
     32   2.79292  5.66094  2.02020  2.19733  5.00301  3.86095  4.08273  4.49381  2.23481  3.96490  4.70554  1.63793  4.27854  2.52294  3.33909  2.17693  3.37082  4.05057  6.09200  4.67141     79 n - - -
          2.68618  4.42225  2.77519  2.73123  3.46354  2.40513  3.72494  3.29354  2.67741  2.69355  4.24690  2.90347  2.73739  3.18146  2.89801  2.37887  2.77519  2.98518  4.58477  3.61503
          0.00684  5.38357  6.10592  0.61958  0.77255  0.55627  0.85178
     33   3.11706  4.51074  4.96255  4.35508  2.67578  4.27311  4.60029  2.59731  4.16541  1.19856  3.29776  4.39583  4.39972  2.72753  3.68169  3.25296  2.71280  1.98547  5.13059  3.21773     80 l - - -
          2.68618  4.42225  2.77519  2.73123  3.46354  2.40513  3.72494  3.29354  2.67741  2.69355  4.24690  2.90347  2.73739  3.18146  2.89801  2.37887  2.77519  2.98518  4.58477  3.61503
          0.00682  5.38651  6.10886  0.61958  0.77255  0.55627  0.85178
     34   3.33505  2.00528  5.28809  3.88350  3.79792  4.55257  4.91531  1.94128  4.49720  1.05239  3.77286  4.70622  4.89907  4.64000  4.52703  3.87379  3.23049  2.11486  5.39880  4.22373     81 l - - -
          2.68618  4.42225  2.77519  2.73123  3.46354  2.40513  3.72494  3.29354  2.67741  2.69355  4.24690  2.90347  2.73739  3.18146  2.89801  2.37887  2.77519  2.98518  4.58477  3.61503
          0.00682  5.38651  6.10886  0.61958  0.77255  0.55627  0.85178
     35   2.60184  5.54007  2.75844  2.40306  4.87456  3.83261  3.61409  2.99947  2.22262  3.84084  3.95174  3.08499  4.22583  2.64313  2.59349  2.27581  2.29840  2.39885  5.97914  4.57466     82 k - - -
          2.68618  4.42225  2.77519  2.73123  3.46354  2.40513  3.72494  3.29354  2.67741  2.69355  4.24690  2.90347  2.73739  3.18146  2.89801  2.37887  2.77519  2.98518  4.58477  3.61503
          0.00682  5.38651  6.10886  0.61958  0.77255  0.55627  0.85178
     36   2.60211  5.56205  2.50505  2.74832  4.11112  2.92174  4.01565  4.39103  2.26032  3.86682  4.60305  2.03424  4.22190  2.77310  2.47735  2.00787  2.61222  3.56836  5.99546  4.58524     83 s - - -
          2.68618  4.42225  2.77519  2.73123  3.46354  2.40513  3.72494  3.29354  2.67741  2.69355  4.24690  2.90347  2.73739  3.18146  2.89801  2.37887  2.77519  2.98518  4.58477  3.61503
          0.00682  5.38651  6.10886  0.61958  0.77255  0.55627  0.85178
     37   1.76308  4.55302  4.72475  4.13073  3.65266  3.69808  4.55188  2.80769  3.98602  1.51836  3.32961  3.96057  4.60577  4.18121  4.11691  2.26714  2.88401  2.64681  2.42680  3.98276     84 l - - -
          2.68618  4.42225  2.77519  2.73123  3.46354  2.40513  3.72494  3.29354  2.67741  2.69355  4.24690  2.90347  2.73739  3.18146  2.89801  2.37887  2.77519  2.98518  4.58477  3.61503
          0.00682  5.38651  6.10886  0.61958  0.77255  0.55627  0.85178
     38   3.10113  5.23707  3.54629  2.98157  4.46374  3.94164  3.66915  3.86862  2.92208  1.93106  3.17035  3.48887  4.32861  1.97102  1.71341  2.51495  2.74294  3.56292  5.74413  4.42927     85 r - - -
          2.68618  4.42225  2.77519  2.73123  3.46354  2.40513  3.72494  3.29354  2.67741  2.69355  4.24690  2.90347  2.73739  3.18146  2.89801  2.37887  2.77519  2.98518  4.58477  3.61503
          0.00682  5.38651  6.10886  0.61958  0.77255  0.55627  0.85178
     39   1.98684  5.54933  3.08937  2.40067  4.88755  1.74464  4.01924  4.36868  2.30751  3.49843  4.59192  3.30141  3.74520  2.93269  3.03981  2.11378  3.07067  3.55710  5.98622  4.57946     86 g - - -
          2.68620  4.42227  2.77522  2.73125  3.46356  2.40515  3.72496  3.29356  2.67727  2.69357  4.24692  2.90349  2.73742  3.18148  2.89803  2.37877  2.77522  2.98520  4.58479  3.61505
          0.04291  3.22438  6.10886  0.30809  1.32744  0.55627  0.85178
     40   2.80924  4.88167  3.85578  3.05860  4.03063  3.43405  4.27958  2.38733  3.25570  2.59945  3.56118  2.10841  4.41837  2.24394  3.63722  3.27237  2.17080  2.04035  5.45352  4.20506     88 v - - -
          2.68618  4.42225  2.77519  2.73123  3.46354  2.40513  3.72494  3.29354  2.67741  2.69355  4.24690  2.90347  2.73739  3.18146  2.89801  2.37887  2.77519  2.98518  4.58477  3.61503
          0.00682  5.38651  6.10886  0.61958  0.77255  0.55627  0.85178
     41   2.38505  5.55012  3.31421  2.75784  4.88842  3.83408  3.32478  3.48323  2.13966  3.49796  4.59278  2.21749  4.22718  2.15124  2.21061  2.04172  3.28888  3.93717  5.51741  4.58086     89 s - - -
          2.68618  4.42225  2.77519  2.73123  3.46354  2.40513  3.72494  3.29354  2.67741  2.69355  4.24690  2.90347  2.73739  3.18146  2.89801  2.37887  2.77519  2.98518  4.58477  3.61503
          0.00682  5.38651  6.10886  0.61958  0.77255  0.55627  0.85178
     42   2.78450  4.61706  5.04591  4.45076  0.90503  4.37443  4.64749  3.00457  4.26403  2.20835  3.69933  4.48558  4.73647  4.40973  4.31547  3.68446  2.44680  2.66401  5.13330  2.94715     90 f - - -
          2.68618  4.42225  2.77519  2.73123  3.46354  2.40513  3.72494  3.29354  2.67741  2.69355  4.24690  2.90347  2.73739  3.18146  2.89801  2.37887  2.77519  2.98518  4.58477  3.61503
          0.00682  5.38651  6.10886  0.61958  0.77255  0.55627  0.85178
     43   2.28491  5.70016  2.81991  2.19307  5.04006  3.20182  4.12104  4.53091  2.88947  4.00519  4.75092  3.09483  4.30991  1.20344  3.39408  2.17289  3.41521  4.08980  6.13588  4.71252     91 q - - -
          2.68618  4.42225  2.77519  2.73123  3.46354  2.40513  3.72494  3.29354  2.67741  2.69355  4.24690  2.90347  2.73739  3.18146  2.89801  2.37887  2.77519  2.98518  4.58477  3.61503
          0.00682  5.38651  6.10886  0.61958  0.77255  0.55627  0.85178
     44   2.92844  4.86559  5.45515  4.88792  4.06365  4.81261  5.24325  2.25008  4.73172  1.88097  3.98463  4.95398  5.15023  4.90697  4.80835  4.15054  1.19566  1.38334  5.73846  4.55333     92 t - - -
          2.68618  4.42225  2.77519  2.73123  3.46354  2.40513  3.72494  3.29354  2.67741  2.69355  4.24690  2.90347  2.73739  3.18146  2.89801  2.37887  2.77519  2.98518  4.58477  3.61503
          0.00682  5.38651  6.10886  0.61958  0.77255  0.55627  0.85178
     45   2.88837  5.12979  3.57456  2.83955  4.33134  3.94016  4.15500  3.14797  3.00025  2.77111  3.72016  2.56589  4.32771  1.11716  3.44276  2.95350  3.07673  2.80795  5.66001  4.35761     93 q - - -
          2.68618  4.42225  2.77519  2.73123  3.46354  2.40513  3.72494  3.29354  2.67741  2.69355  4.24690  2.90347  2.73739  3.18146  2.89801  2.37887  2.77519  2.98518  4.58477  3.61503
          0.00682  5.38651  6.10886  0.61958  0.77255  0.55627  0.85178
     46   1.68251  5.57399  3.30178  2.30733  4.92086  3.85060  4.06309  4.40033  2.81091  3.88895  4.63490  2.38282  4.25853  2.41639  3.30334  1.61934  2.74853  3.97007  6.02821  4.62204     94 s - - -
          2.68618  4.42225  2.77519  2.73123  3.46354  2.40513  3.72494  3.29354  2.67741  2.69355  4.24690  2.90347  2.73739  3.18146  2.89801  2.37887  2.77519  2.98518  4.58477  3.61503
          0.00682  5.38651  6.10886  0.61958  0.77255  0.55627  0.85178
     47   1.70631  5.62125  2.39075  2.92714  5.08372  1.73101  2.27745  4.56289  3.07010  4.07272  4.83718  3.46355  4.39178  3.38972  3.56965  1.96605  3.49930  4.11894  6.22717  4.82432     95 a - - -
          2.68618  4.42225  2.77519  2.73123  3.46354  2.40513  3.72494  3.29354  2.67741  2.69355  4.24690  2.90347  2.73739  3.18146  2.89801  2.37887  2.77519  2.98518  4.58477  3.61503
          0.00682  5.38651  6.10886  0.61958  0.77255  0.55627  0.85178
     48   3.18058  5.47530  3.77364  3.16737  4.77060  4.10877  4.22599  4.16116  2.50022  2.87349  4.56162  3.29951  4.48842  3.37360  0.78516  2.80846  3.47534  3.14366  5.92877  4.65014     96 r - - -
          2.68618  4.42225  2.77519  2.73123  3.46354  2.40513  3.72494  3.29354  2.67741  2.69355  4.24690  2.90347  2.73739  3.18146  2.89801  2.37887  2.77519  2.98518  4.58477  3.61503
          0.00682  5.38651  6.10886  0.61958  0.77255  0.55627  0.85178
     49   2.49124  5.58907  1.37621  2.77077  4.93296  2.83403  4.05506  4.41611  2.80204  3.89829  4.64077  3.08950  4.25334  2.64967  3.07132  2.47082  2.11926  3.98139  6.03276  4.62241     97 d - - -
          2.68618  4.42225  2.77519  2.73123  3.46354  2.40513  3.72494  3.29354  2.67741  2.69355  4.24690  2.90347  2.73739  3.18146  2.89801  2.37887  2.77519  2.98518  4.58477  3.61503
          0.00682  5.38651  6.10886  0.61958  0.77255  0.44407  1.02561
     50   2.64038  5.39198  3.16169  2.10792  3.99240  3.87594  4.07233  2.64803  2.45664  3.66675  3.51451  3.37816  4.26735  2.17800  3.32004  2.46763  1.94441  2.93889  5.86920  4.50515     98 t - - -
          2.68618  4.42225  2.77519  2.73123  3.46354  2.40513  3.72494  3.29354  2.67741  2.69355  4.24690  2.90347  2.73739  3.18146  2.89801  2.37887  2.77519  2.98518  4.58477  3.61503
          0.00671  5.40396  6.12630  0.61958  0.77255  0.48576  0.95510
     51   3.31697  4.66869  5.29065  3.89460  3.09208  4.52899  4.88394  1.69249  4.48768  1.83335  2.95270  4.68934  4.87595  4.62198  4.50563  3.84868  2.97609  1.11497  5.36057  4.18716     99 v - - -
          2.68618  4.42225  2.77519  2.73123  3.46354  2.40513  3.72494  3.29354  2.67741  2.69355  4.24690  2.90347  2.73739  3.18146  2.89801  2.37887  2.77519  2.98518  4.58477  3.61503
          0.00671  5.40396  6.12630  0.61958  0.77255  0.48576  0.95510
     52   2.13133  5.46275  3.13802  2.81674  4.76370  3.86555  4.05866  4.21746  2.81131  2.18434  4.51813  3.35512  2.82333  2.34128  1.65499  2.71099  3.08450  3.83004  5.92527  4.54563    100 r - - -
          2.68618  4.42225  2.77519  2.73123  3.46354  2.40513  3.72494  3.29354  2.67741  2.69355  4.24690  2.90347  2.73739  3.18146  2.89801  2.37887  2.77519  2.98518  4.58477  3.61503
          0.00671  5.40396  6.12630  0.61958  0.77255  0.48576  0.95510
     53   2.83738  5.57679  2.72613  1.82262  4.92263  2.47761  4.02435  3.85960  2.61918  3.88240  4.61729  2.40566  4.23073  2.20787  2.78998  2.14697  2.94403  3.96785  6.00897  4.59742    101 e - - -
          2.68618  4.42225  2.77519  2.73123  3.46354  2.40513  3.72494  3.29354  2.67741  2.69355  4.24690  2.90347  2.73739  3.18146  2.89801  2.37887  2.77519  2.98518  4.58477  3.61503
          0.00671  5.40396  6.12630  0.61958  0.77255  0.48576  0.95510
     54   2.74091  4.45698  3.74021  2.65649  4.15112  3.29049  4.23563  2.34441  2.95196  2.43163  4.07742  3.64284  4.38911  1.50982  3.56290  2.52643  3.14137  2.71319  5.54120  3.56846    102 q - - -
          2.68618  4.42225  2.77519  2.73123  3.46354  2.40513  3.72494  3.29354  2.67741  2.69355  4.24690  2.90347  2.73739  3.18146  2.89801  2.37887  2.77519  2.98518  4.58477  3.61503
          0.00671  5.40396  6.12630  0.61958  0.77255  0.48576  0.95510
     55   3.04993  4.67515  5.29266  4.68294  1.84328  4.51315  4.85215  1.83678  4.47491  1.26048  3.66845  4.67743  4.85487  4.59075  4.47999  3.83073  3.22182  1.90690  4.86297  4.14837    103 l - - -
          2.68618  4.42225  2.77519  2.73123  3.46354  2.40513  3.72494  3.29354  2.67741  2.69355  4.24690  2.90347  2.73739  3.18146  2.89801  2.37887  2.77519  2.98518  4.58477  3.61503
          0.00671  5.40396  6.12630  0.61958  0.77255  0.48576  0.95510
     56   2.20153  5.49176  3.12159  2.42957  4.80286  3.50083  4.04647  3.19407  2.79663  3.78280  4.54231  2.23088  4.24761  2.96399  3.28304  1.48719  2.71619  3.08586  5.94624  4.55698    104 s - - -
          2.68618  4.42225  2.77519  2.73123  3.46354  2.40513  3.72494  3.29354  2.67741  2.69355  4.24690  2.90347  2.73739  3.18146  2.89801  2.37887  2.77519  2.98518  4.58477  3.61503
          0.00671  5.40396  6.12630  0.61958  0.77255  0.48576  0.95510
     57   2.30083  5.57538  2.04158  2.56550  4.92037  2.37317  3.62021  4.40637  2.31317  3.88062  4.61614  2.00401  4.23146  3.12167  2.72714  2.85794  2.75218  3.58032  6.00806  4.59700    105 n - - -
          2.68618  4.42225  2.77519  2.73123  3.46354  2.40513  3.72494  3.29354  2.67741  2.69355  4.24690  2.90347  2.73739  3.18146  2.89801  2.37887  2.77519  2.98518  4.58477  3.61503
          0.00671  5.40396  6.12630  0.61958  0.77255  0.48576  0.95510
     58   2.59406  3.16867  5.07688  4.46293  3.03652  4.29884  4.63175  2.35938  4.25192  1.22047  3.29812  4.45539  4.66254  3.78140  4.26654  2.68156  3.10173  1.85163  5.13061  3.95427    106 l - - -
          2.68618  4.42225  2.77519  2.73123  3.46354  2.40513  3.72494  3.29354  2.67741  2.69355  4.24690  2.90347  2.73739  3.18146  2.89801  2.37887  2.77519  2.98518  4.58477  3.61503
          0.00671  5.40396  6.12630  0.61958  0.77255  0.48576  0.95510
     59   3.07396  5.28903  2.56401  2.90811  3.53804  2.37090  3.66378  3.95026  2.49656  2.04483  4.35850  2.81587  3.19117  2.86491  3.36760  2.91868  3.08262  2.75981  3.01976  3.87161    107 l - - -
          2.68618  4.42225  2.77519  2.73123  3.46354  2.40513  3.72494  3.29354  2.67741  2.69355  4.24690  2.90347  2.73739  3.18146  2.89801  2.37887  2.77519  2.98518  4.58477  3.61503
          0.00671  5.40396  6.12630  0.61958  0.77255  0.48576  0.95510
     60   3.06395  5.57019  3.09510  2.22612  4.91361  3.83824  4.02525  4.39822  1.57181  3.87464  3.97120  3.30639  3.75328  2.51456  2.41689  2.47566  2.14322  3.08345  6.00374  4.59407    108 k - - -
          2.68618  4.42225  2.77519  2.73123  3.46354  2.40513  3.72494  3.29354  2.67741  2.69355  4.24690  2.90347  2.73739  3.18146  2.89801  2.37887  2.77519  2.98518  4.58477  3.61503
          0.00671  5.40396  6.12630  0.61958  0.77255  0.48576  0.95510
     61   2.50320  5.56077  2.07637  2.22786  4.90023  3.83928  4.02694  3.99327  2.76383  3.86366  4.60290  3.09071  3.49789  2.78450  2.48745  2.05090  2.50942  2.79882  5.99682  3.57600    109 s - - -
          2.68618  4.42225  2.77519  2.73123  3.46354  2.40513  3.72494  3.29354  2.67741  2.69355  4.24690  2.90347  2.73739  3.18146  2.89801  2.37887  2.77519  2.98518  4.58477  3.61503
          0.00671  5.40396  6.12630  0.61958  0.77255  0.48576  0.95510
     62   2.91408  3.19328  3.95739  4.12784  3.27378  2.89750  3.87807  2.41479  3.98548  1.68255  3.68157  2.98949  3.49547  4.18273  4.12065  3.07924  3.34496  1.51751  5.18018  3.99372    110 v - - -
          2.68618  4.42225  2.77519  2.73123  3.46354  2.40513  3.72494  3.29354  2.67741  2.69355  4.24690  2.90347  2.73739  3.18146  2.89801  2.37887  2.77519  2.98518  4.58477  3.61503
          0.00671  5.40396  6.12630  0.61958  0.77255  0.48576  0.95510
     63   2.24896  4.61395  4.97552  4.38522  2.20547  4.34607  4.71797  2.58187  4.21896  2.79085  3.74464  4.46253  1.40069  4.39201  4.30498  3.65960  3.15272  1.69420  5.28033  4.09762    111 p - - -
          2.68502  4.42250  2.77528  2.73149  3.46141  2.40538  3.72520  3.29379  2.67766  2.69380  4.24715  2.90372  2.73765  3.18172  2.89826  2.37912  2.77545  2.98502  4.58502  3.61330
          0.54785  0.86840  6.12630  0.04777  3.06519  0.48576  0.95510
     64   2.46446  5.58475  2.39749  2.62994  4.92733  3.39769  4.03843  4.41224  2.77782  3.88940  4.62752  2.62312  4.24239  2.69948  3.05785  1.46270  2.10928  3.97435  6.01950  4.60856    113 s - - -
          2.68618  4.42225  2.77519  2.73123  3.46354  2.40513  3.72494  3.29354  2.67741  2.69355  4.24690  2.90347  2.73739  3.18146  2.89801  2.37887  2.77519  2.98518  4.58477  3.61503
          0.00671  5.40396  6.12630  0.61958  0.77255  0.48576  0.95510
     65   2.57850  5.51210  3.11459  2.32670  4.83134  3.49827  4.03906  3.69833  2.56820  3.13351  4.06404  3.10460  2.05174  2.79692  1.99236  2.94497  3.28034  2.45208  5.96054  4.56575    114 r - - -
          2.68618  4.42225  2.77519  2.73123  3.46354  2.40513  3.72494  3.29354  2.67741  2.69355  4.24690  2.90347  2.73739  3.18146  2.89801  2.37887  2.77519  2.98518  4.58477  3.61503
          0.00671  5.40396  6.12630  0.61958  0.77255  0.48576  0.95510
     66   3.06793  5.43878  2.42760  2.82000  3.10379  2.84361  4.05890  3.40130  2.67842  3.72080  4.49405  2.10443  4.25713  3.05981  3.22250  2.19700  1.86011  3.46156  5.90515  3.92198    115 t - - -
          2.68618  4.42225  2.77519  2.73123  3.46354  2.40513  3.72494  3.29354  2.67741  2.69355  4.24690  2.90347  2.73739  3.18146  2.89801  2.37887  2.77519  2.98518  4.58477  3.61503
          0.00671  5.40396  6.12630  0.61958  0.77255  0.48576  0.95510
     67   2.74044  5.48365  3.12523  2.53941  4.79166  3.85533  4.04663  3.60831  2.01913  3.19575  4.53425  3.25782  4.24784  2.80461  2.61160  2.21403  2.47578  1.85326  5.93914  4.55180    116 v - - -
          2.68618  4.42225  2.77519  2.73123  3.46354  2.40513  3.72494  3.29354  2.67741  2.69355  4.24690  2.90347  2.73739  3.18146  2.89801  2.37887  2.77519  2.98518  4.58477  3.61503
          0.00671  5.40396  6.12630  0.61958  0.77255  0.48576  0.95510
     68   4.07614  5.98221  4.70538  3.93731  3.65231  4.71306  4.47616  4.68695  2.85498  4.10142  5.06954  4.25819  5.04724  3.05624  0.39369  4.10066  4.22422  4.44348  5.73628  3.58683    117 R - - -
          2.68618  4.42225  2.77519  2.73123  3.46354  2.40513  3.72494  3.29354  2.67741  2.69355  4.24690  2.90347  2.73739  3.18146  2.89801  2.37887  2.77519  2.98518  4.58477  3.61503
          0.00671  5.40396  6.12630  0.61958  0.77255  0.48576  0.95510
     69   5.28667  6.26386  6.23761  6.17790  0.21582  5.83747  4.56254  4.64401  5.94680  3.77966  5.20308  5.43883  6.09966  5.59619  5.73587  5.26216  5.50364  3.68932  4.63242  2.63511    118 F - - -
          2.68601  4.42246  2.77524  2.73144  3.46341  2.40416  3.72516  3.29375  2.67762  2.69376  4.24636  2.90361  2.73761  3.18168  2.89803  2.37900  2.77497  2.98540  4.58498  3.61524
          0.28614  1.72897  2.63985  0.68412  0.70226  0.48576  0.95510
     70   2.67447  4.96806  3.87746  3.34453  3.68365  3.48374  3.06381  3.67254  3.32178  3.35660  4.22152  3.75779  0.85963  3.64229  3.71502  2.97942  3.08071  3.09677  5.68122  4.42270    121 p - - -
          2.68591  4.42247  2.77490  2.73120  3.46376  2.40487  3.72516  3.29376  2.67747  2.69377  4.24637  2.90349  2.73761  3.18168  2.89803  2.37897  2.77490  2.98540  4.58394  3.61525
          0.55929  0.94610  3.21559  0.05485  2.93039  0.43742  1.03762
     71   2.13859  5.52908  2.89387  1.73110  4.86673  3.34169  3.59464  3.62365  2.48866  3.07648  4.57169  3.24309  3.16063  2.82205  3.12009  2.22001  2.87461  3.08148  5.96622  4.55978    123 e - - -
          2.68618  4.42225  2.77519  2.73123  3.46354  2.40513  3.72494  3.29354  2.67741  2.69355  4.24690  2.90347  2.73739  3.18146  2.89801  2.37887  2.77519  2.98518  4.58477  3.61503
          0.00708  5.35006  6.07241  0.61958  0.77255  0.62824  0.76256
     72   2.33997  5.55115  2.22796  2.33407  4.89632  2.72828  4.00102  4.38237  2.43471  3.49820  4.59179  2.29978  3.72995  2.91362  2.51814  2.42785  2.87260  3.06314  5.98377  4.57275    124 d - - -
          2.68618  4.42225  2.77519  2.73123  3.46354  2.40513  3.72494  3.29354  2.67741  2.69355  4.24690  2.90347  2.73739  3.18146  2.89801  2.37887  2.77519  2.98518  4.58477  3.61503
          0.00701  5.35915  6.08150  0.61958  0.77255  0.39258  1.12489
     73   2.60898  5.37711  3.11907  2.61052  4.64688  1.34009  4.07681  3.65262  2.63946  3.12056  3.86893  3.38510  3.87421  3.00349  3.00539  2.69912  2.65824  3.23947  4.42920  4.49739    125 g - - -
          2.68639  4.42325  2.77413  2.73108  3.46454  2.40518  3.72506  3.29368  2.67794  2.69313  4.24715  2.90349  2.73691  3.18195  2.89852  2.37918  2.77482  2.98554  4.58577  3.61280
          0.50874  1.06517  2.91738  1.51835  0.24727  0.48576  0.95510
     74   3.09735  4.47832  5.02039  4.40791  1.55888  4.26217  3.87346  2.13363  3.66384  2.09806  3.26837  4.41110  3.88955  4.34047  3.67690  3.50300  3.32951  2.44374  3.26765  2.18154    145 f - - -
          2.68618  4.42225  2.77519  2.73123  3.46354  2.40513  3.72494  3.29354  2.67741  2.69355  4.24690  2.90347  2.73739  3.18146  2.89801  2.37887  2.77519  2.98518  4.58477  3.61503
          0.02562  5.35067  3.88500  0.61958  0.77255  0.52001  0.90267
     75   2.88339  4.69557  4.16603  3.27837  2.08996  3.62952  4.38491  2.77494  3.03430  2.24515  3.80430  3.93715  4.48837  3.42605  2.35648  2.90740  3.31581  2.70160  5.29129  1.83686    146 y - - -
          2.68618  4.42225  2.77519  2.73123  3.46354  2.40513  3.72494  3.29354  2.67741  2.69355  4.24690  2.90347  2.73739  3.18146  2.89801  2.37887  2.77519  2.98518  4.58477  3.61503
          0.00701  5.35975  6.08210  0.61958  0.77255  0.48959  0.94901
     76   2.73810  2.93588  5.08762  4.47380  2.40345  4.30226  4.63656  2.48578  3.70447  2.42077  3.62418  4.46196  4.66521  4.39445  4.27289  3.61377  3.36333  1.10661  5.13170  2.49841    147 v - - -
          2.68618  4.42225  2.77519  2.73123  3.46354  2.40513  3.72494  3.29354  2.67741  2.69355  4.24690  2.90347  2.73739  3.18146  2.89801  2.37887  2.77519  2.98518  4.58477  3.61503
          0.00682  5.38651  6.10886  0.61958  0.77255  0.55627  0.85178
     77   3.10584  3.91643  2.61049  3.82832  1.98106  4.18010  3.44915  2.88672  3.73245  2.41267  3.74357  3.29805  4.55196  3.97709  3.00611  2.95858  3.33781  2.45127  2.87976  2.14848    148 f - - -
          2.68618  4.42225  2.77519  2.73123  3.46354  2.40513  3.72494  3.29354  2.67741  2.69355  4.24690  2.90347  2.73739  3.18146  2.89801  2.37887  2.77519  2.98518  4.58477  3.61503
          0.00682  5.38651  6.10886  0.61958  0.77255  0.55627  0.85178
     78   2.90360  4.56491  4.66546  4.07408  3.32740  4.22835  3.86340  2.26303  3.93920  1.52409  3.33817  4.24473  4.18425  4.14425  1.82702  2.72336  2.61648  2.39795  5.17869  3.99056    149 l - - -
          2.68618  4.42225  2.77519  2.73123  3.46354  2.40513  3.72494  3.29354  2.67741  2.69355  4.24690  2.90347  2.73739  3.18146  2.89801  2.37887  2.77519  2.98518  4.58477  3.61503
          0.00682  5.38651  6.10886  0.61958  0.77255  0.55627  0.85178
     79   2.89859  3.95748  4.20295  3.62916  3.17082  2.71539  4.40732  2.50140  2.83786  2.00236  3.81068  2.41751  4.50836  3.83228  2.63931  2.75470  3.08406  2.50507  5.29845  2.56406    150 l - - -
          2.68618  4.42225  2.77519  2.73123  3.46354  2.40513  3.72494  3.29354  2.67741  2.69355  4.24690  2.90347  2.73739  3.18146  2.89801  2.37887  2.77519  2.98518  4.58477  3.61503
          0.00682  5.38651  6.10886  0.61958  0.77255  0.55627  0.85178
     80   2.88178  5.56444  1.73622  1.93057  4.90782  2.85141  4.01824  4.39282  2.50496  3.51020  4.60567  2.17270  4.22407  3.11525  3.24710  2.46680  2.89430  3.56892  5.99806  3.95347    151 d - - -
          2.68618  4.42225  2.77519  2.73123  3.46354  2.40513  3.72494  3.29354  2.67741  2.69355  4.24690  2.90347  2.73739  3.18146  2.89801  2.37887  2.77519  2.98518  4.58477  3.61503
          0.00682  5.38651  6.10886  0.61958  0.77255  0.55627  0.85178
     81   1.85114  5.54388  3.31326  2.30791  4.87951  2.85240  3.79741  4.35857  2.40404  3.49323  4.58738  3.30488  2.16284  3.02410  3.04127  1.91172  3.13868  3.92952  5.98238  4.57757    152 a - - -
          2.68618  4.42225  2.77519  2.73123  3.46354  2.40513  3.72494  3.29354  2.67741  2.69355  4.24690  2.90347  2.73739  3.18146  2.89801  2.37887  2.77519  2.98518  4.58477  3.61503
          0.01572  5.38651  4.50770  0.61958  0.77255  0.55627  0.85178
     82   2.34609  5.47404  3.10996  2.52433  4.78364  3.02082  4.03203  3.70343  2.78230  3.76412  4.52429  3.09840  3.42061  2.95023  2.33114  2.47033  2.07623  2.04562  5.92867  4.54022    153 v - - -
          2.68618  4.42225  2.77519  2.73123  3.46354  2.40513  3.72494  3.29354  2.67741  2.69355  4.24690  2.90347  2.73739  3.18146  2.89801  2.37887  2.77519  2.98518  4.58477  3.61503
          0.00689  5.37767  6.10002  0.61958  0.77255  0.53207  0.88525
     83   2.73409  4.50190  5.05655  4.44356  3.02789  4.28989  3.89741  1.61584  4.23539  1.30057  3.15815  3.80619  4.65347  4.37232  4.25446  3.60005  2.71365  2.13795  5.12452  3.94799    154 l - - -
          2.68618  4.42225  2.77519  2.73123  3.46354  2.40513  3.72494  3.29354  2.67741  2.69355  4.24690  2.90347  2.73739  3.18146  2.89801  2.37887  2.77519  2.98518  4.58477  3.61503
          0.00682  5.38651  6.10886  0.61958  0.77255  0.55627  0.85178
     84   2.10946  5.55992  2.42612  2.50153  4.90292  3.22612  4.01599  3.65301  2.06559  3.24545  4.18804  3.07952  4.22215  2.52055  2.19906  2.36593  3.18739  3.41898  5.99384  4.58415    155 k - - -
          2.68618  4.42225  2.77519  2.73123  3.46354  2.40513  3.72494  3.29354  2.67741  2.69355  4.24690  2.90347  2.73739  3.18146  2.89801  2.37887  2.77519  2.98518  4.58477  3.61503
          0.00682  5.38651  6.10886  0.61958  0.77255  0.55627  0.85178
     85   2.38399  5.52310  2.91625  2.61377  4.08400  3.22864  4.02495  3.80498  2.63283  3.47619  3.56118  2.75603  1.85335  2.24753  3.04625  2.63605  2.78996  3.53454  5.96651  4.56646    156 p - - -
          2.68618  4.42225  2.77519  2.73123  3.46354  2.40513  3.72494  3.29354  2.67741  2.69355  4.24690  2.90347  2.73739  3.18146  2.89801  2.37887  2.77519  2.98518  4.58477  3.61503
          0.00682  5.38651  6.10886  0.61958  0.77255  0.55627  0.85178
     86   2.00810  3.85640  4.00237  3.69790  3.62676  4.25572  3.87935  2.20722  3.03435  1.56887  3.55288  4.33612  4.62192  4.24945  4.16607  3.55593  3.22789  1.84550  4.12410  2.99464    157 l - - -
          2.68618  4.42225  2.77519  2.73123  3.46354  2.40513  3.72494  3.29354  2.67741  2.69355  4.24690  2.90347  2.73739  3.18146  2.89801  2.37887  2.77519  2.98518  4.58477  3.61503
          0.00682  5.38651  6.10886  0.61958  0.77255  0.55627  0.85178
     87   3.15433  4.52710  5.11455  4.50055  1.93358  4.32429  4.64920  1.82854  4.28633  1.72948  3.03436  4.48478  4.68418  3.12363  4.29355  3.63624  3.38606  2.50557  2.66406  2.62525    158 l - - -
          2.68618  4.42225  2.77519  2.73123  3.46354  2.40513  3.72494  3.29354  2.67741  2.69355  4.24690  2.90347  2.73739  3.18146  2.89801  2.37887  2.77519  2.98518  4.58477  3.61503
          0.00682  5.38651  6.10886  0.61958  0.77255  0.55627  0.85178
     88   2.97958  5.40810  2.79002  1.77890  3.31017  3.02852  3.75518  2.94247  2.67830  2.74044  4.46551  2.68487  4.25262  3.17685  3.30038  2.69292  2.08109  3.43345  5.87950  3.90597    159 e - - -
          2.68618  4.42225  2.77519  2.73123  3.46354  2.40513  3.72494  3.29354  2.67741  2.69355  4.24690  2.90347  2.73739  3.18146  2.89801  2.37887  2.77519  2.98518  4.58477  3.61503
          0.00682  5.38651  6.10886  0.61958  0.77255  0.55627  0.85178
     89   1.49401  5.53453  2.91298  2.76092  4.72157  3.22775  4.02292  4.34341  2.76292  3.83436  4.57889  2.62164  4.18963  2.52509  2.28535  2.18196  3.28693  3.27271  5.97533  3.94526    160 a - - -
          2.68618  4.42225  2.77519  2.73123  3.46354  2.40513  3.72494  3.29354  2.67741  2.69355  4.24690  2.90347  2.73739  3.18146  2.89801  2.37887  2.77519  2.98518  4.58477  3.61503
          0.00682  5.38651  6.10886  0.61958  0.77255  0.55627  0.85178
     90   2.87199  4.99876  5.66085  5.09197  4.01101  4.97583  5.40254  1.85816  4.92515  0.64561  3.88208  5.14371  5.28030  5.04962  4.96521  3.93417  3.92832  2.17724  5.80815  4.66319    161 L - - -
          2.68593  4.42231  2.77526  2.73129  3.46360  2.40519  3.72412  3.29360  2.67747  2.69361  4.24696  2.90333  2.73746  3.18127  2.89807  2.37893  2.77526  2.98525  4.58483  3.61509
          0.06146  2.85803  6.10886  0.66975  0.71710  0.44407  1.02561
     91   1.99080  4.52095  4.97508  4.36752  3.04625  4.28396  4.61131  2.26685  3.66345  1.35673  2.78043  4.40736  4.64878  3.75212  4.22676  3.03219  2.45018  2.36769  5.14099  3.96224    164 l - - -
          2.68618  4.42225  2.77519  2.73123  3.46354  2.40513  3.72494  3.29354  2.67741  2.69355  4.24690  2.90347  2.73739  3.18146  2.89801  2.37887  2.77519  2.98518  4.58477  3.61503
          0.00671  5.40396  6.12630  0.61958  0.77255  0.48576  0.95510
     92   2.44364  5.55238  3.32194  2.63337  4.88820  3.42294  4.02936  3.23261  2.15094  3.85363  4.59552  2.51281  4.23473  2.24206  2.13051  2.10461  3.07963  2.89712  5.99056  4.58548    165 s - - -
          2.68618  4.42225  2.77519  2.73123  3.46354  2.40513  3.72494  3.29354  2.67741  2.69355  4.24690  2.90347  2.73739  3.18146  2.89801  2.37887  2.77519  2.98518  4.58477  3.61503
          0.00671  5.40396  6.12630  0.61958  0.77255  0.48576  0.95510
     93   1.31369  4.59571  4.63793  4.05113  3.70579  3.92664  4.55173  2.42065  3.92434  2.50619  3.71820  4.23771  4.60543  4.13773  4.09089  1.57799  3.24966  2.42073  4.15418  4.02680    166 a - - -
          2.68618  4.42225  2.77519  2.73123  3.46354  2.40513  3.72494  3.29354  2.67741  2.69355  4.24690  2.90347  2.73739  3.18146  2.89801  2.37887  2.77519  2.98518  4.58477  3.61503
          0.00671  5.40396  6.12630  0.61958  0.77255  0.48576  0.95510
     94   2.33951  3.86255  4.89235  4.29877  1.53813  3.69847  4.62411  3.01383  4.13000  1.66600  3.69429  4.37224  4.64170  4.30126  4.21491  2.81500  1.96972  2.82166  5.19466  4.01350    167 f - - -
          2.68618  4.42225  2.77519  2.73123  3.46354  2.40513  3.72494  3.29354  2.67741  2.69355  4.24690  2.90347  2.73739  3.18146  2.89801  2.37887  2.77519  2.98518  4.58477  3.61503
          0.00671  5.40396  6.12630  0.61958  0.77255  0.48576  0.95510
     95   3.10289  5.58660  1.05171  2.79146  4.92379  3.23452  4.05707  3.84020  2.14596  3.88561  3.96544  3.33724  4.26456  2.42366  3.05075  3.06819  3.33374  3.97348  6.02083  4.61931    168 d - - -
          2.68618  4.42225  2.77519  2.73123  3.46354  2.40513  3.72494  3.29354  2.67741  2.69355  4.24690  2.90347  2.73739  3.18146  2.89801  2.37887  2.77519  2.98518  4.58477  3.61503
          0.00671  5.40396  6.12630  0.61958  0.77255  0.48576  0.95510
     96   2.60837  4.29216  3.41032  2.85357  3.99039  3.87802  4.07894  4.10712  2.84928  3.66903  4.45490  3.14698  3.76935  2.15700  2.40120  2.52225  1.33040  3.74533  5.87225  4.50963    169 t - - -
          2.68618  4.42225  2.77519  2.73123  3.46354  2.40513  3.72494  3.29354  2.67741  2.69355  4.24690  2.90347  2.73739  3.18146  2.89801  2.37887  2.77519  2.98518  4.58477  3.61503
          0.00671  5.40396  6.12630  0.61958  0.77255  0.48576  0.95510
     97   2.60420  5.42767  3.38792  2.79152  4.01059  2.57601  4.06035  4.16475  1.93422  3.70918  4.48617  3.36441  3.42616  3.17963  1.40671  3.06535  3.07898  2.82353  5.89565  4.52549    170 r - - -
          2.68618  4.42225  2.77519  2.73123  3.46354  2.40513  3.72494  3.29354  2.67741  2.69355  4.24690  2.90347  2.73739  3.18146  2.89801  2.37887  2.77519  2.98518  4.58477  3.61503
          0.56077  5.38651  0.85648  0.61958  0.77255  0.48576  0.95510
     98   2.04341  5.24117  3.10051  2.54386  4.55349  3.24761  3.37644  4.01556  1.68527  3.19697  4.29119  2.96546  3.50571  2.90103  2.65369  2.40648  3.04743  3.61423  5.69345  3.68388    171 k - - -
          2.68638  4.42245  2.77471  2.73111  3.46374  2.40426  3.72515  3.29374  2.67761  2.69375  4.24710  2.90308  2.73760  3.18166  2.89821  2.37907  2.77540  2.98538  4.58392  3.61523
          0.89355  0.53282  5.55993  0.05911  2.85781  0.15054  1.96786
     99   3.21929  5.74513  2.79677  1.53452  5.08168  3.89746  4.15516  4.35030  2.93385  4.04820  4.79819  1.20181  4.33907  3.26270  3.16173  2.48396  3.17489  4.13322  6.18019  4.75324    173 n - - -
          2.68618  4.42225  2.77519  2.73123  3.46354  2.40513  3.72494  3.29354  2.67741  2.69355  4.24690  2.90347  2.73739  3.18146  2.89801  2.37887  2.77519  2.98518  4.58477  3.61503
          0.00682  5.38651  6.10886  0.61958  0.77255  0.48576  0.95510
    100   4.00809  6.11264  4.59087  3.75248  5.64669  2.00857  4.43215  4.95743  1.87468  4.33110  5.20017  4.11359  4.93451  3.55720  0.69345  3.96477  4.13822  4.63643  4.18394  5.19442    174 r - - -
          2.68581  4.42314  2.77574  2.73179  3.46408  2.40507  3.72583  3.29414  2.67829  2.69364  4.24778  2.90221  2.73746  3.18003  2.89812  2.37825  2.77488  2.98459  4.58565  3.61592
          0.15971  2.20559  3.28540  2.44245  0.09096  0.48576  0.95510
    101   2.31981  4.79726  2.30489  3.38226  3.93574  4.05391  4.30757  1.47595  3.08716  2.66634  3.90101  3.78906  4.43348  3.63929  2.85329  3.15393  3.06425  2.14365  5.38102  4.14622    198 i - - -
          2.68618  4.42225  2.77519  2.73123  3.46354  2.40513  3.72494  3.29354  2.67741  2.69355  4.24690  2.90347  2.73739  3.18146  2.89801  2.37887  2.77519  2.98518  4.58477  3.61503
          0.00707  5.35067  6.07302  0.61958  0.77255  0.62213  0.76960
    102   2.56414  4.50786  4.85390  4.25218  3.02742  4.24418  4.56678  1.14381  3.59295  2.20895  3.62560  4.33521  4.60985  3.07666  4.16248  3.23251  2.69363  2.14438  5.12810  3.94669    199 i - - -
          2.68618  4.42225  2.77519  2.73123  3.46354  2.40513  3.72494  3.29354  2.67741  2.69355  4.24690  2.90347  2.73739  3.18146  2.89801  2.37887  2.77519  2.98518  4.58477  3.61503
          0.00707  5.35067  6.07302  0.61958  0.77255  0.62213  0.76960
    103   2.58784  5.52930  3.30505  0.99114  4.86572  3.75733  4.01659  4.34164  2.49509  3.83131  4.57710  3.30034  3.73005  3.11791  2.58983  2.84617  2.88057  3.53241  5.97064  4.56967    200 e - - -
          2.68618  4.42225  2.77519  2.73123  3.46354  2.40513  3.72494  3.29354  2.67741  2.69355  4.24690  2.90347  2.73739  3.18146  2.89801  2.37887  2.77519  2.98518  4.58477  3.61503
          0.00707  5.35067  6.07302  0.61958  0.77255  0.62213  0.76960
    104   2.87919  4.73105  4.07935  3.21582  3.85905  3.61376  4.35411  2.98563  3.44607  2.48271  3.83895  3.87823  3.44651  3.73600  2.25766  3.34311  2.16696  1.28229  5.32340  4.10184    201 v - - -
          2.68618  4.42225  2.77519  2.73123  3.46354  2.40513  3.72494  3.29354  2.67741  2.69355  4.24690  2.90347  2.73739  3.18146  2.89801  2.37887  2.77519  2.98518  4.58477  3.61503
          0.00707  5.35067  6.07302  0.61958  0.77255  0.62213  0.76960
    105   2.86274  5.54395  2.44978  1.56813  4.88701  3.00335  3.99917  4.37168  2.71043  3.11834  4.58521  2.12997  4.20513  2.75589  3.01967  2.50307  3.05306  3.05604  5.97779  4.56784    202 e - - -
          2.68577  4.42252  2.77546  2.73150  3.46380  2.40492  3.72521  3.29323  2.67707  2.69381  4.24706  2.90354  2.73684  3.18173  2.89827  2.37879  2.77518  2.98545  4.58503  3.61530
          0.28000  1.41919  6.07302  0.65053  0.73766  0.50993  0.91764
    106   3.04639  5.55563  2.89621  2.05463  4.90025  3.21681  4.00704  3.77982  2.49343  3.86059  3.95473  1.86214  4.21352  2.76399  1.80070  3.00888  2.60331  3.94604  5.98844  4.57797    205 r - - -
          2.68618  4.42225  2.77519  2.73123  3.46354  2.40513  3.72494  3.29354  2.67741  2.69355  4.24690  2.90347  2.73739  3.18146  2.89801  2.37887  2.77519  2.98518  4.58477  3.61503
          0.00695  5.36875  6.09110  0.61958  0.77255  0.44407  1.02561
    107   2.45270  5.56535  2.90217  1.81242  4.90801  2.57818  4.02115  4.39254  2.75822  3.86980  4.60723  2.74869  2.06847  2.69239  3.24339  2.46725  3.07385  3.14042  5.99976  4.58970    206 e - - -
          2.68618  4.42225  2.77519  2.73123  3.46354  2.40513  3.72494  3.29354  2.67741  2.69355  4.24690  2.90347  2.73739  3.18146  2.89801  2.37887  2.77519  2.98518  4.58477  3.61503
          0.00682  5.38651  6.10886  0.61958  0.77255  0.48576  0.95510
    108   1.97125  5.53380  3.31719  2.76128  4.86593  3.34853  4.02283  4.13471  2.51141  3.80797  4.57830  2.90690  3.42302  2.55948  2.48018  1.62586  2.60275  3.35497  5.97475  4.57209    207 s - - -
          2.68618  4.42225  2.77519  2.73123  3.46354  2.40513  3.72494  3.29354  2.67741  2.69355  4.24690  2.90347  2.73739  3.18146  2.89801  2.37887  2.77519  2.98518  4.58477  3.61503
          0.00682  5.38651  6.10886  0.61958  0.77255  0.48576  0.95510
    109   2.21834  5.56184  3.08511  2.61736  4.90543  2.85247  4.01619  4.39035  2.61974  3.86651  4.60297  1.82771  3.42201  2.92888  2.19881  2.19864  2.81892  3.56796  5.99545  4.58538    208 n - - -
          2.68618  4.42225  2.77519  2.73123  3.46354  2.40513  3.72494  3.29354  2.67741  2.69355  4.24690  2.90347  2.73739  3.18146  2.89801  2.37887  2.77519  2.98518  4.58477  3.61503
          0.00682  5.38651  6.10886  0.61958  0.77255  0.48576  0.95510
    110   2.73260  5.36170  2.96518  2.86556  4.64261  3.23467  4.08905  4.07702  2.71597  3.34200  4.43950  3.14902  1.19428  3.22041  3.34236  2.60540  2.89468  2.78884  5.85965  4.50228    209 p - - -
          2.68618  4.42225  2.77519  2.73123  3.46354  2.40513  3.72494  3.29354  2.67741  2.69355  4.24690  2.90347  2.73739  3.18146  2.89801  2.37887  2.77519  2.98518  4.58477  3.61503
          0.00682  5.38651  6.10886  0.61958  0.77255  0.48576  0.95510
    111   2.21202  5.20168  4.04986  3.55315  5.11134  2.72630  4.70582  4.55815  3.55315  4.16093  4.94501  2.45838  4.51193  3.87779  3.97700  1.39008  1.29813  3.48854  6.36567  5.07612    210 t - - -
          2.68618  4.42225  2.77519  2.73123  3.46354  2.40513  3.72494  3.29354  2.67741  2.69355  4.24690  2.90347  2.73739  3.18146  2.89801  2.37887  2.77519  2.98518  4.58477  3.61503
          0.00682  5.38651  6.10886  0.61958  0.77255  0.48576  0.95510
    112   2.08979  5.00024  3.72320  3.16283  3.69365  3.26840  4.23387  3.04427  3.13988  3.24609  4.10936  2.56965  3.63730  3.46825  3.55471  2.31678  1.40766  2.88188  5.57068  4.29834    211 t - - -
          2.68624  4.42231  2.77509  2.73129  3.46360  2.40519  3.72501  3.29360  2.67747  2.69330  4.24696  2.90333  2.73746  3.18153  2.89807  2.37893  2.77491  2.98525  4.58483  3.61509
          0.22366  2.20559  2.40540  0.15454  1.94356  0.48576  0.95510
    113   1.53926  5.38791  3.35538  2.80584  4.75920  2.38142  4.04945  4.21702  2.80817  3.74759  4.51278  2.50832  3.36007  2.77596  3.28983  2.23685  2.41283  3.43825  5.91968  4.54094    213 a - - -
          2.68618  4.42225  2.77519  2.73123  3.46354  2.40513  3.72494  3.29354  2.67741  2.69355  4.24690  2.90347  2.73739  3.18146  2.89801  2.37887  2.77519  2.98518  4.58477  3.61503
          0.00749  5.29439  6.01673  0.61958  0.77255  0.68490  0.70146
    114   2.86310  5.51835  3.27218  1.06400  4.85432  3.81227  4.01678  4.32958  2.76278  3.45721  4.57312  3.28978  3.37768  2.49063  3.25264  2.32981  2.70958  3.90653  5.96824  4.56609    214 e - - -
          2.68618  4.42225  2.77519  2.73123  3.46354  2.40513  3.72494  3.29354  2.67741  2.69355  4.24690  2.90347  2.73739  3.18146  2.89801  2.37887  2.77519  2.98518  4.58477  3.61503
          0.00734  5.31350  6.03585  0.61958  0.77255  0.74211  0.64647
    115   2.44644  5.33143  2.76308  2.66103  4.47464  3.20300  4.03053  2.63852  2.80444  3.60414  4.39281  2.90984  3.72419  2.64552  3.28022  2.34558  2.16665  2.10377  5.81201  4.45156    215 v - - -
          2.68618  4.42225  2.77519  2.73123  3.46354  2.40513  3.72494  3.29354  2.67741  2.69355  4.24690  2.90347  2.73739  3.18146  2.89801  2.37887  2.77519  2.98518  4.58477  3.61503
          0.00734  5.31350  6.03585  0.61958  0.77255  0.74211  0.64647
    116   2.44709  5.35591  3.35022  2.13665  4.63420  3.82728  3.59828  3.63235  2.52204  1.89980  3.47242  2.90341  3.39142  2.78168  2.86513  2.44721  3.25423  2.77477  5.83077  4.46417    216 l - - -
          2.68618  4.42225  2.77519  2.73123  3.46354  2.40513  3.72494  3.29354  2.67741  2.69355  4.24690  2.90347  2.73739  3.18146  2.89801  2.37887  2.77519  2.98518  4.58477  3.61503
          0.00734  5.31350  6.03585  0.61958  0.77255  0.74211  0.64647
    117   2.69458  5.48218  2.87026  2.59643  3.31766  2.88622  3.98935  3.76380  2.73205  3.18070  4.52799  1.65578  3.14260  2.74709  3.01072  2.33253  2.70539  3.86234  5.92667  4.52773    217 n - - -
          2.68618  4.42225  2.77519  2.73123  3.46354  2.40513  3.72494  3.29354  2.67741  2.69355  4.24690  2.90347  2.73739  3.18146  2.89801  2.37887  2.77519  2.98518  4.58477  3.61503
          0.02660  5.31350  3.84784  0.61958  0.77255  0.74211  0.64647
    118   1.23980  5.43362  3.06515  2.27891  4.74689  2.97275  4.00440  4.20732  2.75878  3.39216  4.49185  2.58092  4.20152  3.11533  3.24494  2.54417  3.03137  3.18385  5.89661  4.50931    218 a - - -
          2.68618  4.42225  2.77519  2.73123  3.46354  2.40513  3.72494  3.29354  2.67741  2.69355  4.24690  2.90347  2.73739  3.18146  2.89801  2.37887  2.77519  2.98518  4.58477  3.61503
          0.04715  5.29439  3.19328  0.61958  0.77255  0.79710  0.59899
    119   2.81697  5.30683  3.09036  2.39027  3.90929  3.80358  4.00107  3.67392  2.77424  3.58013  4.36796  2.87989  3.69494  2.61577  3.25042  2.82148  1.32022  2.59417  5.78664  4.42523    219 t - - -
          2.68618  4.42225  2.77519  2.73123  3.46354  2.40513  3.72494  3.29354  2.67741  2.69355  4.24690  2.90347  2.73739  3.18146  2.89801  2.37887  2.77519  2.98518  4.58477  3.61503
          0.00779  5.25502  5.97737  0.61958  0.77255  0.89876  0.52268
    120   2.54133  5.48308  3.26957  2.71171  4.82128  3.41540  3.96621  4.29646  2.14942  3.78384  4.52934  3.25567  4.17515  1.54851  2.12258  2.40654  2.67974  3.48658  5.92061  4.52190    220 q - - -
          2.68620  4.42290  2.77482  2.73106  3.46248  2.40560  3.72560  3.29390  2.67775  2.69357  4.24680  2.90392  2.73739  3.18160  2.89808  2.37854  2.77465  2.98541  4.58542  3.61409
          0.09218  2.45901  5.97737  2.45831  0.08946  0.29382  1.36810
    121   3.07607  5.40135  3.40804  2.84876  3.98946  2.46084  4.06978  3.36022  2.16502  3.12819  4.46130  3.14004  3.17701  3.19443  1.28212  2.89454  3.30632  3.75674  5.87375  4.51200    240 r - - -
          2.68618  4.42225  2.77519  2.73123  3.46354  2.40513  3.72494  3.29354  2.67741  2.69355  4.24690  2.90347  2.73739  3.18146  2.89801  2.37887  2.77519  2.98518  4.58477  3.61503
          0.00682  5.38651  6.10886  0.61958  0.77255  0.48576  0.95510
    122   2.59100  4.83087  3.52898  3.37040  2.68909  2.71328  4.31242  3.33407  3.32843  2.56271  3.93343  2.95327  4.44159  2.88461  3.69038  3.06675  2.58565  1.38252  5.41053  4.17248    241 v - - -
          2.68618  4.42225  2.77519  2.73123  3.46354  2.40513  3.72494  3.29354  2.67741  2.69355  4.24690  2.90347  2.73739  3.18146  2.89801  2.37887  2.77519  2.98518  4.58477  3.61503
          0.00682  5.38651  6.10886  0.61958  0.77255  0.48576  0.95510
    123   3.15888  5.68484  1.07625  2.27716  5.02396  3.86594  4.10133  4.51526  2.86611  3.98769  4.73182  2.57769  3.38921  2.98379  2.91019  2.73899  2.75470  4.07319  6.11674  4.69352    242 d - - -
          2.68618  4.42225  2.77519  2.73123  3.46354  2.40513  3.72494  3.29354  2.67741  2.69355  4.24690  2.90347  2.73739  3.18146  2.89801  2.37887  2.77519  2.98518  4.58477  3.61503
          0.00695  5.36875  6.09110  0.61958  0.77255  0.48576  0.95510
    124   3.19860  6.13997  0.57942  2.89870  5.45813  4.01713  4.44787  4.96752  3.04390  4.44566  5.24313  2.66790  4.57053  3.20597  3.91382  3.13652  3.84215  3.74458  6.59348  5.11843    243 D - - -
          2.68618  4.42225  2.77519  2.73123  3.46354  2.40513  3.72494  3.29354  2.67741  2.69355  4.24690  2.90347  2.73739  3.18146  2.89801  2.37887  2.77519  2.98518  4.58477  3.61503
          0.00695  5.36875  6.09110  0.61958  0.77255  0.48576  0.95510
    125   1.15417  5.40224  3.37567  2.81914  4.68961  3.49267  4.05121  4.13415  2.66962  3.37044  4.46275  3.11897  4.24784  2.66423  2.73342  2.27532  3.06563  3.17664  5.87564  4.50611    244 a - - -
          2.68618  4.42225  2.77519  2.73123  3.46354  2.40513  3.72494  3.29354  2.67741  2.69355  4.24690  2.90347  2.73739  3.18146  2.89801  2.37887  2.77519  2.98518  4.58477  3.61503
          0.00695  5.36875  6.09110  0.61958  0.77255  0.48576  0.95510
    126   2.25062  5.31204  3.47034  2.92154  4.63558  2.81429  4.13137  3.61337  2.75030  3.64737  4.44466  3.43749  4.29201  2.85405  3.38346  1.66136  1.49190  3.70891  5.86746  4.52115    245 t - - -
          2.68618  4.42225  2.77519  2.73123  3.46354  2.40513  3.72494  3.29354  2.67741  2.69355  4.24690  2.90347  2.73739  3.18146  2.89801  2.37887  2.77519  2.98518  4.58477  3.61503
          0.00695  5.36875  6.09110  0.61958  0.77255  0.48576  0.95510
    127   2.96714  4.58635  5.07807  4.47601  3.68983  4.38854  4.72950  2.51687  4.28817  1.67578  3.32538  4.51665  4.74579  4.44234  3.72625  3.70004  1.74169  1.27581  5.24758  4.06965    246 v - - -
          2.68618  4.42225  2.77519  2.73123  3.46354  2.40513  3.72494  3.29354  2.67741  2.69355  4.24690  2.90347  2.73739  3.18146  2.89801  2.37887  2.77519  2.98518  4.58477  3.61503
          0.02515  5.36875  3.90308  0.61958  0.77255  0.48576  0.95510
    128   1.05661  5.58975  3.02227  2.81270  4.93493  3.46597  3.63119  4.40709  2.90219  3.91535  4.67759  1.95554  4.30186  3.00528  3.39870  2.63497  3.24970  3.99058  6.07227  4.66948    247 a - - -
          2.68618  4.42225  2.77519  2.73123  3.46354  2.40513  3.72494  3.29354  2.67741  2.69355  4.24690  2.90347  2.73739  3.18146  2.89801  2.37887  2.77519  2.98518  4.58477  3.61503
          0.00707  5.35067  6.07302  0.61958  0.77255  0.55627  0.85178
    129   2.31841  3.81537  5.04142  4.28904  2.38375  3.70162  4.60217  1.13491  4.21865  2.52502  3.59854  4.42367  4.63280  4.35466  4.23561  3.25510  3.33363  2.04726  5.10288  3.49311    248 i - - -
          2.68618  4.42225  2.77519  2.73123  3.46354  2.40513  3.72494  3.29354  2.67741  2.69355  4.24690  2.90347  2.73739  3.18146  2.89801  2.37887  2.77519  2.98518  4.58477  3.61503
          0.00707  5.35067  6.07302  0.61958  0.77255  0.55627  0.85178
    130   2.24734  4.94237  3.74193  3.17784  4.10695  3.98834  1.96300  2.80780  3.14002  3.16702  4.03777  3.63644  4.37225  3.47163  1.56713  2.66399  3.06281  2.82703  4.24967  4.23856    249 r - - -
          2.68618  4.42225  2.77519  2.73123  3.46354  2.40513  3.72494  3.29354  2.67741  2.69355  4.24690  2.90347  2.73739  3.18146  2.89801  2.37887  2.77519  2.98518  4.58477  3.61503
          0.02562  5.35067  3.88500  0.61958  0.77255  0.44407  1.02561
    131   2.34969  5.50579  3.30366  2.74760  4.83350  3.46888  2.90169  3.44696  1.98399  3.80356  4.55112  1.94640  4.21127  3.10923  2.36052  2.22986  3.05269  3.51692  5.94895  3.92391    250 n - - -
          2.68618  4.42225  2.77519  2.73123  3.46354  2.40513  3.72494  3.29354  2.67741  2.69355  4.24690  2.90347  2.73739  3.18146  2.89801  2.37887  2.77519  2.98518  4.58477  3.61503
          0.00707  5.35067  6.07302  0.61958  0.77255  0.44407  1.02561
    132   1.75375  3.46406  2.05029  2.38862  4.89961  3.46421  3.60483  4.38373  2.75309  3.86191  4.60008  2.60691  4.21979  2.40554  3.24615  2.16435  3.28541  3.94687  5.99269  4.58279    251 a - - -
          2.68618  4.42225  2.77519  2.73123  3.46354  2.40513  3.72494  3.29354  2.67741  2.69355  4.24690  2.90347  2.73739  3.18146  2.89801  2.37887  2.77519  2.98518  4.58477  3.61503
          0.00695  5.36875  6.09110  0.61958  0.77255  0.48576  0.95510
    133   3.10084  4.59709  3.83857  3.20075  3.70258  4.19126  4.48847  1.48233  3.79689  1.41325  3.71028  4.14424  4.56165  3.25861  3.24411  3.47316  3.33278  2.20845  5.20645  3.55976    252 l - - -
          2.68618  4.42225  2.77519  2.73123  3.46354  2.40513  3.72494  3.29354  2.67741  2.69355  4.24690  2.90347  2.73739  3.18146  2.89801  2.37887  2.77519  2.98518  4.58477  3.61503
          0.00695  5.36875  6.09110  0.61958  0.77255  0.48576  0.95510
    134   2.28290  5.55457  2.61239  2.38743  4.89918  3.21685  4.00608  4.21777  2.49326  3.50188  3.95472  2.40504  3.50925  1.93341  3.02665  2.30988  2.88413  3.34624  5.98754  4.57686    253 q - - -
          2.68618  4.42225  2.77519  2.73123  3.46354  2.40513  3.72494  3.29354  2.67741  2.69355  4.24690  2.90347  2.73739  3.18146  2.89801  2.37887  2.77519  2.98518  4.58477  3.61503
          0.00695  5.36875  6.09110  0.61958  0.77255  0.48576  0.95510
    135   2.87075  5.55125  2.74500  2.12875  4.89440  3.81964  4.00690  4.37901  2.61062  3.18056  4.59242  1.98714  2.67059  2.53980  2.70945  2.56944  2.73380  3.94086  4.45810  3.06665    254 n - - -
          2.68618  4.42225  2.77519  2.73123  3.46354  2.40513  3.72494  3.29354  2.67741  2.69355  4.24690  2.90347  2.73739  3.18146  2.89801  2.37887  2.77519  2.98518  4.58477  3.61503
          0.00695  5.36875  6.09110  0.61958  0.77255  0.48576  0.95510
    136   3.44650  3.92363  5.56169  4.95931  3.20028  4.81926  5.16162  2.16064  4.76592  0.59765  3.26824  4.98363  5.11323  4.84347  4.76404  4.14777  3.49501  2.52989  5.54513  4.42163    255 L - - -
          2.68618  4.42225  2.77519  2.73123  3.46354  2.40513  3.72494  3.29354  2.67741  2.69355  4.24690  2.90347  2.73739  3.18146  2.89801  2.37887  2.77519  2.98518  4.58477  3.61503
          0.00695  5.36875  6.09110  0.61958  0.77255  0.48576  0.95510
    137   2.44675  4.07178  3.42184  2.66659  3.31222  4.00446  4.24050  2.96539  2.64950  1.88936  2.66407  3.34242  4.38738  3.22376  2.15748  3.01310  3.30508  2.59957  5.48475  4.22601    256 l - - -
          2.68618  4.42225  2.77519  2.73123  3.46354  2.40513  3.72494  3.29354  2.67741  2.69355  4.24690  2.90347  2.73739  3.18146  2.89801  2.37887  2.77519  2.98518  4.58477  3.61503
          0.00695  5.36875  6.09110  0.61958  0.77255  0.48576  0.95510
    138   2.76792  5.55475  1.98861  2.49151  4.89913  2.57217  4.00669  4.11322  2.49376  3.50175  4.59562  2.11346  4.21296  2.91928  3.02719  2.08572  2.58589  3.81344  5.98784  4.57724    257 d - - -
          2.68618  4.42225  2.77519  2.73123  3.46354  2.40513  3.72494  3.29354  2.67741  2.69355  4.24690  2.90347  2.73739  3.18146  2.89801  2.37887  2.77519  2.98518  4.58477  3.61503
          0.06259  5.36875  2.88217  0.61958  0.77255  0.48576  0.95510
    139   2.33661  5.17280  3.19794  1.95538  3.81652  2.42558  3.62964  3.44283  2.73837  1.97385  3.73149  3.16233  4.26380  3.24662  3.35665  2.72967  3.26132  3.21898  5.68680  3.17684    258 e - - -
          2.68618  4.42225  2.77519  2.73123  3.46354  2.40513  3.72494  3.29354  2.67741  2.69355  4.24690  2.90347  2.73739  3.18146  2.89801  2.37887  2.77519  2.98518  4.58477  3.61503
          0.01693  5.31350  4.43470  0.61958  0.77255  0.68392  0.70246
    140   2.34993  4.50161  4.69374  4.09867  3.60024  4.19325  4.50730  2.28045  3.95073  1.14966  3.02618  3.48387  4.56061  3.62292  3.58239  2.68144  3.29764  2.40691  5.11719  3.49195    259 l - - -
          2.68618  4.42225  2.77519  2.73123  3.46354  2.40513  3.72494  3.29354  2.67741  2.69355  4.24690  2.90347  2.73739  3.18146  2.89801  2.37887  2.77519  2.98518  4.58477  3.61503
          0.00741  5.30399  6.02634  0.61958  0.77255  0.65576  0.73198
    141   2.53832  5.33397  3.01818  2.65968  4.60481  3.63422  3.76324  3.25005  2.80268  2.10315  4.39499  2.61032  4.22367  2.40786  2.97125  2.25088  2.63374  2.49233  5.81383  4.45272    260 l - - -
          2.68702  4.42348  2.77420  2.73148  3.46068  2.40565  3.72485  3.29276  2.67802  2.69273  4.24813  2.90353  2.73846  3.18192  2.89846  2.37872  2.77506  2.98557  4.58600  3.61190
          0.55143  1.06206  2.54939  1.80444  0.17980  0.37922  1.15325
    142   2.24523  5.49627  2.74801  2.48914  4.83170  2.88830  3.97421  3.77897  2.57165  2.66566  4.53947  2.77033  4.17938  2.88823  2.24477  2.28015  2.34635  3.88172  5.93477  3.90163    273 r - - -
          2.68618  4.42225  2.77519  2.73123  3.46354  2.40513  3.72494  3.29354  2.67741  2.69355  4.24690  2.90347  2.73739  3.18146  2.89801  2.37887  2.77519  2.98518  4.58477  3.61503
          0.00749  5.29439  6.01673  0.61958  0.77255  0.74211  0.64647
    143   2.83425  5.49851  2.86439  2.57769  4.83475  1.55481  3.56757  4.31449  2.46215  3.79998  3.28096  2.85841  4.17936  2.73148  2.43308  2.80595  2.99719  3.01917  5.93647  4.53096    274 g - - -
          2.68618  4.42225  2.77519  2.73123  3.46354  2.40513  3.72494  3.29354  2.67741  2.69355  4.24690  2.90347  2.73739  3.18146  2.89801  2.37887  2.77519  2.98518  4.58477  3.61503
          0.00749  5.29439  6.01673  0.61958  0.77255  0.52904  0.88958
    144   2.73915  4.99190  3.10136  2.51491  3.67448  3.82584  3.32245  3.69139  2.63703  2.77810  4.46713  2.19814  2.94897  2.93995  3.02979  2.60738  1.93905  2.93275  5.87674  4.49802    275 t - - -
          2.68618  4.42225  2.77519  2.73123  3.46354  2.40513  3.72494  3.29354  2.67741  2.69355  4.24690  2.90347  2.73739  3.18146  2.89801  2.37887  2.77519  2.98518  4.58477  3.61503
          0.00721  5.33226  6.05461  0.61958  0.77255  0.40906  1.09147
    145   2.28215  5.53841  2.49668  2.39258  4.87488  1.73393  3.31621  4.35493  2.30001  3.48693  4.58153  3.29447  2.54529  3.11194  3.24272  3.01416  3.06283  3.27128  5.97631  4.57039    276 g - - -
          2.68618  4.42225  2.77519  2.73123  3.46354  2.40513  3.72494  3.29354  2.67741  2.69355  4.24690  2.90347  2.73739  3.18146  2.89801  2.37887  2.77519  2.98518  4.58477  3.61503
          0.00695  5.36875  6.09110  0.61958  0.77255  0.48576  0.95510
    146   2.44301  2.46491  5.01817  4.40644  2.80550  3.70848  4.60147  2.59207  4.20289  2.32295  2.93574  4.38703  4.63490  3.37937  4.22969  2.78107  2.70173  1.50113  5.11102  3.10987    277 v - - -
          2.68618  4.42225  2.77519  2.73123  3.46354  2.40513  3.72494  3.29354  2.67741  2.69355  4.24690  2.90347  2.73739  3.18146  2.89801  2.37887  2.77519  2.98518  4.58477  3.61503
          0.00695  5.36875  6.09110  0.61958  0.77255  0.48576  0.95510
    147   3.28823  4.65252  5.22597  4.61857  1.87787  4.46412  4.76079  2.76094  4.41182  2.04134  2.93660  4.61401  4.80748  4.52453  4.42033  3.77900  3.19294  2.37597  5.20755  1.19270    278 y - - -
          2.68618  4.42225  2.77519  2.73123  3.46354  2.40513  3.72494  3.29354  2.67741  2.69355  4.24690  2.90347  2.73739  3.18146  2.89801  2.37887  2.77519  2.98518  4.58477  3.61503
          0.04370  5.36875  3.26764  0.61958  0.77255  0.48576  0.95510
    148   3.04217  5.44328  1.72662  2.63215  4.74506  3.82702  4.02494  3.71272  2.78243  3.73035  4.49699  1.78053  4.22318  3.13816  3.26776  2.69735  2.09709  2.98662  5.90361  3.89537    279 d - - -
          2.68618  4.42225  2.77519  2.73123  3.46354  2.40513  3.72494  3.29354  2.67741  2.69355  4.24690  2.90347  2.73739  3.18146  2.89801  2.37887  2.77519  2.98518  4.58477  3.61503
          0.00721  5.33226  6.05461  0.61958  0.77255  0.40906  1.09147
    149   3.78186  5.93909  4.27687  3.56942  5.47462  4.42680  4.39478  4.81145  2.67451  4.23473  5.08455  3.97202  4.80020  1.28563  0.88749  3.64257  3.43640  3.70094  6.27058  5.09892    280 r - - -
          2.68618  4.42225  2.77519  2.73123  3.46354  2.40513  3.72494  3.29354  2.67741  2.69355  4.24690  2.90347  2.73739  3.18146  2.89801  2.37887  2.77519  2.98518  4.58477  3.61503
          0.02515  5.36875  3.90308  0.61958  0.77255  0.48576  0.95510
    150   1.92626  5.53633  2.32824  2.38095  4.08762  3.81184  3.99941  4.35965  2.28795  3.83967  4.57820  3.25698  4.20525  2.91262  2.18115  2.46737  2.27780  3.31770  5.97172  4.56354    281 a - - -
          2.68618  4.42225  2.77519  2.73123  3.46354  2.40513  3.72494  3.29354  2.67741  2.69355  4.24690  2.90347  2.73739  3.18146  2.89801  2.37887  2.77519  2.98518  4.58477  3.61503
          0.00707  5.35067  6.07302  0.61958  0.77255  0.44407  1.02561
    151   2.74157  5.54178  2.89973  2.61999  4.88077  3.55089  4.00938  3.82468  2.05801  2.82644  4.58406  3.07315  4.21505  2.62358  2.85775  1.59394  2.26613  3.92915  5.97810  4.57090    282 s - - -
          2.68618  4.42225  2.77519  2.73123  3.46354  2.40513  3.72494  3.29354  2.67741  2.69355  4.24690  2.90347  2.73739  3.18146  2.89801  2.37887  2.77519  2.98518  4.58477  3.61503
          0.00695  5.36875  6.09110  0.61958  0.77255  0.48576  0.95510
    152   5.56385  6.39243  6.26022  6.29214  0.20911  5.90718  4.48879  5.04931  6.06098  4.10707  5.54246  5.42957  6.16142  5.62942  5.79797  5.35959  5.75586  5.04879  4.55288  2.31855    283 F - - -
          2.68618  4.42225  2.77519  2.73123  3.46354  2.40513  3.72494  3.29354  2.67741  2.69355  4.24690  2.90347  2.73739  3.18146  2.89801  2.37887  2.77519  2.98518  4.58477  3.61503
          0.00695  5.36875  6.09110  0.61958  0.77255  0.48576  0.95510
    153   4.08730  6.43582  3.25982  0.24471  6.07345  4.26375  5.02601  5.60723  4.07133  5.13147  6.08481  3.86428  4.97413  4.23232  4.54156  4.00725  3.59697  5.12669  7.21582  5.77320    284 E - - -
          2.68618  4.42225  2.77519  2.73123  3.46354  2.40513  3.72494  3.29354  2.67741  2.69355  4.24690  2.90347  2.73739  3.18146  2.89801  2.37887  2.77519  2.98518  4.58477  3.61503
          0.00695  5.36875  6.09110  0.61958  0.77255  0.48576  0.95510
    154   2.09078  5.54044  2.95663  2.18319  4.87891  3.80804  3.60382  3.82345  2.39286  3.02285  4.58283  3.29178  4.21508  2.76707  2.36777  1.91337  2.58666  3.36847  5.97708  4.57015    285 s - - -
          2.68618  4.42225  2.77519  2.73123  3.46354  2.40513  3.72494  3.29354  2.67741  2.69355  4.24690  2.90347  2.73739  3.18146  2.89801  2.37887  2.77519  2.98518  4.58477  3.61503
          0.00695  5.36875  6.09110  0.61958  0.77255  0.48576  0.95510
    155   1.79777  5.51814  2.90318  1.92501  4.84817  3.82340  4.01207  3.30241  2.21353  3.54638  4.28493  3.07665  4.21651  2.92691  3.03323  2.54343  2.47706  2.90298  5.95993  4.55823    286 a - - -
          2.68619  4.42226  2.77520  2.73124  3.46355  2.40514  3.72495  3.29355  2.67742  2.69340  4.24691  2.90348  2.73741  3.18147  2.89802  2.37888  2.77520  2.98519  4.58478  3.61504
          0.10263  3.76024  2.60015  0.40628  1.09698  0.48576  0.95510
    156   3.02426  4.54086  4.48202  3.89652  1.75421  3.62777  3.79427  2.99112  3.78218  2.22490  3.30568  3.51299  4.52080  4.00763  3.97396  1.73420  3.02477  2.63222  5.14917  2.42195    288 s - - -
          2.68618  4.42225  2.77519  2.73123  3.46354  2.40513  3.72494  3.29354  2.67741  2.69355  4.24690  2.90347  2.73739  3.18146  2.89801  2.37887  2.77519  2.98518  4.58477  3.61503
          0.00752  5.28955  6.01190  0.61958  0.77255  0.62991  0.76066
    157   2.68447  4.23758  3.35189  2.81013  4.77340  1.31595  4.03836  4.23113  2.66054  3.76044  4.52639  2.16125  4.23285  2.63337  3.29499  2.42809  3.04706  3.82806  5.93178  4.55228    289 g - - -
          2.68618  4.42225  2.77519  2.73123  3.46354  2.40513  3.72494  3.29354  2.67741  2.69355  4.24690  2.90347  2.73739  3.18146  2.89801  2.37887  2.77519  2.98518  4.58477  3.61503
          0.00738  5.30876  6.03110  0.61958  0.77255  0.37922  1.15325
    158   3.22569  4.59581  5.16174  4.55043  3.62439  4.40277  4.73496  2.52782  4.34461  0.75524  3.26762  4.55606  4.75235  4.46981  4.36046  3.33896  3.15417  2.22981  3.24733  4.04800    290 l - - -
          2.68631  4.42238  2.77532  2.73136  3.46332  2.40502  3.72507  3.29367  2.67753  2.69328  4.24702  2.90359  2.73752  3.18159  2.89775  2.37888  2.77532  2.98468  4.58490  3.61496
          0.04390  3.20213  6.08661  1.44891  0.26765  0.48576  0.95510
    159   2.58236  5.51723  3.19032  2.50045  4.84687  3.80987  4.01237  3.79926  1.99039  3.46949  4.56197  2.74376  3.67379  2.91596  2.43440  2.69796  1.94962  2.36197  5.95924  4.55783    300 t - - -
          2.68618  4.42225  2.77519  2.73123  3.46354  2.40513  3.72494  3.29354  2.67741  2.69355  4.24690  2.90347  2.73739  3.18146  2.89801  2.37887  2.77519  2.98518  4.58477  3.61503
          0.00698  5.36426  6.08661  0.61958  0.77255  0.48576  0.95510
    160   5.48231  6.07241  6.24116  6.23497  2.60060  5.87895  4.46598  5.00673  5.96888  4.09193  5.50428  5.39592  6.12834  5.58316  5.73197  5.30670  5.67274  4.98853  0.27090  2.53248    301 W - - -
          2.68618  4.42225  2.77519  2.73123  3.46354  2.40513  3.72494  3.29354  2.67741  2.69355  4.24690  2.90347  2.73739  3.18146  2.89801  2.37887  2.77519  2.98518  4.58477  3.61503
          0.00698  5.36426  6.08661  0.61958  0.77255  0.48576  0.95510
    161   2.48553  5.29460  3.42789  2.36506  4.54456  3.23410  3.33508  3.15820  2.71376  2.79534  4.36172  2.86220  4.26496  3.00787  3.33405  2.39624  1.84130  2.34021  5.78884  4.44390    302 t - - -
          2.68618  4.42225  2.77519  2.73123  3.46354  2.40513  3.72494  3.29354  2.67741  2.69355  4.24690  2.90347  2.73739  3.18146  2.89801  2.37887  2.77519  2.98518  4.58477  3.61503
          0.00698  5.36426  6.08661  0.61958  0.77255  0.48576  0.95510
    162   1.83645  5.37056  2.91107  2.13528  4.74259  2.46306  4.01802  3.71857  2.77152  3.27053  4.49123  3.31182  2.95401  2.93743  3.14255  2.76328  2.35830  2.99509  5.89790  3.90045    303 a - - -
          2.68576  4.42285  2.77545  2.73183  3.46414  2.40484  3.72466  3.29385  2.67769  2.69383  4.24749  2.90348  2.73708  3.18103  2.89841  2.37860  2.77391  2.98557  4.58537  3.61563
          0.20085  1.82488  3.87615  1.77470  0.18577  0.48576  0.95510
    163   1.82789  5.48179  3.05137  2.71835  4.81121  3.04130  3.97885  4.28605  2.46802  3.76687  4.52704  3.04319  2.32434  2.89367  2.67833  2.45536  2.33819  3.00982  5.92448  4.52341    316 a - - -
          2.68618  4.42225  2.77519  2.73123  3.46354  2.40513  3.72494  3.29354  2.67741  2.69355  4.24690  2.90347  2.73739  3.18146  2.89801  2.37887  2.77519  2.98518  4.58477  3.61503
          0.03705  5.29535  3.46232  0.61958  0.77255  0.55627  0.85178
    164   2.05134  4.24267  3.05253  2.72867  4.69182  2.74191  3.95689  4.14849  2.72864  3.67690  4.44250  3.03925  2.11265  2.89249  2.99517  2.09610  2.42013  3.40659  5.84967  4.46675    317 a - - -
          2.68618  4.42225  2.77519  2.73123  3.46354  2.40513  3.72494  3.29354  2.67741  2.69355  4.24690  2.90347  2.73739  3.18146  2.89801  2.37887  2.77519  2.98518  4.58477  3.61503
          0.07132  5.24257  2.75599  0.61958  0.77255  0.65350  0.73443
    165   1.44831  5.17038  3.35335  2.80226  4.47708  2.69902  3.53455  3.90296  2.79856  3.49243  4.29431  3.31754  3.43285  2.85551  3.26480  2.52048  2.03500  3.23019  5.72035  4.37803    318 a - - -
          2.68618  4.42225  2.77519  2.73123  3.46354  2.40513  3.72494  3.29354  2.67741  2.69355  4.24690  2.90347  2.73739  3.18146  2.89801  2.37887  2.77519  2.98518  4.58477  3.61503
          0.00880  5.13312  5.85547  0.61958  0.77255  0.82350  0.57784
    166   2.13637  5.28514  2.91386  2.32917  4.59674  3.29314  3.83826  4.05949  2.58806  3.24344  4.33550  2.90351  3.09585  2.75579  3.07454  1.94593  2.43238  2.89567  5.73927  4.34970    319 s - - -
          2.68618  4.42225  2.77519  2.73123  3.46354  2.40513  3.72494  3.29354  2.67741  2.69355  4.24690  2.90347  2.73739  3.18146  2.89801  2.37887  2.77519  2.98518  4.58477  3.61503
          0.03825  4.95622  3.49055  0.61958  0.77255  0.82350  0.57784
    167   2.45524  5.33914  2.69893  2.41292  4.67692  2.64258  3.81054  4.15772  2.41558  3.64144  4.38205  2.69393  2.77293  2.90938  2.65844  2.28512  2.31408  3.34662  5.77651  4.36999    320 s - - -
          2.68618  4.42225  2.77519  2.73123  3.46354  2.40513  3.72494  3.29354  2.67741  2.69355  4.24690  2.90347  2.73739  3.18146  2.89801  2.37887  2.77519  2.98518  4.58477  3.61503
          0.01085  4.92506  5.64741  0.61958  0.77255  0.87430  0.53983
    168   1.77071  4.95325  3.36360  2.84045  4.50979  2.96770  4.03786  3.94519  2.84492  3.53444  4.32836  3.30836  2.75645  2.86866  3.29934  1.94345  1.90695  3.53712  5.75026  4.42176    321 a - - -
          2.68618  4.42225  2.77519  2.73123  3.46354  2.40513  3.72494  3.29354  2.67741  2.69355  4.24690  2.90347  2.73739  3.18146  2.89801  2.37887  2.77519  2.98518  4.58477  3.61503
          0.07631  4.82737  2.72626  0.61958  0.77255  0.87430  0.53983
    169   2.24244  5.03789  3.10343  2.56769  4.39635  1.86562  3.79716  3.83784  2.48198  3.39799  4.18255  2.82129  3.40880  2.92578  2.78375  2.55812  2.43949  3.45857  5.59635  4.23700    322 g - - -
          2.68618  4.42225  2.77519  2.73123  3.46354  2.40513  3.72494  3.29354  2.67741  2.69355  4.24690  2.90347  2.73739  3.18146  2.89801  2.37887  2.77519  2.98518  4.58477  3.61503
          0.07248  4.64184  2.80881  0.61958  0.77255  0.96876  0.47732
    170   2.11410  4.43236  3.88409  3.47007  4.36312  1.35257  4.44949  3.72374  3.46069  3.44813  4.29168  3.62799  4.00626  3.73892  3.78107  1.85479  2.98158  2.12688  5.74526  4.53748    323 g - - -
          2.68618  4.42225  2.77519  2.73123  3.46354  2.40513  3.72494  3.29354  2.67741  2.69355  4.24690  2.90347  2.73739  3.18146  2.89801  2.37887  2.77519  2.98518  4.58477  3.61503
          0.05998  4.51700  3.05133  0.61958  0.77255  1.03417  0.43931
    171   1.90996  4.66967  3.27160  2.73949  4.14269  2.57693  3.88711  3.55296  2.73314  3.18535  4.00857  2.81733  3.25867  3.06844  3.16956  2.23037  2.39189  2.67865  5.44740  4.14838    324 a - - -
          2.68618  4.42225  2.77519  2.73123  3.46354  2.40513  3.72494  3.29354  2.67741  2.69355  4.24690  2.90347  2.73739  3.18146  2.89801  2.37887  2.77519  2.98518  4.58477  3.61503
          0.01787  4.42928  5.15162  0.61958  0.77255  1.07552  0.41722
    172   2.49405  5.01858  2.99361  2.43827  4.30507  2.96859  3.67026  3.29360  2.28875  3.29974  4.07937  2.73726  3.03468  2.72058  2.53316  2.33982  2.50246  3.37821  5.49245  4.12350    325 k - - -
          2.68618  4.42225  2.77519  2.73123  3.46354  2.40513  3.72494  3.29354  2.67741  2.69355  4.24690  2.90347  2.73739  3.18146  2.89801  2.37887  2.77519  2.98518  4.58477  3.61503
          0.01815  4.41388  5.13622  0.61958  0.77255  1.07552  0.41722
    173   2.00369  4.64649  3.27090  2.82892  4.35917  1.60375  4.00018  3.78252  2.82206  3.40001  4.21348  3.23454  2.53806  3.18162  2.76004  2.68278  2.94351  3.35363  5.62852  4.33890    326 g - - -
          2.68618  4.42225  2.77519  2.73123  3.46354  2.40513  3.72494  3.29354  2.67741  2.69355  4.24690  2.90347  2.73739  3.18146  2.89801  2.37887  2.77519  2.98518  4.58477  3.61503
          0.01874  4.38235  5.10470  0.61958  0.77255  1.07552  0.41722
    174   2.58730  4.96029  2.72612  2.46491  4.30878  2.55658  3.70469  3.75156  2.48432  3.31128  4.09534  2.61594  3.32041  2.83295  2.96132  2.30441  2.27608  3.00626  5.51017  4.14682    327 t - - -
          2.68618  4.42225  2.77519  2.73123  3.46354  2.40513  3.72494  3.29354  2.67741  2.69355  4.24690  2.90347  2.73739  3.18146  2.89801  2.37887  2.77519  2.98518  4.58477  3.61503
          0.01874  4.38235  5.10470  0.61958  0.77255  1.07552  0.41722
    175   1.80069  4.43537  3.51011  3.04404  4.24471  1.92667  4.12646  3.65048  3.04351  3.31381  4.13962  3.34918  2.29777  3.35281  3.42842  2.30346  2.86933  2.70678  5.58046  4.32965    328 a - - -
          2.68462  4.42339  2.77633  2.73237  3.46467  2.40295  3.72608  3.29467  2.67854  2.69468  4.24803  2.90295  2.73573  3.18260  2.89808  2.37898  2.77299  2.98593  4.58590  3.61617
          0.79085  0.60415        *  2.21080  0.11610  0.00000        *
//
