HMMER3/f [3.3.1 | Jul 2020]
NAME  vHMM_8258
LENG  210
ALPH  amino
RF    no
MM    no
CONS  yes
CS    no
MAP   yes
DATE  Wed Feb 10 23:11:21 2021
NSEQ  6
EFFN  0.629883
CKSUM 1049580834
STATS LOCAL MSV      -10.2703  0.70481
STATS LOCAL VITERBI  -11.3270  0.70481
STATS LOCAL FORWARD   -5.1032  0.70481
CUTOFF SCORE	266.72
TAXON	Ascoviridae
TXID	43682
PROTEIN	Thymidine kinase
TYPE	Full-length
RANGE	Wide
HMM          A        C        D        E        F        G        H        I        K        L        M        N        P        Q        R        S        T        V        W        Y   
            m->m     m->i     m->d     i->m     i->i     d->m     d->d
  COMPO   2.66900  4.27288  2.89957  2.61775  3.23436  3.00066  3.75646  2.70786  2.74007  2.49927  3.54052  3.06738  3.57963  3.15498  2.91866  2.59108  2.88250  2.50436  4.65001  3.20569
          2.68626  4.42233  2.77528  2.73131  3.46362  2.40521  3.72503  3.29362  2.67749  2.69363  4.24551  2.90355  2.73748  3.18155  2.89809  2.37850  2.77494  2.98527  4.58485  3.61511
          0.37806  1.81840  1.88043  1.12818  0.39100  0.00000        *
      1   2.57832  4.28693  3.62401  3.14159  3.43917  3.48446  4.03941  2.48062  2.99117  2.21413  2.35130  3.46100  3.98239  3.36514  3.28087  2.84231  2.15320  2.33210  5.06008  3.83288      5 t - - -
          2.68618  4.42225  2.77519  2.73123  3.46354  2.40513  3.72494  3.29354  2.67741  2.69355  4.24690  2.90347  2.73739  3.18146  2.89801  2.37887  2.77519  2.98518  4.58477  3.61503
          0.03346  3.80995  4.53230  0.61958  0.77255  0.61985  0.77224
      2   2.61764  4.72230  2.63887  1.86665  4.13061  3.23287  3.72067  3.41434  2.53707  3.12590  4.02262  2.89452  3.78303  2.90982  2.94017  2.66731  2.14110  3.09967  5.42071  4.09594      6 e - - -
          2.68618  4.42225  2.77519  2.73123  3.46354  2.40513  3.72494  3.29354  2.67741  2.69355  4.24690  2.90347  2.73739  3.18146  2.89801  2.37887  2.77519  2.98518  4.58477  3.61503
          0.03346  3.80995  4.53230  0.61958  0.77255  0.61985  0.77224
      3   2.38162  4.22608  3.37502  3.12581  3.91597  3.06698  4.14758  3.03558  3.06752  2.90123  3.95697  3.34426  3.76633  3.46585  3.32836  2.58234  1.28258  2.73726  5.35939  4.13302      7 t - - -
          2.68618  4.42225  2.77519  2.73123  3.46354  2.40513  3.72494  3.29354  2.67741  2.69355  4.24690  2.90347  2.73739  3.18146  2.89801  2.37887  2.77519  2.98518  4.58477  3.61503
          0.03346  3.80995  4.53230  0.61958  0.77255  0.61985  0.77224
      4   2.84603  5.33370  1.63185  1.59428  4.62001  3.15272  3.68729  4.11077  2.68351  3.65011  4.51285  2.63294  3.76565  2.85848  3.25129  2.74788  3.13359  3.71111  5.81282  4.34189      8 e - - -
          2.68618  4.42225  2.77519  2.73123  3.46354  2.40513  3.72494  3.29354  2.67741  2.69355  4.24690  2.90347  2.73739  3.18146  2.89801  2.37887  2.77519  2.98518  4.58477  3.61503
          0.03346  3.80995  4.53230  0.61958  0.77255  0.61985  0.77224
      5   2.28666  4.20545  3.15439  2.96867  4.01469  2.93660  4.07958  3.52948  3.03814  3.25510  4.18745  3.20259  3.67055  3.39271  3.32515  1.18943  2.76236  3.07835  5.39253  4.09822      9 s - - -
          2.68618  4.42225  2.77519  2.73123  3.46354  2.40513  3.72494  3.29354  2.67741  2.69355  4.24690  2.90347  2.73739  3.18146  2.89801  2.37887  2.77519  2.98518  4.58477  3.61503
          0.03346  3.80995  4.53230  0.61958  0.77255  0.41021  1.08919
      6   2.95157  4.38891  4.39550  3.87492  3.33097  4.10244  4.57687  1.99987  3.72667  1.88424  2.29400  4.12930  4.46452  4.00171  3.93969  3.45925  3.21931  1.32009  5.19990  4.01614     10 v - - -
          2.68618  4.42225  2.77519  2.73123  3.46354  2.40513  3.72494  3.29354  2.67741  2.69355  4.24690  2.90347  2.73739  3.18146  2.89801  2.37887  2.77519  2.98518  4.58477  3.61503
          0.02859  3.96463  4.68698  0.61958  0.77255  0.48576  0.95510
      7   3.05149  4.39309  4.69113  4.19809  3.53705  4.35300  4.92969  1.43828  4.08029  2.05536  3.35499  4.42709  4.68784  4.35756  4.29012  3.73951  3.32282  1.12651  5.48445  4.27175     11 v - - -
          2.68618  4.42225  2.77519  2.73123  3.46354  2.40513  3.72494  3.29354  2.67741  2.69355  4.24690  2.90347  2.73739  3.18146  2.89801  2.37887  2.77519  2.98518  4.58477  3.61503
          0.02859  3.96463  4.68698  0.61958  0.77255  0.48576  0.95510
      8   2.96750  4.37252  4.31588  3.80110  1.92976  4.01290  3.82460  1.97536  3.66927  2.10523  3.28094  3.89895  4.34064  3.81774  3.81354  3.32470  3.19623  2.47107  4.15572  1.98681     12 f - - -
          2.68618  4.42225  2.77519  2.73123  3.46354  2.40513  3.72494  3.29354  2.67741  2.69355  4.24690  2.90347  2.73739  3.18146  2.89801  2.37887  2.77519  2.98518  4.58477  3.61503
          0.02859  3.96463  4.68698  0.61958  0.77255  0.48576  0.95510
      9   3.05149  4.39309  4.69113  4.19809  3.53705  4.35300  4.92969  1.43828  4.08029  2.05536  3.35499  4.42709  4.68784  4.35756  4.29012  3.73951  3.32282  1.12651  5.48445  4.27175     13 v - - -
          2.68618  4.42225  2.77519  2.73123  3.46354  2.40513  3.72494  3.29354  2.67741  2.69355  4.24690  2.90347  2.73739  3.18146  2.89801  2.37887  2.77519  2.98518  4.58477  3.61503
          0.02859  3.96463  4.68698  0.61958  0.77255  0.48576  0.95510
     10   2.36190  4.28323  3.28813  3.10869  4.16880  3.01148  4.21575  3.70411  3.18867  3.41742  4.33616  3.31837  3.75800  3.53089  3.47151  0.96015  2.84902  3.21901  5.53403  4.25294     14 s - - -
          2.68618  4.42225  2.77519  2.73123  3.46354  2.40513  3.72494  3.29354  2.67741  2.69355  4.24690  2.90347  2.73739  3.18146  2.89801  2.37887  2.77519  2.98518  4.58477  3.61503
          0.02859  3.96463  4.68698  0.61958  0.77255  0.48576  0.95510
     11   3.05149  4.39309  4.69113  4.19809  3.53705  4.35300  4.92969  1.43828  4.08029  2.05536  3.35499  4.42709  4.68784  4.35756  4.29012  3.73951  3.32282  1.12651  5.48445  4.27175     15 v - - -
          2.68618  4.42225  2.77519  2.73123  3.46354  2.40513  3.72494  3.29354  2.67741  2.69355  4.24690  2.90347  2.73739  3.18146  2.89801  2.37887  2.77519  2.98518  4.58477  3.61503
          0.02859  3.96463  4.68698  0.61958  0.77255  0.48576  0.95510
     12   3.03327  5.16144  2.52902  0.90117  4.51948  3.33470  3.93019  3.99174  2.82243  3.59432  4.56485  2.98771  3.94382  3.14429  3.24040  3.00665  3.33839  3.66629  5.67372  4.39666     16 e - - -
          2.68618  4.42225  2.77519  2.73123  3.46354  2.40513  3.72494  3.29354  2.67741  2.69355  4.24690  2.90347  2.73739  3.18146  2.89801  2.37887  2.77519  2.98518  4.58477  3.61503
          0.02859  3.96463  4.68698  0.61958  0.77255  0.48576  0.95510
     13   2.78257  4.54838  3.47517  3.38654  4.52621  0.60008  4.50074  4.14866  3.58031  3.79112  4.76796  3.63952  3.94246  3.89722  3.80581  2.95721  3.27099  3.65920  5.59658  4.63138     17 G - - -
          2.68618  4.42225  2.77519  2.73123  3.46354  2.40513  3.72494  3.29354  2.67741  2.69355  4.24690  2.90347  2.73739  3.18146  2.89801  2.37887  2.77519  2.98518  4.58477  3.61503
          0.02859  3.96463  4.68698  0.61958  0.77255  0.48576  0.95510
     14   2.80141  4.80006  2.76208  2.65713  4.17818  3.24702  3.99786  3.90896  2.90958  3.54555  4.50067  1.00472  3.90365  3.27123  3.26697  2.86538  3.18660  3.52184  5.47358  4.12024     18 n - - -
          2.68618  4.42225  2.77519  2.73123  3.46354  2.40513  3.72494  3.29354  2.67741  2.69355  4.24690  2.90347  2.73739  3.18146  2.89801  2.37887  2.77519  2.98518  4.58477  3.61503
          0.02859  3.96463  4.68698  0.61958  0.77255  0.48576  0.95510
     15   3.10308  4.49702  4.46519  4.08496  3.43728  4.16483  4.79648  0.97064  3.91485  2.00517  3.35900  4.31744  4.58775  4.25403  4.10095  3.66954  3.40084  1.85203  5.34673  4.09256     19 i - - -
          2.68618  4.42225  2.77519  2.73123  3.46354  2.40513  3.72494  3.29354  2.67741  2.69355  4.24690  2.90347  2.73739  3.18146  2.89801  2.37887  2.77519  2.98518  4.58477  3.61503
          0.02859  3.96463  4.68698  0.61958  0.77255  0.48576  0.95510
     16   2.78257  4.54838  3.47517  3.38654  4.52621  0.60008  4.50074  4.14866  3.58031  3.79112  4.76796  3.63952  3.94246  3.89722  3.80581  2.95721  3.27099  3.65920  5.59658  4.63138     20 G - - -
          2.68618  4.42225  2.77519  2.73123  3.46354  2.40513  3.72494  3.29354  2.67741  2.69355  4.24690  2.90347  2.73739  3.18146  2.89801  2.37887  2.77519  2.98518  4.58477  3.61503
          0.02859  3.96463  4.68698  0.61958  0.77255  0.48576  0.95510
     17   2.36190  4.28323  3.28813  3.10869  4.16880  3.01148  4.21575  3.70411  3.18867  3.41742  4.33616  3.31837  3.75800  3.53089  3.47151  0.96015  2.84902  3.21901  5.53403  4.25294     21 s - - -
          2.68618  4.42225  2.77519  2.73123  3.46354  2.40513  3.72494  3.29354  2.67741  2.69355  4.24690  2.90347  2.73739  3.18146  2.89801  2.37887  2.77519  2.98518  4.58477  3.61503
          0.02859  3.96463  4.68698  0.61958  0.77255  0.48576  0.95510
     18   2.78257  4.54838  3.47517  3.38654  4.52621  0.60008  4.50074  4.14866  3.58031  3.79112  4.76796  3.63952  3.94246  3.89722  3.80581  2.95721  3.27099  3.65920  5.59658  4.63138     22 G - - -
          2.68618  4.42225  2.77519  2.73123  3.46354  2.40513  3.72494  3.29354  2.67741  2.69355  4.24690  2.90347  2.73739  3.18146  2.89801  2.37887  2.77519  2.98518  4.58477  3.61503
          0.02859  3.96463  4.68698  0.61958  0.77255  0.48576  0.95510
     19   3.05747  5.02368  3.23952  2.84448  4.43118  3.53639  3.81226  3.86635  0.91889  3.41164  4.36869  3.26469  4.03070  2.99892  2.45196  3.09375  3.30418  3.56914  5.44842  4.27468     23 k - - -
          2.68618  4.42225  2.77519  2.73123  3.46354  2.40513  3.72494  3.29354  2.67741  2.69355  4.24690  2.90347  2.73739  3.18146  2.89801  2.37887  2.77519  2.98518  4.58477  3.61503
          0.02859  3.96463  4.68698  0.61958  0.77255  0.48576  0.95510
     20   2.36190  4.28323  3.28813  3.10869  4.16880  3.01148  4.21575  3.70411  3.18867  3.41742  4.33616  3.31837  3.75800  3.53089  3.47151  0.96015  2.84902  3.21901  5.53403  4.25294     24 s - - -
          2.68618  4.42225  2.77519  2.73123  3.46354  2.40513  3.72494  3.29354  2.67741  2.69355  4.24690  2.90347  2.73739  3.18146  2.89801  2.37887  2.77519  2.98518  4.58477  3.61503
          0.02859  3.96463  4.68698  0.61958  0.77255  0.48576  0.95510
     21   2.25584  4.19811  3.34745  3.04255  4.18460  2.98105  4.12396  3.53474  3.05857  3.27358  4.13373  3.25366  3.70154  3.38851  3.37585  1.40507  1.93507  3.06419  5.54356  4.30464     25 s - - -
          2.68618  4.42225  2.77519  2.73123  3.46354  2.40513  3.72494  3.29354  2.67741  2.69355  4.24690  2.90347  2.73739  3.18146  2.89801  2.37887  2.77519  2.98518  4.58477  3.61503
          0.02859  3.96463  4.68698  0.61958  0.77255  0.48576  0.95510
     22   3.05149  4.39309  4.69113  4.19809  3.53705  4.35300  4.92969  1.43828  4.08029  2.05536  3.35499  4.42709  4.68784  4.35756  4.29012  3.73951  3.32282  1.12651  5.48445  4.27175     26 v - - -
          2.68618  4.42225  2.77519  2.73123  3.46354  2.40513  3.72494  3.29354  2.67741  2.69355  4.24690  2.90347  2.73739  3.18146  2.89801  2.37887  2.77519  2.98518  4.58477  3.61503
          0.02859  3.96463  4.68698  0.61958  0.77255  0.48576  0.95510
     23   3.09455  4.49100  4.53492  3.99478  3.17375  4.27823  4.63924  1.67691  3.82874  1.63037  1.76046  4.26564  4.56013  4.06144  4.01211  3.62565  3.33703  2.06958  5.13917  3.99714     27 l - - -
          2.68618  4.42225  2.77519  2.73123  3.46354  2.40513  3.72494  3.29354  2.67741  2.69355  4.24690  2.90347  2.73739  3.18146  2.89801  2.37887  2.77519  2.98518  4.58477  3.61503
          0.02859  3.96463  4.68698  0.61958  0.77255  0.48576  0.95510
     24   2.81657  4.94992  3.05112  2.60786  4.32442  3.44905  3.66479  3.80070  2.15639  3.32861  4.18750  2.23460  3.91262  2.82472  1.56731  2.83805  3.06169  3.45487  5.41291  4.13490     28 r - - -
          2.68618  4.42225  2.77519  2.73123  3.46354  2.40513  3.72494  3.29354  2.67741  2.69355  4.24690  2.90347  2.73739  3.18146  2.89801  2.37887  2.77519  2.98518  4.58477  3.61503
          0.02859  3.96463  4.68698  0.61958  0.77255  0.48576  0.95510
     25   2.70120  4.82809  2.95855  2.56756  4.31147  3.35299  3.70431  3.72685  1.52355  3.30270  4.15360  3.02509  3.86026  2.86795  2.59355  2.09878  2.98461  3.36317  5.45410  4.16723     29 k - - -
          2.68618  4.42225  2.77519  2.73123  3.46354  2.40513  3.72494  3.29354  2.67741  2.69355  4.24690  2.90347  2.73739  3.18146  2.89801  2.37887  2.77519  2.98518  4.58477  3.61503
          0.02859  3.96463  4.68698  0.61958  0.77255  0.48576  0.95510
     26   2.12033  4.29292  4.01664  3.50190  3.45632  3.77435  4.31107  2.14532  3.39548  1.78329  3.34725  3.78389  4.21840  3.69838  3.66456  3.11813  3.02314  1.65771  5.15294  3.94385     30 v - - -
          2.68618  4.42225  2.77519  2.73123  3.46354  2.40513  3.72494  3.29354  2.67741  2.69355  4.24690  2.90347  2.73739  3.18146  2.89801  2.37887  2.77519  2.98518  4.58477  3.61503
          0.02859  3.96463  4.68698  0.61958  0.77255  0.48576  0.95510
     27   1.48123  4.20066  3.80295  3.40764  3.79077  3.29176  4.31157  2.51378  3.33713  2.63479  3.70939  3.57437  3.94174  3.65288  3.60961  2.71678  2.85755  1.75993  5.37536  4.15305     31 a - - -
          2.68618  4.42225  2.77519  2.73123  3.46354  2.40513  3.72494  3.29354  2.67741  2.69355  4.24690  2.90347  2.73739  3.18146  2.89801  2.37887  2.77519  2.98518  4.58477  3.61503
          0.02859  3.96463  4.68698  0.61958  0.77255  0.48576  0.95510
     28   2.85715  5.19460  2.57166  1.53732  4.53066  3.36314  3.66700  3.95548  1.85939  3.47747  4.32161  2.86166  3.86860  2.81499  2.70008  2.81059  3.09878  3.59169  5.61460  4.26974     32 e - - -
          2.68618  4.42225  2.77519  2.73123  3.46354  2.40513  3.72494  3.29354  2.67741  2.69355  4.24690  2.90347  2.73739  3.18146  2.89801  2.37887  2.77519  2.98518  4.58477  3.61503
          0.02859  3.96463  4.68698  0.61958  0.77255  0.48576  0.95510
     29   2.76118  5.03955  2.89260  2.01241  4.32925  3.43984  2.61220  3.78240  2.17892  3.29941  4.11948  2.94036  3.85822  2.73322  2.06782  2.74807  2.97890  3.43156  5.42756  4.10771     33 e - - -
          2.68618  4.42225  2.77519  2.73123  3.46354  2.40513  3.72494  3.29354  2.67741  2.69355  4.24690  2.90347  2.73739  3.18146  2.89801  2.37887  2.77519  2.98518  4.58477  3.61503
          0.02859  3.96463  4.68698  0.61958  0.77255  0.48576  0.95510
     30   3.53522  4.81525  4.49707  4.15878  1.46283  4.30148  3.45766  3.24838  4.01483  2.60029  3.85535  3.99314  4.62046  4.03104  4.08623  3.66577  3.76088  3.16816  3.61567  1.11974     34 y - - -
          2.68618  4.42225  2.77519  2.73123  3.46354  2.40513  3.72494  3.29354  2.67741  2.69355  4.24690  2.90347  2.73739  3.18146  2.89801  2.37887  2.77519  2.98518  4.58477  3.61503
          0.02859  3.96463  4.68698  0.61958  0.77255  0.48576  0.95510
     31   3.09017  5.23063  0.79437  2.39582  4.62039  3.28188  4.01451  4.22987  3.11643  3.82204  4.80270  2.95660  3.94125  3.25421  3.64474  3.04252  3.43090  3.85943  5.77096  4.47878     35 d - - -
          2.68618  4.42225  2.77519  2.73123  3.46354  2.40513  3.72494  3.29354  2.67741  2.69355  4.24690  2.90347  2.73739  3.18146  2.89801  2.37887  2.77519  2.98518  4.58477  3.61503
          0.02859  3.96463  4.68698  0.61958  0.77255  0.48576  0.95510
     32   2.76200  4.97457  1.74977  2.32518  4.56567  1.56382  3.87692  4.07509  2.88343  3.65570  4.51636  2.85844  3.82397  3.07295  3.40251  2.75877  3.11430  3.63599  5.77112  4.40963     36 g - - -
          2.68618  4.42225  2.77519  2.73123  3.46354  2.40513  3.72494  3.29354  2.67741  2.69355  4.24690  2.90347  2.73739  3.18146  2.89801  2.37887  2.77519  2.98518  4.58477  3.61503
          0.02859  3.96463  4.68698  0.61958  0.77255  0.48576  0.95510
     33   2.60988  2.85730  3.53982  2.97389  3.48771  3.54688  3.84863  2.71405  2.21196  2.06251  3.45268  3.34542  3.96115  3.16583  3.02243  2.84006  2.86167  2.50777  4.95075  3.71338     37 l - - -
          2.68618  4.42225  2.77519  2.73123  3.46354  2.40513  3.72494  3.29354  2.67741  2.69355  4.24690  2.90347  2.73739  3.18146  2.89801  2.37887  2.77519  2.98518  4.58477  3.61503
          0.02859  3.96463  4.68698  0.61958  0.77255  0.48576  0.95510
     34   3.05149  4.39309  4.69113  4.19809  3.53705  4.35300  4.92969  1.43828  4.08029  2.05536  3.35499  4.42709  4.68784  4.35756  4.29012  3.73951  3.32282  1.12651  5.48445  4.27175     38 v - - -
          2.68618  4.42225  2.77519  2.73123  3.46354  2.40513  3.72494  3.29354  2.67741  2.69355  4.24690  2.90347  2.73739  3.18146  2.89801  2.37887  2.77519  2.98518  4.58477  3.61503
          0.02859  3.96463  4.68698  0.61958  0.77255  0.48576  0.95510
     35   2.72038  4.47189  3.49967  2.92682  3.19388  3.62413  3.72166  2.92519  2.62530  2.07409  3.52041  3.31371  3.99995  3.10101  2.29683  2.90087  2.94564  2.73087  4.70475  2.48048     39 l - - -
          2.68618  4.42225  2.77519  2.73123  3.46354  2.40513  3.72494  3.29354  2.67741  2.69355  4.24690  2.90347  2.73739  3.18146  2.89801  2.37887  2.77519  2.98518  4.58477  3.61503
          0.02859  3.96463  4.68698  0.61958  0.77255  0.48576  0.95510
     36   2.67589  4.36630  3.63031  3.26711  1.56994  2.19827  3.92648  2.98022  3.25893  2.62608  3.67094  3.51911  4.01656  3.53415  3.52774  2.89988  3.01535  2.76706  4.60357  3.10278     40 f - - -
          2.68618  4.42225  2.77519  2.73123  3.46354  2.40513  3.72494  3.29354  2.67741  2.69355  4.24690  2.90347  2.73739  3.18146  2.89801  2.37887  2.77519  2.98518  4.58477  3.61503
          0.02859  3.96463  4.68698  0.61958  0.77255  0.48576  0.95510
     37   2.72058  1.96633  4.33209  3.83415  3.42172  3.76198  4.45306  1.67887  3.66933  2.20043  3.36920  3.97164  4.25565  3.94991  3.85675  3.15654  3.04035  1.93307  5.12947  3.90140     41 i - - -
          2.68618  4.42225  2.77519  2.73123  3.46354  2.40513  3.72494  3.29354  2.67741  2.69355  4.24690  2.90347  2.73739  3.18146  2.89801  2.37887  2.77519  2.98518  4.58477  3.61503
          0.02859  3.96463  4.68698  0.61958  0.77255  0.48576  0.95510
     38   2.70119  4.89097  2.60774  1.56288  4.29292  3.28497  3.74857  3.61814  2.57179  3.28651  4.16180  2.89565  3.83088  2.92176  3.00273  2.71959  2.22188  3.28178  5.54604  4.19574     42 e - - -
          2.68618  4.42225  2.77519  2.73123  3.46354  2.40513  3.72494  3.29354  2.67741  2.69355  4.24690  2.90347  2.73739  3.18146  2.89801  2.37887  2.77519  2.98518  4.58477  3.61503
          0.02859  3.96463  4.68698  0.61958  0.77255  0.48576  0.95510
     39   3.03327  5.16144  2.52902  0.90117  4.51948  3.33470  3.93019  3.99174  2.82243  3.59432  4.56485  2.98771  3.94382  3.14429  3.24040  3.00665  3.33839  3.66629  5.67372  4.39666     43 e - - -
          2.68618  4.42225  2.77519  2.73123  3.46354  2.40513  3.72494  3.29354  2.67741  2.69355  4.24690  2.90347  2.73739  3.18146  2.89801  2.37887  2.77519  2.98518  4.58477  3.61503
          0.02859  3.96463  4.68698  0.61958  0.77255  0.48576  0.95510
     40   2.75616  4.97486  1.82628  2.33516  4.44600  3.22579  3.82522  3.93305  2.77523  3.52273  4.38649  2.86978  1.74249  3.01243  3.27307  2.75322  3.07971  3.53627  5.66871  4.30665     44 p - - -
          2.68618  4.42225  2.77519  2.73123  3.46354  2.40513  3.72494  3.29354  2.67741  2.69355  4.24690  2.90347  2.73739  3.18146  2.89801  2.37887  2.77519  2.98518  4.58477  3.61503
          0.02859  3.96463  4.68698  0.61958  0.77255  0.48576  0.95510
     41   2.88105  4.39876  4.25227  3.91879  3.61844  3.81852  4.70489  2.04897  3.78796  2.28984  3.57014  4.09366  4.37428  4.14137  3.99149  3.32827  3.24061  0.91630  5.41826  4.15536     45 v - - -
          2.68618  4.42225  2.77519  2.73123  3.46354  2.40513  3.72494  3.29354  2.67741  2.69355  4.24690  2.90347  2.73739  3.18146  2.89801  2.37887  2.77519  2.98518  4.58477  3.61503
          0.02859  3.96463  4.68698  0.61958  0.77255  0.48576  0.95510
     42   2.76404  5.13188  2.37566  1.78761  4.51013  2.33124  3.71231  3.98237  2.59947  3.52462  4.35156  2.11361  3.80829  2.87147  3.09861  2.72084  3.04843  3.58197  5.70321  4.28854     46 e - - -
          2.68618  4.42225  2.77519  2.73123  3.46354  2.40513  3.72494  3.29354  2.67741  2.69355  4.24690  2.90347  2.73739  3.18146  2.89801  2.37887  2.77519  2.98518  4.58477  3.61503
          0.02859  3.96463  4.68698  0.61958  0.77255  0.48576  0.95510
     43   2.88419  5.45857  1.73476  1.68054  4.74483  3.21844  3.71795  4.26164  2.69552  3.75176  4.58168  2.02919  3.81582  2.87426  3.27649  2.77609  3.16259  3.83135  5.90939  4.41171     47 e - - -
          2.68618  4.42225  2.77519  2.73123  3.46354  2.40513  3.72494  3.29354  2.67741  2.69355  4.24690  2.90347  2.73739  3.18146  2.89801  2.37887  2.77519  2.98518  4.58477  3.61503
          0.02859  3.96463  4.68698  0.61958  0.77255  0.48576  0.95510
     44   3.49211  4.83345  4.23429  3.96350  2.76516  3.83522  4.01674  3.52010  3.68395  2.89887  4.14956  4.09405  4.36076  4.06681  3.79593  3.69491  3.79728  3.41298  0.71831  2.76253     48 w - - -
          2.68618  4.42225  2.77519  2.73123  3.46354  2.40513  3.72494  3.29354  2.67741  2.69355  4.24690  2.90347  2.73739  3.18146  2.89801  2.37887  2.77519  2.98518  4.58477  3.61503
          0.02859  3.96463  4.68698  0.61958  0.77255  0.48576  0.95510
     45   2.52994  4.59234  2.72186  2.57578  4.37669  1.56726  3.95222  3.89998  2.87556  3.51848  4.36807  2.03194  3.77526  3.17210  3.28162  2.61471  2.94010  3.42085  5.64327  4.32403     49 g - - -
          2.68618  4.42225  2.77519  2.73123  3.46354  2.40513  3.72494  3.29354  2.67741  2.69355  4.24690  2.90347  2.73739  3.18146  2.89801  2.37887  2.77519  2.98518  4.58477  3.61503
          0.02859  3.96463  4.68698  0.61958  0.77255  0.48576  0.95510
     46   3.25943  4.69469  4.33722  3.97804  3.17235  4.09873  4.60488  2.38205  3.74487  0.76957  3.16753  4.24455  4.51860  4.09114  3.90564  3.68114  3.54970  2.44320  5.08452  3.82893     50 l - - -
          2.68618  4.42225  2.77519  2.73123  3.46354  2.40513  3.72494  3.29354  2.67741  2.69355  4.24690  2.90347  2.73739  3.18146  2.89801  2.37887  2.77519  2.98518  4.58477  3.61503
          0.02859  3.96463  4.68698  0.61958  0.77255  0.48576  0.95510
     47   3.25943  4.69469  4.33722  3.97804  3.17235  4.09873  4.60488  2.38205  3.74487  0.76957  3.16753  4.24455  4.51860  4.09114  3.90564  3.68114  3.54970  2.44320  5.08452  3.82893     51 l - - -
          2.68618  4.42225  2.77519  2.73123  3.46354  2.40513  3.72494  3.29354  2.67741  2.69355  4.24690  2.90347  2.73739  3.18146  2.89801  2.37887  2.77519  2.98518  4.58477  3.61503
          0.02859  3.96463  4.68698  0.61958  0.77255  0.48576  0.95510
     48   2.60300  4.64138  2.93386  2.09186  3.89128  2.57423  3.69869  3.25294  2.53411  2.91534  2.73503  3.00168  3.83213  2.89632  2.94888  2.68292  2.85832  2.96926  5.22547  3.92411     52 e - - -
          2.68618  4.42225  2.77519  2.73123  3.46354  2.40513  3.72494  3.29354  2.67741  2.69355  4.24690  2.90347  2.73739  3.18146  2.89801  2.37887  2.77519  2.98518  4.58477  3.61503
          0.02859  3.96463  4.68698  0.61958  0.77255  0.48576  0.95510
     49   2.76502  4.53885  3.36574  2.97789  2.96477  3.53134  3.74601  3.16013  2.91855  2.76631  3.76488  3.33901  2.44246  3.27676  3.23340  2.91634  3.05165  2.93232  4.52821  1.66665     53 y - - -
          2.68618  4.42225  2.77519  2.73123  3.46354  2.40513  3.72494  3.29354  2.67741  2.69355  4.24690  2.90347  2.73739  3.18146  2.89801  2.37887  2.77519  2.98518  4.58477  3.61503
          0.02859  3.96463  4.68698  0.61958  0.77255  0.48576  0.95510
     50   3.04324  4.57789  4.14899  3.75002  3.25038  3.90312  4.46387  2.43528  3.51286  1.83178  1.21188  4.01595  4.36480  3.88902  3.70724  3.40168  3.35065  2.45193  5.10312  3.87267     54 m - - -
          2.68618  4.42225  2.77519  2.73123  3.46354  2.40513  3.72494  3.29354  2.67741  2.69355  4.24690  2.90347  2.73739  3.18146  2.89801  2.37887  2.77519  2.98518  4.58477  3.61503
          0.02859  3.96463  4.68698  0.61958  0.77255  0.48576  0.95510
     51   3.38194  4.83355  3.97500  3.72215  2.30053  3.93804  3.66432  3.37846  3.57704  2.80850  4.04405  3.83811  4.40997  3.86090  3.74166  3.50928  3.66920  3.25344  3.94766  0.82532     55 y - - -
          2.68618  4.42225  2.77519  2.73123  3.46354  2.40513  3.72494  3.29354  2.67741  2.69355  4.24690  2.90347  2.73739  3.18146  2.89801  2.37887  2.77519  2.98518  4.58477  3.61503
          0.02859  3.96463  4.68698  0.61958  0.77255  0.48576  0.95510
     52   2.69071  4.72369  3.13650  2.60947  3.91981  3.47156  3.65809  3.34554  2.30363  2.33831  3.84489  2.39389  3.88440  2.84742  2.14194  2.76224  2.92318  3.06567  5.19766  3.89976     56 r - - -
          2.68618  4.42225  2.77519  2.73123  3.46354  2.40513  3.72494  3.29354  2.67741  2.69355  4.24690  2.90347  2.73739  3.18146  2.89801  2.37887  2.77519  2.98518  4.58477  3.61503
          0.02859  3.96463  4.68698  0.61958  0.77255  0.48576  0.95510
     53   2.86208  5.31362  1.46028  2.16251  4.58413  3.24415  3.72878  4.11593  2.65912  3.63337  4.48544  2.73449  3.82945  2.12199  3.18538  2.78283  3.14222  3.71744  5.78085  4.32543     57 d - - -
          2.68618  4.42225  2.77519  2.73123  3.46354  2.40513  3.72494  3.29354  2.67741  2.69355  4.24690  2.90347  2.73739  3.18146  2.89801  2.37887  2.77519  2.98518  4.58477  3.61503
          0.02859  3.96463  4.68698  0.61958  0.77255  0.48576  0.95510
     54   2.87699  4.61848  3.49421  3.34691  4.33335  3.30080  4.41641  3.90291  3.41217  3.51959  4.57371  3.64410  0.67282  3.79816  3.64687  3.04747  3.32591  3.53771  5.49421  4.45544     58 P - - -
          2.68618  4.42225  2.77519  2.73123  3.46354  2.40513  3.72494  3.29354  2.67741  2.69355  4.24690  2.90347  2.73739  3.18146  2.89801  2.37887  2.77519  2.98518  4.58477  3.61503
          0.02859  3.96463  4.68698  0.61958  0.77255  0.48576  0.95510
     55   2.04628  4.57481  3.07757  2.62227  4.05275  3.30079  3.75181  3.36958  2.01771  3.05747  3.91415  3.06169  3.81167  2.93890  2.85383  2.63456  2.22114  3.03928  5.33349  4.05484     59 k - - -
          2.68618  4.42225  2.77519  2.73123  3.46354  2.40513  3.72494  3.29354  2.67741  2.69355  4.24690  2.90347  2.73739  3.18146  2.89801  2.37887  2.77519  2.98518  4.58477  3.61503
          0.02859  3.96463  4.68698  0.61958  0.77255  0.48576  0.95510
     56   2.75819  4.74370  3.31513  2.70081  3.98516  3.55520  3.64988  2.49165  1.84208  2.94011  3.83097  3.13998  3.93172  2.83057  2.02892  2.83967  2.96711  3.04029  5.20872  3.96853     60 k - - -
          2.68618  4.42225  2.77519  2.73123  3.46354  2.40513  3.72494  3.29354  2.67741  2.69355  4.24690  2.90347  2.73739  3.18146  2.89801  2.37887  2.77519  2.98518  4.58477  3.61503
          0.02859  3.96463  4.68698  0.61958  0.77255  0.48576  0.95510
     57   3.53522  4.81525  4.49707  4.15878  1.46283  4.30148  3.45766  3.24838  4.01483  2.60029  3.85535  3.99314  4.62046  4.03104  4.08623  3.66577  3.76088  3.16816  3.61567  1.11974     61 y - - -
          2.68618  4.42225  2.77519  2.73123  3.46354  2.40513  3.72494  3.29354  2.67741  2.69355  4.24690  2.90347  2.73739  3.18146  2.89801  2.37887  2.77519  2.98518  4.58477  3.61503
          0.02859  3.96463  4.68698  0.61958  0.77255  0.48576  0.95510
     58   0.88871  4.23964  3.55750  3.35367  4.14540  3.06159  4.36465  3.28481  3.37233  3.16211  4.18431  3.47957  3.80958  3.70517  3.61614  2.58940  2.87316  2.92326  5.56336  4.37402     62 a - - -
          2.68618  4.42225  2.77519  2.73123  3.46354  2.40513  3.72494  3.29354  2.67741  2.69355  4.24690  2.90347  2.73739  3.18146  2.89801  2.37887  2.77519  2.98518  4.58477  3.61503
          0.02859  3.96463  4.68698  0.61958  0.77255  0.48576  0.95510
     59   3.37703  4.75197  4.36500  4.09751  0.87220  4.04421  3.92034  2.88994  4.00235  2.23902  3.60683  4.12371  4.50112  4.14508  4.09930  3.64189  3.67841  2.88731  4.14308  2.49894     63 f - - -
          2.68618  4.42225  2.77519  2.73123  3.46354  2.40513  3.72494  3.29354  2.67741  2.69355  4.24690  2.90347  2.73739  3.18146  2.89801  2.37887  2.77519  2.98518  4.58477  3.61503
          0.02859  3.96463  4.68698  0.61958  0.77255  0.48576  0.95510
     60   1.71101  4.25995  3.28341  3.00628  4.17692  3.03059  4.12210  3.48865  3.05494  3.22918  4.12892  3.25672  1.66294  3.38663  3.37738  2.49398  2.77972  3.05962  5.53644  4.30644     64 p - - -
          2.68618  4.42225  2.77519  2.73123  3.46354  2.40513  3.72494  3.29354  2.67741  2.69355  4.24690  2.90347  2.73739  3.18146  2.89801  2.37887  2.77519  2.98518  4.58477  3.61503
          0.02859  3.96463  4.68698  0.61958  0.77255  0.48576  0.95510
     61   3.37703  4.75197  4.36500  4.09751  0.87220  4.04421  3.92034  2.88994  4.00235  2.23902  3.60683  4.12371  4.50112  4.14508  4.09930  3.64189  3.67841  2.88731  4.14308  2.49894     65 f - - -
          2.68618  4.42225  2.77519  2.73123  3.46354  2.40513  3.72494  3.29354  2.67741  2.69355  4.24690  2.90347  2.73739  3.18146  2.89801  2.37887  2.77519  2.98518  4.58477  3.61503
          0.02859  3.96463  4.68698  0.61958  0.77255  0.48576  0.95510
     62   2.84777  5.21861  2.45115  1.49988  4.50918  3.31705  3.68718  3.97877  2.44947  3.49616  4.34884  2.81151  3.85092  2.13927  2.86794  2.79237  3.10310  3.61063  5.65407  4.26773     66 e - - -
          2.68618  4.42225  2.77519  2.73123  3.46354  2.40513  3.72494  3.29354  2.67741  2.69355  4.24690  2.90347  2.73739  3.18146  2.89801  2.37887  2.77519  2.98518  4.58477  3.61503
          0.02859  3.96463  4.68698  0.61958  0.77255  0.48576  0.95510
     63   3.06452  4.45506  4.53286  3.97315  3.17348  4.27066  4.61354  2.06655  3.84015  1.37221  2.21830  4.24522  4.53960  4.04321  4.02544  3.59939  3.29959  1.67712  5.11913  3.99519     67 l - - -
          2.68618  4.42225  2.77519  2.73123  3.46354  2.40513  3.72494  3.29354  2.67741  2.69355  4.24690  2.90347  2.73739  3.18146  2.89801  2.37887  2.77519  2.98518  4.58477  3.61503
          0.02859  3.96463  4.68698  0.61958  0.77255  0.48576  0.95510
     64   2.95584  4.94320  2.96579  2.72245  4.12384  3.42805  3.88140  3.76917  2.53699  3.26234  4.28809  3.18281  3.98314  1.07876  2.81916  2.99993  3.25297  3.49327  5.37978  4.07980     68 q - - -
          2.68618  4.42225  2.77519  2.73123  3.46354  2.40513  3.72494  3.29354  2.67741  2.69355  4.24690  2.90347  2.73739  3.18146  2.89801  2.37887  2.77519  2.98518  4.58477  3.61503
          0.02859  3.96463  4.68698  0.61958  0.77255  0.48576  0.95510
     65   2.88105  4.39876  4.25227  3.91879  3.61844  3.81852  4.70489  2.04897  3.78796  2.28984  3.57014  4.09366  4.37428  4.14137  3.99149  3.32827  3.24061  0.91630  5.41826  4.15536     69 v - - -
          2.68618  4.42225  2.77519  2.73123  3.46354  2.40513  3.72494  3.29354  2.67741  2.69355  4.24690  2.90347  2.73739  3.18146  2.89801  2.37887  2.77519  2.98518  4.58477  3.61503
          0.02859  3.96463  4.68698  0.61958  0.77255  0.48576  0.95510
     66   3.25943  4.69469  4.33722  3.97804  3.17235  4.09873  4.60488  2.38205  3.74487  0.76957  3.16753  4.24455  4.51860  4.09114  3.90564  3.68114  3.54970  2.44320  5.08452  3.82893     70 l - - -
          2.68618  4.42225  2.77519  2.73123  3.46354  2.40513  3.72494  3.29354  2.67741  2.69355  4.24690  2.90347  2.73739  3.18146  2.89801  2.37887  2.77519  2.98518  4.58477  3.61503
          0.02859  3.96463  4.68698  0.61958  0.77255  0.48576  0.95510
     67   2.65908  4.30626  3.82797  3.36011  3.56482  3.60900  4.23988  1.82856  3.23904  2.34512  3.47975  3.64719  4.11772  3.58899  3.52137  2.98079  1.78000  2.11566  5.20787  3.97478     71 t - - -
          2.68618  4.42225  2.77519  2.73123  3.46354  2.40513  3.72494  3.29354  2.67741  2.69355  4.24690  2.90347  2.73739  3.18146  2.89801  2.37887  2.77519  2.98518  4.58477  3.61503
          0.02859  3.96463  4.68698  0.61958  0.77255  0.48576  0.95510
     68   2.36190  4.28323  3.28813  3.10869  4.16880  3.01148  4.21575  3.70411  3.18867  3.41742  4.33616  3.31837  3.75800  3.53089  3.47151  0.96015  2.84902  3.21901  5.53403  4.25294     72 s - - -
          2.68618  4.42225  2.77519  2.73123  3.46354  2.40513  3.72494  3.29354  2.67741  2.69355  4.24690  2.90347  2.73739  3.18146  2.89801  2.37887  2.77519  2.98518  4.58477  3.61503
          0.02859  3.96463  4.68698  0.61958  0.77255  0.48576  0.95510
     69   2.92959  5.12582  3.04237  2.58414  4.49862  3.52530  3.61995  3.90418  1.39728  3.37946  4.24304  3.04858  3.94915  2.10771  2.29071  2.91477  3.13169  3.57187  5.46865  4.22248     73 k - - -
          2.68618  4.42225  2.77519  2.73123  3.46354  2.40513  3.72494  3.29354  2.67741  2.69355  4.24690  2.90347  2.73739  3.18146  2.89801  2.37887  2.77519  2.98518  4.58477  3.61503
          0.02859  3.96463  4.68698  0.61958  0.77255  0.48576  0.95510
     70   3.38194  4.83355  3.97500  3.72215  2.30053  3.93804  3.66432  3.37846  3.57704  2.80850  4.04405  3.83811  4.40997  3.86090  3.74166  3.50928  3.66920  3.25344  3.94766  0.82532     74 y - - -
          2.68624  4.42231  2.77526  2.73129  3.46360  2.40519  3.72501  3.29360  2.67747  2.69361  4.24549  2.90314  2.73746  3.18152  2.89807  2.37893  2.77492  2.98524  4.58483  3.61509
          0.18814  1.81840  4.68698  0.92222  0.50689  0.48576  0.95510
     71   2.82070  5.07431  2.98176  2.49492  4.37187  3.48511  2.57090  3.82631  1.76254  3.32349  4.15319  2.98473  3.89280  2.17008  2.39929  2.80629  3.02721  3.48134  5.42298  4.12660     78 k - - -
          2.68618  4.42225  2.77519  2.73123  3.46354  2.40513  3.72494  3.29354  2.67741  2.69355  4.24690  2.90347  2.73739  3.18146  2.89801  2.37887  2.77519  2.98518  4.58477  3.61503
          0.02859  3.96463  4.68698  0.61958  0.77255  0.48576  0.95510
     72   2.89600  5.05841  3.06280  2.59304  4.25090  3.52183  2.47416  3.82076  1.43105  3.31914  4.18239  3.05701  3.94262  2.78174  2.35185  2.89415  3.10324  3.49605  5.35030  4.04302     79 k - - -
          2.68618  4.42225  2.77519  2.73123  3.46354  2.40513  3.72494  3.29354  2.67741  2.69355  4.24690  2.90347  2.73739  3.18146  2.89801  2.37887  2.77519  2.98518  4.58477  3.61503
          0.02859  3.96463  4.68698  0.61958  0.77255  0.48576  0.95510
     73   2.92642  4.39341  4.18540  3.66551  2.73995  3.93124  3.96517  1.92978  3.43801  2.05794  3.26588  3.85286  4.29526  3.72666  3.62054  3.27671  3.17054  2.42638  1.97155  2.92106     80 i - - -
          2.68618  4.42225  2.77519  2.73123  3.46354  2.40513  3.72494  3.29354  2.67741  2.69355  4.24690  2.90347  2.73739  3.18146  2.89801  2.37887  2.77519  2.98518  4.58477  3.61503
          0.02859  3.96463  4.68698  0.61958  0.77255  0.48576  0.95510
     74   3.18021  4.51498  4.71902  4.20382  3.25024  4.44862  4.83613  1.29000  4.03323  1.39927  3.08966  4.46068  4.70670  4.27146  4.20599  3.82439  3.42623  1.86995  5.26564  4.08383     81 i - - -
          2.68618  4.42225  2.77519  2.73123  3.46354  2.40513  3.72494  3.29354  2.67741  2.69355  4.24690  2.90347  2.73739  3.18146  2.89801  2.37887  2.77519  2.98518  4.58477  3.61503
          0.02859  3.96463  4.68698  0.61958  0.77255  0.48576  0.95510
     75   2.86034  5.29305  1.73237  2.15258  4.61921  3.20871  3.76440  4.17101  2.75579  3.70705  4.56041  1.59505  3.82537  2.93928  3.31311  2.78414  3.16326  3.75174  5.83613  4.36297     82 n - - -
          2.68618  4.42225  2.77519  2.73123  3.46354  2.40513  3.72494  3.29354  2.67741  2.69355  4.24690  2.90347  2.73739  3.18146  2.89801  2.37887  2.77519  2.98518  4.58477  3.61503
          0.02859  3.96463  4.68698  0.61958  0.77255  0.48576  0.95510
     76   1.85195  4.42802  2.96653  2.66536  4.22958  3.08494  3.90629  3.65155  2.79513  3.29920  4.12591  2.18686  3.72760  3.11128  3.19899  1.91684  2.78766  3.19995  5.52697  4.23324     83 a - - -
          2.68618  4.42225  2.77519  2.73123  3.46354  2.40513  3.72494  3.29354  2.67741  2.69355  4.24690  2.90347  2.73739  3.18146  2.89801  2.37887  2.77519  2.98518  4.58477  3.61503
          0.02859  3.96463  4.68698  0.61958  0.77255  0.48576  0.95510
     77   2.66358  4.30288  3.64540  3.11223  3.13785  3.63795  3.86799  2.62866  2.98949  1.93180  3.34771  3.45441  4.03429  3.31886  3.28178  2.92888  2.29710  2.46027  4.70378  2.50716     84 l - - -
          2.68618  4.42225  2.77519  2.73123  3.46354  2.40513  3.72494  3.29354  2.67741  2.69355  4.24690  2.90347  2.73739  3.18146  2.89801  2.37887  2.77519  2.98518  4.58477  3.61503
          0.02859  3.96463  4.68698  0.61958  0.77255  0.48576  0.95510
     78   2.75362  5.16973  1.92974  1.80287  4.48324  3.26215  3.67902  3.93138  2.57244  3.48582  4.30398  2.75363  3.79965  2.82841  3.09718  2.70164  2.28649  3.54317  5.67840  4.25240     85 e - - -
          2.68618  4.42225  2.77519  2.73123  3.46354  2.40513  3.72494  3.29354  2.67741  2.69355  4.24690  2.90347  2.73739  3.18146  2.89801  2.37887  2.77519  2.98518  4.58477  3.61503
          0.02859  3.96463  4.68698  0.61958  0.77255  0.48576  0.95510
     79   2.62344  4.64585  2.94512  2.10561  3.78346  3.41102  3.68212  3.22980  2.53067  2.89163  3.76375  3.00895  3.84610  2.89613  2.94084  2.70411  2.32417  2.95395  5.14462  2.76173     86 e - - -
          2.68618  4.42225  2.77519  2.73123  3.46354  2.40513  3.72494  3.29354  2.67741  2.69355  4.24690  2.90347  2.73739  3.18146  2.89801  2.37887  2.77519  2.98518  4.58477  3.61503
          0.02859  3.96463  4.68698  0.61958  0.77255  0.48576  0.95510
     80   2.58793  1.89648  3.24759  2.07392  3.80796  3.34823  3.93548  3.04000  2.82919  2.84921  3.78731  3.25920  3.89359  3.21427  3.16121  2.75965  2.91259  2.77585  5.20463  3.96001     87 c - - -
          2.68618  4.42225  2.77519  2.73123  3.46354  2.40513  3.72494  3.29354  2.67741  2.69355  4.24690  2.90347  2.73739  3.18146  2.89801  2.37887  2.77519  2.98518  4.58477  3.61503
          0.02859  3.96463  4.68698  0.61958  0.77255  0.48576  0.95510
     81   2.64288  4.51163  3.35512  2.79244  3.71132  3.50016  3.75896  2.99708  2.48094  2.17048  3.63013  3.21010  3.92034  2.99405  2.23467  2.79230  2.29421  2.77009  5.09864  3.84776     88 l - - -
          2.68618  4.42225  2.77519  2.73123  3.46354  2.40513  3.72494  3.29354  2.67741  2.69355  4.24690  2.90347  2.73739  3.18146  2.89801  2.37887  2.77519  2.98518  4.58477  3.61503
          0.02859  3.96463  4.68698  0.61958  0.77255  0.48576  0.95510
     82   2.86109  4.72455  3.52574  2.92589  3.75774  3.62970  3.76549  3.13836  2.28553  2.04949  3.74924  3.31469  4.03339  2.98950  1.60216  2.98576  3.08821  2.96250  5.13677  3.86511     89 r - - -
          2.68618  4.42225  2.77519  2.73123  3.46354  2.40513  3.72494  3.29354  2.67741  2.69355  4.24690  2.90347  2.73739  3.18146  2.89801  2.37887  2.77519  2.98518  4.58477  3.61503
          0.02859  3.96463  4.68698  0.61958  0.77255  0.48576  0.95510
     83   2.47116  4.48085  2.95693  2.67974  4.13513  3.15275  3.90197  3.50746  2.75612  3.21892  4.09006  2.18113  3.78005  3.12276  3.12615  2.58644  1.65284  3.12137  5.46074  4.15735     90 t - - -
          2.68618  4.42225  2.77519  2.73123  3.46354  2.40513  3.72494  3.29354  2.67741  2.69355  4.24690  2.90347  2.73739  3.18146  2.89801  2.37887  2.77519  2.98518  4.58477  3.61503
          0.02859  3.96463  4.68698  0.61958  0.77255  0.48576  0.95510
     84   2.75811  5.17180  1.90965  2.19436  4.51215  2.36501  3.68893  3.99678  2.57833  3.52570  4.34203  2.75621  3.80044  2.17442  3.09555  2.70573  3.03194  3.59288  5.69736  4.27025     91 d - - -
          2.68618  4.42225  2.77519  2.73123  3.46354  2.40513  3.72494  3.29354  2.67741  2.69355  4.24690  2.90347  2.73739  3.18146  2.89801  2.37887  2.77519  2.98518  4.58477  3.61503
          0.02859  3.96463  4.68698  0.61958  0.77255  0.48576  0.95510
     85   2.15475  5.01444  2.08881  2.27897  4.35901  3.29641  3.65490  3.78772  2.02362  3.35681  4.16948  2.82173  3.79443  2.79975  2.94091  2.66294  2.94355  3.41175  5.55210  4.16853     92 k - - -
          2.68618  4.42225  2.77519  2.73123  3.46354  2.40513  3.72494  3.29354  2.67741  2.69355  4.24690  2.90347  2.73739  3.18146  2.89801  2.37887  2.77519  2.98518  4.58477  3.61503
          0.02859  3.96463  4.68698  0.61958  0.77255  0.48576  0.95510
     86   2.68185  4.68372  3.29510  2.77069  4.15307  3.40244  3.74097  3.49259  2.26525  3.11751  4.01414  3.16701  3.89495  2.92241  1.60862  2.77325  2.19366  3.17690  5.34594  4.10714     93 r - - -
          2.68618  4.42225  2.77519  2.73123  3.46354  2.40513  3.72494  3.29354  2.67741  2.69355  4.24690  2.90347  2.73739  3.18146  2.89801  2.37887  2.77519  2.98518  4.58477  3.61503
          0.02859  3.96463  4.68698  0.61958  0.77255  0.48576  0.95510
     87   3.07157  4.40569  4.72231  4.22976  3.51368  4.38118  4.95098  1.20685  4.10907  2.01315  3.32742  4.45727  4.70590  4.37907  4.31181  3.76966  3.34092  1.34522  5.48004  4.27532     94 i - - -
          2.68618  4.42225  2.77519  2.73123  3.46354  2.40513  3.72494  3.29354  2.67741  2.69355  4.24690  2.90347  2.73739  3.18146  2.89801  2.37887  2.77519  2.98518  4.58477  3.61503
          0.02859  3.96463  4.68698  0.61958  0.77255  0.48576  0.95510
     88   3.05149  4.39309  4.69113  4.19809  3.53705  4.35300  4.92969  1.43828  4.08029  2.05536  3.35499  4.42709  4.68784  4.35756  4.29012  3.73951  3.32282  1.12651  5.48445  4.27175     95 v - - -
          2.68618  4.42225  2.77519  2.73123  3.46354  2.40513  3.72494  3.29354  2.67741  2.69355  4.24690  2.90347  2.73739  3.18146  2.89801  2.37887  2.77519  2.98518  4.58477  3.61503
          0.02859  3.96463  4.68698  0.61958  0.77255  0.48576  0.95510
     89   3.05149  4.39309  4.69113  4.19809  3.53705  4.35300  4.92969  1.43828  4.08029  2.05536  3.35499  4.42709  4.68784  4.35756  4.29012  3.73951  3.32282  1.12651  5.48445  4.27175     96 v - - -
          2.68618  4.42225  2.77519  2.73123  3.46354  2.40513  3.72494  3.29354  2.67741  2.69355  4.24690  2.90347  2.73739  3.18146  2.89801  2.37887  2.77519  2.98518  4.58477  3.61503
          0.02859  3.96463  4.68698  0.61958  0.77255  0.48576  0.95510
     90   3.09455  4.49100  4.53492  3.99478  3.17375  4.27823  4.63924  1.67691  3.82874  1.63037  1.76046  4.26564  4.56013  4.06144  4.01211  3.62565  3.33703  2.06958  5.13917  3.99714     97 l - - -
          2.68618  4.42225  2.77519  2.73123  3.46354  2.40513  3.72494  3.29354  2.67741  2.69355  4.24690  2.90347  2.73739  3.18146  2.89801  2.37887  2.77519  2.98518  4.58477  3.61503
          0.02859  3.96463  4.68698  0.61958  0.77255  0.48576  0.95510
     91   3.03327  5.16144  2.52902  0.90117  4.51948  3.33470  3.93019  3.99174  2.82243  3.59432  4.56485  2.98771  3.94382  3.14429  3.24040  3.00665  3.33839  3.66629  5.67372  4.39666     98 e - - -
          2.68618  4.42225  2.77519  2.73123  3.46354  2.40513  3.72494  3.29354  2.67741  2.69355  4.24690  2.90347  2.73739  3.18146  2.89801  2.37887  2.77519  2.98518  4.58477  3.61503
          0.02859  3.96463  4.68698  0.61958  0.77255  0.48576  0.95510
     92   3.11096  4.94267  3.61116  3.10369  4.32066  3.58063  3.89353  3.86916  2.27804  3.36838  4.36660  3.45617  4.07913  3.10966  0.84645  3.19095  3.37089  3.58924  5.36660  4.22846     99 r - - -
          2.68618  4.42225  2.77519  2.73123  3.46354  2.40513  3.72494  3.29354  2.67741  2.69355  4.24690  2.90347  2.73739  3.18146  2.89801  2.37887  2.77519  2.98518  4.58477  3.61503
          0.02859  3.96463  4.68698  0.61958  0.77255  0.48576  0.95510
     93   2.36190  4.28323  3.28813  3.10869  4.16880  3.01148  4.21575  3.70411  3.18867  3.41742  4.33616  3.31837  3.75800  3.53089  3.47151  0.96015  2.84902  3.21901  5.53403  4.25294    100 s - - -
          2.68618  4.42225  2.77519  2.73123  3.46354  2.40513  3.72494  3.29354  2.67741  2.69355  4.24690  2.90347  2.73739  3.18146  2.89801  2.37887  2.77519  2.98518  4.58477  3.61503
          0.02859  3.96463  4.68698  0.61958  0.77255  0.48576  0.95510
     94   2.87699  4.61848  3.49421  3.34691  4.33335  3.30080  4.41641  3.90291  3.41217  3.51959  4.57371  3.64410  0.67282  3.79816  3.64687  3.04747  3.32591  3.53771  5.49421  4.45544    101 P - - -
          2.68618  4.42225  2.77519  2.73123  3.46354  2.40513  3.72494  3.29354  2.67741  2.69355  4.24690  2.90347  2.73739  3.18146  2.89801  2.37887  2.77519  2.98518  4.58477  3.61503
          0.02859  3.96463  4.68698  0.61958  0.77255  0.48576  0.95510
     95   2.92742  4.40453  4.16874  3.61468  2.75619  3.96478  3.98105  2.52247  3.39810  1.65120  2.85984  3.83807  4.29366  3.67696  3.59407  3.27364  3.15737  2.49195  2.06347  3.00104    102 l - - -
          2.68618  4.42225  2.77519  2.73123  3.46354  2.40513  3.72494  3.29354  2.67741  2.69355  4.24690  2.90347  2.73739  3.18146  2.89801  2.37887  2.77519  2.98518  4.58477  3.61503
          0.02859  3.96463  4.68698  0.61958  0.77255  0.48576  0.95510
     96   2.36190  4.28323  3.28813  3.10869  4.16880  3.01148  4.21575  3.70411  3.18867  3.41742  4.33616  3.31837  3.75800  3.53089  3.47151  0.96015  2.84902  3.21901  5.53403  4.25294    103 s - - -
          2.68618  4.42225  2.77519  2.73123  3.46354  2.40513  3.72494  3.29354  2.67741  2.69355  4.24690  2.90347  2.73739  3.18146  2.89801  2.37887  2.77519  2.98518  4.58477  3.61503
          0.02859  3.96463  4.68698  0.61958  0.77255  0.48576  0.95510
     97   1.28471  4.13844  3.42756  3.15314  4.22061  2.93299  4.21008  3.55596  3.19686  3.31619  4.17408  3.29819  3.68219  3.49531  3.49519  1.74460  2.69696  3.05867  5.59140  4.37133    104 a - - -
          2.68618  4.42225  2.77519  2.73123  3.46354  2.40513  3.72494  3.29354  2.67741  2.69355  4.24690  2.90347  2.73739  3.18146  2.89801  2.37887  2.77519  2.98518  4.58477  3.61503
          0.02859  3.96463  4.68698  0.61958  0.77255  0.48576  0.95510
     98   3.38194  4.83355  3.97500  3.72215  2.30053  3.93804  3.66432  3.37846  3.57704  2.80850  4.04405  3.83811  4.40997  3.86090  3.74166  3.50928  3.66920  3.25344  3.94766  0.82532    105 y - - -
          2.68618  4.42225  2.77519  2.73123  3.46354  2.40513  3.72494  3.29354  2.67741  2.69355  4.24690  2.90347  2.73739  3.18146  2.89801  2.37887  2.77519  2.98518  4.58477  3.61503
          0.02859  3.96463  4.68698  0.61958  0.77255  0.48576  0.95510
     99   2.77736  5.24569  1.93493  2.18564  4.55657  3.27549  3.65989  4.04138  2.00448  3.54843  4.35527  2.14839  3.80433  2.80131  2.99842  2.71132  3.03574  3.63352  5.70216  4.27211    106 d - - -
          2.68618  4.42225  2.77519  2.73123  3.46354  2.40513  3.72494  3.29354  2.67741  2.69355  4.24690  2.90347  2.73739  3.18146  2.89801  2.37887  2.77519  2.98518  4.58477  3.61503
          0.02859  3.96463  4.68698  0.61958  0.77255  0.48576  0.95510
    100   2.88105  4.39876  4.25227  3.91879  3.61844  3.81852  4.70489  2.04897  3.78796  2.28984  3.57014  4.09366  4.37428  4.14137  3.99149  3.32827  3.24061  0.91630  5.41826  4.15536    107 v - - -
          2.68618  4.42225  2.77519  2.73123  3.46354  2.40513  3.72494  3.29354  2.67741  2.69355  4.24690  2.90347  2.73739  3.18146  2.89801  2.37887  2.77519  2.98518  4.58477  3.61503
          0.02859  3.96463  4.68698  0.61958  0.77255  0.48576  0.95510
    101   3.37703  4.75197  4.36500  4.09751  0.87220  4.04421  3.92034  2.88994  4.00235  2.23902  3.60683  4.12371  4.50112  4.14508  4.09930  3.64189  3.67841  2.88731  4.14308  2.49894    108 f - - -
          2.68618  4.42225  2.77519  2.73123  3.46354  2.40513  3.72494  3.29354  2.67741  2.69355  4.24690  2.90347  2.73739  3.18146  2.89801  2.37887  2.77519  2.98518  4.58477  3.61503
          0.02859  3.96463  4.68698  0.61958  0.77255  0.48576  0.95510
    102   2.50287  4.24026  3.76882  3.34341  3.72877  3.37138  4.25178  2.47043  3.24309  2.56728  3.64834  3.56324  3.97990  3.58506  3.52429  2.77863  1.67304  1.76844  5.31458  4.08523    109 t - - -
          2.68618  4.42225  2.77519  2.73123  3.46354  2.40513  3.72494  3.29354  2.67741  2.69355  4.24690  2.90347  2.73739  3.18146  2.89801  2.37887  2.77519  2.98518  4.58477  3.61503
          0.02859  3.96463  4.68698  0.61958  0.77255  0.48576  0.95510
    103   2.78085  3.90538  3.31365  2.67824  4.20141  3.53076  3.62212  3.56446  1.75056  3.13426  3.99044  3.11463  3.91995  2.77759  1.70470  2.82821  2.99418  3.25971  5.30796  4.07344    110 r - - -
          2.68618  4.42225  2.77519  2.73123  3.46354  2.40513  3.72494  3.29354  2.67741  2.69355  4.24690  2.90347  2.73739  3.18146  2.89801  2.37887  2.77519  2.98518  4.58477  3.61503
          0.02859  3.96463  4.68698  0.61958  0.77255  0.48576  0.95510
    104   3.04324  4.57789  4.14899  3.75002  3.25038  3.90312  4.46387  2.43528  3.51286  1.83178  1.21188  4.01595  4.36480  3.88902  3.70724  3.40168  3.35065  2.45193  5.10312  3.87267    111 m - - -
          2.68618  4.42225  2.77519  2.73123  3.46354  2.40513  3.72494  3.29354  2.67741  2.69355  4.24690  2.90347  2.73739  3.18146  2.89801  2.37887  2.77519  2.98518  4.58477  3.61503
          0.02859  3.96463  4.68698  0.61958  0.77255  0.48576  0.95510
    105   3.04324  4.57789  4.14899  3.75002  3.25038  3.90312  4.46387  2.43528  3.51286  1.83178  1.21188  4.01595  4.36480  3.88902  3.70724  3.40168  3.35065  2.45193  5.10312  3.87267    112 m - - -
          2.68618  4.42225  2.77519  2.73123  3.46354  2.40513  3.72494  3.29354  2.67741  2.69355  4.24690  2.90347  2.73739  3.18146  2.89801  2.37887  2.77519  2.98518  4.58477  3.61503
          0.02859  3.96463  4.68698  0.61958  0.77255  0.48576  0.95510
    106   2.71781  4.58849  3.46023  2.89918  3.82939  3.51618  3.80771  3.02556  2.40458  2.76626  3.76667  3.28319  3.97009  3.03132  1.69280  2.86495  2.98572  2.13920  5.19654  3.94154    113 r - - -
          2.68618  4.42225  2.77519  2.73123  3.46354  2.40513  3.72494  3.29354  2.67741  2.69355  4.24690  2.90347  2.73739  3.18146  2.89801  2.37887  2.77519  2.98518  4.58477  3.61503
          0.02859  3.96463  4.68698  0.61958  0.77255  0.48576  0.95510
    107   2.88419  5.45857  1.73476  1.68054  4.74483  3.21844  3.71795  4.26164  2.69552  3.75176  4.58168  2.02919  3.81582  2.87426  3.27649  2.77609  3.16259  3.83135  5.90939  4.41171    114 e - - -
          2.68618  4.42225  2.77519  2.73123  3.46354  2.40513  3.72494  3.29354  2.67741  2.69355  4.24690  2.90347  2.73739  3.18146  2.89801  2.37887  2.77519  2.98518  4.58477  3.61503
          0.02859  3.96463  4.68698  0.61958  0.77255  0.48576  0.95510
    108   2.76761  5.04351  2.07000  2.37870  4.37187  3.35480  3.67672  3.84717  2.38491  3.38774  4.22415  2.90390  3.84602  2.82904  1.71933  2.75147  3.02125  3.48171  5.51706  4.17373    115 r - - -
          2.68618  4.42225  2.77519  2.73123  3.46354  2.40513  3.72494  3.29354  2.67741  2.69355  4.24690  2.90347  2.73739  3.18146  2.89801  2.37887  2.77519  2.98518  4.58477  3.61503
          0.02859  3.96463  4.68698  0.61958  0.77255  0.48576  0.95510
    109   2.78257  4.54838  3.47517  3.38654  4.52621  0.60008  4.50074  4.14866  3.58031  3.79112  4.76796  3.63952  3.94246  3.89722  3.80581  2.95721  3.27099  3.65920  5.59658  4.63138    116 G - - -
          2.68618  4.42225  2.77519  2.73123  3.46354  2.40513  3.72494  3.29354  2.67741  2.69355  4.24690  2.90347  2.73739  3.18146  2.89801  2.37887  2.77519  2.98518  4.58477  3.61503
          0.02859  3.96463  4.68698  0.61958  0.77255  0.48576  0.95510
    110   2.47017  4.24564  3.51160  3.02493  3.62683  3.35179  3.96895  2.14596  2.95607  2.63214  3.57653  3.34596  3.88553  3.28660  3.28186  2.12315  2.17903  2.49342  5.09674  3.86088    117 s - - -
          2.68618  4.42225  2.77519  2.73123  3.46354  2.40513  3.72494  3.29354  2.67741  2.69355  4.24690  2.90347  2.73739  3.18146  2.89801  2.37887  2.77519  2.98518  4.58477  3.61503
          0.02859  3.96463  4.68698  0.61958  0.77255  0.48576  0.95510
    111   3.18021  4.51498  4.71902  4.20382  3.25024  4.44862  4.83613  1.29000  4.03323  1.39927  3.08966  4.46068  4.70670  4.27146  4.20599  3.82439  3.42623  1.86995  5.26564  4.08383    118 i - - -
          2.68618  4.42225  2.77519  2.73123  3.46354  2.40513  3.72494  3.29354  2.67741  2.69355  4.24690  2.90347  2.73739  3.18146  2.89801  2.37887  2.77519  2.98518  4.58477  3.61503
          0.02859  3.96463  4.68698  0.61958  0.77255  0.48576  0.95510
    112   2.42182  4.47234  2.96066  2.62984  4.18791  3.12848  3.85919  3.60579  2.72172  3.24977  4.07900  2.21765  3.74202  3.05743  3.12601  1.95946  2.10469  3.18103  5.48075  4.18227    119 s - - -
          2.68618  4.42225  2.77519  2.73123  3.46354  2.40513  3.72494  3.29354  2.67741  2.69355  4.24690  2.90347  2.73739  3.18146  2.89801  2.37887  2.77519  2.98518  4.58477  3.61503
          0.02859  3.96463  4.68698  0.61958  0.77255  0.48576  0.95510
    113   2.70408  5.08258  2.04262  2.24720  4.42627  3.28603  3.65279  3.88794  2.01602  3.42559  4.23108  2.79685  3.79335  2.79479  2.95294  2.13650  2.96580  3.49477  5.59994  4.20047    120 k - - -
          2.68618  4.42225  2.77519  2.73123  3.46354  2.40513  3.72494  3.29354  2.67741  2.69355  4.24690  2.90347  2.73739  3.18146  2.89801  2.37887  2.77519  2.98518  4.58477  3.61503
          0.02859  3.96463  4.68698  0.61958  0.77255  0.48576  0.95510
    114   2.69562  4.63254  3.19625  2.67578  2.53735  3.52453  2.65511  3.20957  2.07181  2.82432  3.72830  3.12698  3.91922  2.94366  2.85174  2.79206  2.92371  2.95546  4.80786  3.35006    121 k - - -
          2.68618  4.42225  2.77519  2.73123  3.46354  2.40513  3.72494  3.29354  2.67741  2.69355  4.24690  2.90347  2.73739  3.18146  2.89801  2.37887  2.77519  2.98518  4.58477  3.61503
          0.02859  3.96463  4.68698  0.61958  0.77255  0.48576  0.95510
    115   2.84294  5.17562  2.52627  1.84190  4.46974  3.34194  3.67916  3.93107  2.39489  3.45092  4.30644  2.84511  3.86018  1.73595  2.78538  2.79855  3.09271  3.57251  5.60664  4.24136    122 q - - -
          2.68618  4.42225  2.77519  2.73123  3.46354  2.40513  3.72494  3.29354  2.67741  2.69355  4.24690  2.90347  2.73739  3.18146  2.89801  2.37887  2.77519  2.98518  4.58477  3.61503
          0.02859  3.96463  4.68698  0.61958  0.77255  0.48576  0.95510
    116   3.29830  4.73769  4.13118  3.69779  1.56642  4.10619  2.20441  3.29935  3.58599  2.74161  3.87074  3.76262  4.44147  3.73636  3.78311  3.41941  3.52010  3.14476  3.69457  1.53205    123 y - - -
          2.68618  4.42225  2.77519  2.73123  3.46354  2.40513  3.72494  3.29354  2.67741  2.69355  4.24690  2.90347  2.73739  3.18146  2.89801  2.37887  2.77519  2.98518  4.58477  3.61503
          0.02859  3.96463  4.68698  0.61958  0.77255  0.48576  0.95510
    117   2.84466  5.23154  1.49516  2.20865  4.30615  3.27009  2.42560  4.02756  2.65455  3.55198  4.40624  2.77276  3.83773  2.90124  3.16867  2.78136  3.11979  3.64485  5.58487  4.10665    124 d - - -
          2.68618  4.42225  2.77519  2.73123  3.46354  2.40513  3.72494  3.29354  2.67741  2.69355  4.24690  2.90347  2.73739  3.18146  2.89801  2.37887  2.77519  2.98518  4.58477  3.61503
          0.02859  3.96463  4.68698  0.61958  0.77255  0.48576  0.95510
    118   2.14866  4.28045  4.22122  3.70424  3.53576  3.92444  4.48645  1.61271  3.61176  2.23929  3.40102  3.96201  4.34609  3.89803  3.86778  3.27388  3.08247  1.49388  5.26559  4.05656    125 v - - -
          2.68618  4.42225  2.77519  2.73123  3.46354  2.40513  3.72494  3.29354  2.67741  2.69355  4.24690  2.90347  2.73739  3.18146  2.89801  2.37887  2.77519  2.98518  4.58477  3.61503
          0.02859  3.96463  4.68698  0.61958  0.77255  0.48576  0.95510
    119   3.38194  4.83355  3.97500  3.72215  2.30053  3.93804  3.66432  3.37846  3.57704  2.80850  4.04405  3.83811  4.40997  3.86090  3.74166  3.50928  3.66920  3.25344  3.94766  0.82532    126 y - - -
          2.68618  4.42225  2.77519  2.73123  3.46354  2.40513  3.72494  3.29354  2.67741  2.69355  4.24690  2.90347  2.73739  3.18146  2.89801  2.37887  2.77519  2.98518  4.58477  3.61503
          0.02859  3.96463  4.68698  0.61958  0.77255  0.48576  0.95510
    120   2.64020  4.66374  3.07652  2.65925  4.12075  3.35115  3.75938  3.42074  1.91111  3.10412  3.99143  3.09311  3.86341  2.94681  2.71293  2.72760  1.78395  3.10584  5.36670  4.09990    127 t - - -
          2.68618  4.42225  2.77519  2.73123  3.46354  2.40513  3.72494  3.29354  2.67741  2.69355  4.24690  2.90347  2.73739  3.18146  2.89801  2.37887  2.77519  2.98518  4.58477  3.61503
          0.02859  3.96463  4.68698  0.61958  0.77255  0.48576  0.95510
    121   2.75147  5.19072  2.04615  2.23752  4.50271  3.31695  3.62804  3.97158  1.96646  3.47444  4.27526  2.79139  3.80733  2.19218  2.84445  2.69778  2.99578  3.57403  5.62246  4.22282    128 k - - -
          2.68618  4.42225  2.77519  2.73123  3.46354  2.40513  3.72494  3.29354  2.67741  2.69355  4.24690  2.90347  2.73739  3.18146  2.89801  2.37887  2.77519  2.98518  4.58477  3.61503
          0.02859  3.96463  4.68698  0.61958  0.77255  0.48576  0.95510
    122   2.99673  4.35486  4.60378  4.05521  2.30760  4.23614  4.55683  1.62914  3.94170  1.81470  3.10955  4.25679  4.52769  4.11956  4.09856  3.57102  3.23697  1.57209  5.01791  3.77578    129 v - - -
          2.68618  4.42225  2.77519  2.73123  3.46354  2.40513  3.72494  3.29354  2.67741  2.69355  4.24690  2.90347  2.73739  3.18146  2.89801  2.37887  2.77519  2.98518  4.58477  3.61503
          0.02859  3.96463  4.68698  0.61958  0.77255  0.48576  0.95510
    123   3.51303  4.79211  4.51579  4.17418  1.15464  4.29891  3.47693  3.19564  4.02796  2.54415  3.80352  4.00612  4.61630  4.04061  4.09258  3.66335  3.73891  3.12429  3.63508  1.45164    130 f - - -
          2.68618  4.42225  2.77519  2.73123  3.46354  2.40513  3.72494  3.29354  2.67741  2.69355  4.24690  2.90347  2.73739  3.18146  2.89801  2.37887  2.77519  2.98518  4.58477  3.61503
          0.02859  3.96463  4.68698  0.61958  0.77255  0.48576  0.95510
    124   2.17034  4.77366  3.07762  2.55864  4.04433  3.43158  2.64091  3.49318  2.27415  3.08343  3.93011  3.02978  3.85755  2.81253  2.12925  2.72391  2.91318  3.17847  5.26980  3.96821    131 r - - -
          2.68618  4.42225  2.77519  2.73123  3.46354  2.40513  3.72494  3.29354  2.67741  2.69355  4.24690  2.90347  2.73739  3.18146  2.89801  2.37887  2.77519  2.98518  4.58477  3.61503
          0.02859  3.96463  4.68698  0.61958  0.77255  0.48576  0.95510
    125   2.64004  4.73022  2.83632  2.04716  3.84200  3.38050  3.66712  3.37317  2.51908  3.00324  3.85990  2.95766  3.83316  2.87235  2.94605  2.20179  2.88907  3.07543  5.19003  2.73549    132 e - - -
          2.68618  4.42225  2.77519  2.73123  3.46354  2.40513  3.72494  3.29354  2.67741  2.69355  4.24690  2.90347  2.73739  3.18146  2.89801  2.37887  2.77519  2.98518  4.58477  3.61503
          0.02859  3.96463  4.68698  0.61958  0.77255  0.48576  0.95510
    126   3.15255  4.49443  4.71768  4.16427  2.17969  4.37286  4.56166  1.71084  4.03820  1.29862  2.93885  4.36881  4.60440  4.15547  4.16217  3.70797  3.37804  2.16328  4.90130  3.63660    133 l - - -
          2.68618  4.42225  2.77519  2.73123  3.46354  2.40513  3.72494  3.29354  2.67741  2.69355  4.24690  2.90347  2.73739  3.18146  2.89801  2.37887  2.77519  2.98518  4.58477  3.61503
          0.02859  3.96463  4.68698  0.61958  0.77255  0.48576  0.95510
    127   2.65452  4.78546  2.92379  2.07746  3.99539  3.42137  3.64263  3.38436  2.38643  2.97741  2.79479  2.96757  3.83855  2.30229  2.78372  2.69741  2.88646  3.09756  5.27731  3.96491    134 e - - -
          2.68618  4.42225  2.77519  2.73123  3.46354  2.40513  3.72494  3.29354  2.67741  2.69355  4.24690  2.90347  2.73739  3.18146  2.89801  2.37887  2.77519  2.98518  4.58477  3.61503
          0.02859  3.96463  4.68698  0.61958  0.77255  0.48576  0.95510
    128   2.74644  5.15147  1.89526  2.19304  4.51784  3.23579  3.70087  4.00762  2.61128  3.54158  4.35778  2.12051  2.54145  2.85434  3.14076  2.69766  3.02947  3.59572  5.71288  4.27964    135 d - - -
          2.68618  4.42225  2.77519  2.73123  3.46354  2.40513  3.72494  3.29354  2.67741  2.69355  4.24690  2.90347  2.73739  3.18146  2.89801  2.37887  2.77519  2.98518  4.58477  3.61503
          0.02859  3.96463  4.68698  0.61958  0.77255  0.48576  0.95510
    129   2.72057  5.11014  1.98197  2.22104  4.44493  3.26647  3.66980  3.92354  2.53111  3.45988  4.27069  2.77640  3.79369  2.19789  3.03399  2.12197  2.98918  3.52676  5.63532  4.22005    136 d - - -
          2.68618  4.42225  2.77519  2.73123  3.46354  2.40513  3.72494  3.29354  2.67741  2.69355  4.24690  2.90347  2.73739  3.18146  2.89801  2.37887  2.77519  2.98518  4.58477  3.61503
          0.02859  3.96463  4.68698  0.61958  0.77255  0.48576  0.95510
    130   3.22224  4.56722  4.71736  4.19315  3.15991  4.46022  4.80683  1.61360  4.01762  1.08936  2.99263  4.46102  4.69891  4.23067  4.18052  3.83070  3.46189  2.01543  5.20274  4.04682    137 l - - -
          2.68620  4.42227  2.77521  2.73125  3.46356  2.40515  3.72496  3.29356  2.67743  2.69357  4.24692  2.90349  2.73741  3.18148  2.89803  2.37889  2.77521  2.98520  4.58479  3.61427
          0.18814  1.81840  4.68698  0.31086  1.31982  0.48576  0.95510
    131   2.59057  4.74468  2.89550  2.48584  4.21173  3.29899  3.69332  3.63126  1.97375  3.21983  4.04506  2.96584  2.63380  2.85436  2.79697  2.11184  2.87925  3.26101  5.42282  4.10972    139 k - - -
          2.68618  4.42225  2.77519  2.73123  3.46354  2.40513  3.72494  3.29354  2.67741  2.69355  4.24690  2.90347  2.73739  3.18146  2.89801  2.37887  2.77519  2.98518  4.58477  3.61503
          0.02859  3.96463  4.68698  0.61958  0.77255  0.48576  0.95510
    132   2.50125  4.57904  3.04130  2.61399  4.19003  2.35171  3.76727  3.61644  2.49400  3.21951  4.04630  3.04159  3.77851  2.94442  2.17928  2.03393  2.83487  3.21803  5.42370  4.13584    140 s - - -
          2.68618  4.42225  2.77519  2.73123  3.46354  2.40513  3.72494  3.29354  2.67741  2.69355  4.24690  2.90347  2.73739  3.18146  2.89801  2.37887  2.77519  2.98518  4.58477  3.61503
          0.02859  3.96463  4.68698  0.61958  0.77255  0.48576  0.95510
    133   3.07157  4.40569  4.72231  4.22976  3.51368  4.38118  4.95098  1.20685  4.10907  2.01315  3.32742  4.45727  4.70590  4.37907  4.31181  3.76966  3.34092  1.34522  5.48004  4.27532    141 i - - -
          2.68618  4.42225  2.77519  2.73123  3.46354  2.40513  3.72494  3.29354  2.67741  2.69355  4.24690  2.90347  2.73739  3.18146  2.89801  2.37887  2.77519  2.98518  4.58477  3.61503
          0.02859  3.96463  4.68698  0.61958  0.77255  0.48576  0.95510
    134   2.77753  4.78789  1.68794  2.55109  2.35920  3.42880  3.74972  3.29687  2.79959  2.91752  3.91509  3.04956  3.92936  3.06741  3.24855  2.83656  3.04847  3.06004  4.95332  3.44571    142 d - - -
          2.68618  4.42225  2.77519  2.73123  3.46354  2.40513  3.72494  3.29354  2.67741  2.69355  4.24690  2.90347  2.73739  3.18146  2.89801  2.37887  2.77519  2.98518  4.58477  3.61503
          0.02859  3.96463  4.68698  0.61958  0.77255  0.48576  0.95510
    135   2.79363  4.94941  2.70892  2.45296  3.81554  3.36544  1.90837  3.75893  2.48614  3.30527  4.18729  2.17360  3.88548  2.92590  2.85572  2.80066  3.06547  3.42043  5.18478  3.70425    143 h - - -
          2.68618  4.42225  2.77519  2.73123  3.46354  2.40513  3.72494  3.29354  2.67741  2.69355  4.24690  2.90347  2.73739  3.18146  2.89801  2.37887  2.77519  2.98518  4.58477  3.61503
          0.02859  3.96463  4.68698  0.61958  0.77255  0.48576  0.95510
    136   2.80043  4.28226  4.19248  3.66591  3.51277  3.93187  4.44645  1.63060  3.56458  2.22644  3.38289  3.93719  4.33805  3.85706  3.82268  3.27152  2.29712  1.51283  5.23151  4.02292    144 v - - -
          2.68618  4.42225  2.77519  2.73123  3.46354  2.40513  3.72494  3.29354  2.67741  2.69355  4.24690  2.90347  2.73739  3.18146  2.89801  2.37887  2.77519  2.98518  4.58477  3.61503
          0.02859  3.96463  4.68698  0.61958  0.77255  0.48576  0.95510
    137   3.05149  4.39309  4.69113  4.19809  3.53705  4.35300  4.92969  1.43828  4.08029  2.05536  3.35499  4.42709  4.68784  4.35756  4.29012  3.73951  3.32282  1.12651  5.48445  4.27175    145 v - - -
          2.68618  4.42225  2.77519  2.73123  3.46354  2.40513  3.72494  3.29354  2.67741  2.69355  4.24690  2.90347  2.73739  3.18146  2.89801  2.37887  2.77519  2.98518  4.58477  3.61503
          0.02859  3.96463  4.68698  0.61958  0.77255  0.48576  0.95510
    138   3.19029  4.81569  3.67957  3.29059  2.24840  3.90857  2.23309  3.43047  3.12457  2.87432  3.97179  3.53807  4.29894  3.46744  3.38256  3.26257  3.42305  3.24528  3.88714  1.32560    146 y - - -
          2.68618  4.42225  2.77519  2.73123  3.46354  2.40513  3.72494  3.29354  2.67741  2.69355  4.24690  2.90347  2.73739  3.18146  2.89801  2.37887  2.77519  2.98518  4.58477  3.61503
          0.02859  3.96463  4.68698  0.61958  0.77255  0.48576  0.95510
    139   3.18021  4.51498  4.71902  4.20382  3.25024  4.44862  4.83613  1.29000  4.03323  1.39927  3.08966  4.46068  4.70670  4.27146  4.20599  3.82439  3.42623  1.86995  5.26564  4.08383    147 i - - -
          2.68618  4.42225  2.77519  2.73123  3.46354  2.40513  3.72494  3.29354  2.67741  2.69355  4.24690  2.90347  2.73739  3.18146  2.89801  2.37887  2.77519  2.98518  4.58477  3.61503
          0.02859  3.96463  4.68698  0.61958  0.77255  0.48576  0.95510
    140   2.84226  5.26498  1.51070  2.20114  4.57770  3.26964  3.71191  4.06045  1.97595  3.59227  4.43161  2.76562  3.83175  2.86919  3.06342  2.77428  3.11308  3.66681  5.73750  4.31588    148 d - - -
          2.68618  4.42225  2.77519  2.73123  3.46354  2.40513  3.72494  3.29354  2.67741  2.69355  4.24690  2.90347  2.73739  3.18146  2.89801  2.37887  2.77519  2.98518  4.58477  3.61503
          0.02859  3.96463  4.68698  0.61958  0.77255  0.48576  0.95510
    141   2.46393  4.30898  3.51156  3.26857  4.05186  3.14502  4.27864  3.19028  3.21336  3.05049  4.09558  3.46270  3.85626  3.60371  3.46723  2.66629  1.02479  2.87535  5.48156  4.26868    149 t - - -
          2.68618  4.42225  2.77519  2.73123  3.46354  2.40513  3.72494  3.29354  2.67741  2.69355  4.24690  2.90347  2.73739  3.18146  2.89801  2.37887  2.77519  2.98518  4.58477  3.61503
          0.02859  3.96463  4.68698  0.61958  0.77255  0.48576  0.95510
    142   2.74555  4.92375  3.08223  2.55138  4.31027  3.45619  3.61626  3.70924  1.79370  3.24615  4.07763  3.02163  3.87624  2.75938  2.09058  2.09237  2.97402  3.36664  5.39507  4.12407    150 k - - -
          2.68618  4.42225  2.77519  2.73123  3.46354  2.40513  3.72494  3.29354  2.67741  2.69355  4.24690  2.90347  2.73739  3.18146  2.89801  2.37887  2.77519  2.98518  4.58477  3.61503
          0.02859  3.96463  4.68698  0.61958  0.77255  0.48576  0.95510
    143   1.71101  4.25995  3.28341  3.00628  4.17692  3.03059  4.12210  3.48865  3.05494  3.22918  4.12892  3.25672  1.66294  3.38663  3.37738  2.49398  2.77972  3.05962  5.53644  4.30644    151 p - - -
          2.68618  4.42225  2.77519  2.73123  3.46354  2.40513  3.72494  3.29354  2.67741  2.69355  4.24690  2.90347  2.73739  3.18146  2.89801  2.37887  2.77519  2.98518  4.58477  3.61503
          0.02859  3.96463  4.68698  0.61958  0.77255  0.48576  0.95510
    144   2.73281  5.03307  1.46343  2.23961  4.52114  3.17765  3.79437  4.02230  2.77466  3.60299  4.45113  2.78408  3.80111  2.97408  3.30764  2.00943  3.06557  3.59430  5.76680  4.33330    152 d - - -
          2.68618  4.42225  2.77519  2.73123  3.46354  2.40513  3.72494  3.29354  2.67741  2.69355  4.24690  2.90347  2.73739  3.18146  2.89801  2.37887  2.77519  2.98518  4.58477  3.61503
          0.02859  3.96463  4.68698  0.61958  0.77255  0.48576  0.95510
    145   2.50287  4.24026  3.76882  3.34341  3.72877  3.37138  4.25178  2.47043  3.24309  2.56728  3.64834  3.56324  3.97990  3.58506  3.52429  2.77863  1.67304  1.76844  5.31458  4.08523    153 t - - -
          2.68618  4.42225  2.77519  2.73123  3.46354  2.40513  3.72494  3.29354  2.67741  2.69355  4.24690  2.90347  2.73739  3.18146  2.89801  2.37887  2.77519  2.98518  4.58477  3.61503
          0.02859  3.96463  4.68698  0.61958  0.77255  0.48576  0.95510
    146   2.69419  0.77126  4.23410  3.99510  3.96581  3.29725  4.62197  3.12541  3.82268  3.03655  4.16103  3.95754  4.01144  4.16504  3.93057  2.96594  3.16874  2.86367  5.36200  4.25272    154 c - - -
          2.68618  4.42225  2.77519  2.73123  3.46354  2.40513  3.72494  3.29354  2.67741  2.69355  4.24690  2.90347  2.73739  3.18146  2.89801  2.37887  2.77519  2.98518  4.58477  3.61503
          0.02859  3.96463  4.68698  0.61958  0.77255  0.48576  0.95510
    147   2.65812  4.66184  3.12276  2.59389  3.73727  3.47921  2.71454  3.24039  2.40149  2.84181  2.74538  3.06682  3.87595  2.33079  2.75674  2.74196  2.88545  2.97928  5.08955  3.76099    155 q - - -
          2.68618  4.42225  2.77519  2.73123  3.46354  2.40513  3.72494  3.29354  2.67741  2.69355  4.24690  2.90347  2.73739  3.18146  2.89801  2.37887  2.77519  2.98518  4.58477  3.61503
          0.02859  3.96463  4.68698  0.61958  0.77255  0.48576  0.95510
    148   2.74964  4.77911  3.26930  2.66833  4.06176  3.52775  3.64196  3.38586  1.82784  3.01424  3.88965  3.11331  3.91630  2.81230  2.01851  2.81667  2.96515  2.39409  5.25319  4.00760    156 k - - -
          2.68618  4.42225  2.77519  2.73123  3.46354  2.40513  3.72494  3.29354  2.67741  2.69355  4.24690  2.90347  2.73739  3.18146  2.89801  2.37887  2.77519  2.98518  4.58477  3.61503
          0.02859  3.96463  4.68698  0.61958  0.77255  0.48576  0.95510
    149   3.11096  4.94267  3.61116  3.10369  4.32066  3.58063  3.89353  3.86916  2.27804  3.36838  4.36660  3.45617  4.07913  3.10966  0.84645  3.19095  3.37089  3.58924  5.36660  4.22846    157 r - - -
          2.68618  4.42225  2.77519  2.73123  3.46354  2.40513  3.72494  3.29354  2.67741  2.69355  4.24690  2.90347  2.73739  3.18146  2.89801  2.37887  2.77519  2.98518  4.58477  3.61503
          0.02859  3.96463  4.68698  0.61958  0.77255  0.48576  0.95510
    150   1.62665  4.27995  3.84437  3.39989  3.60512  3.54673  4.28300  1.81846  3.30842  2.38749  3.51901  3.65596  4.09274  3.63737  3.58836  2.93564  2.96230  2.11908  5.24997  4.01906    158 a - - -
          2.68618  4.42225  2.77519  2.73123  3.46354  2.40513  3.72494  3.29354  2.67741  2.69355  4.24690  2.90347  2.73739  3.18146  2.89801  2.37887  2.77519  2.98518  4.58477  3.61503
          0.02859  3.96463  4.68698  0.61958  0.77255  0.48576  0.95510
    151   2.54471  4.68043  2.79165  2.47802  4.24751  2.34184  3.76098  3.69342  2.56959  3.28820  4.11394  2.95109  3.77530  2.21657  2.98359  2.04023  2.87347  3.29072  5.49277  4.16558    159 s - - -
          2.68618  4.42225  2.77519  2.73123  3.46354  2.40513  3.72494  3.29354  2.67741  2.69355  4.24690  2.90347  2.73739  3.18146  2.89801  2.37887  2.77519  2.98518  4.58477  3.61503
          0.02859  3.96463  4.68698  0.61958  0.77255  0.48576  0.95510
    152   2.84777  5.21861  2.45115  1.49988  4.50918  3.31705  3.68718  3.97877  2.44947  3.49616  4.34884  2.81151  3.85092  2.13927  2.86794  2.79237  3.10310  3.61063  5.65407  4.26773    160 e - - -
          2.68618  4.42225  2.77519  2.73123  3.46354  2.40513  3.72494  3.29354  2.67741  2.69355  4.24690  2.90347  2.73739  3.18146  2.89801  2.37887  2.77519  2.98518  4.58477  3.61503
          0.02859  3.96463  4.68698  0.61958  0.77255  0.48576  0.95510
    153   3.11096  4.94267  3.61116  3.10369  4.32066  3.58063  3.89353  3.86916  2.27804  3.36838  4.36660  3.45617  4.07913  3.10966  0.84645  3.19095  3.37089  3.58924  5.36660  4.22846    161 r - - -
          2.68618  4.42225  2.77519  2.73123  3.46354  2.40513  3.72494  3.29354  2.67741  2.69355  4.24690  2.90347  2.73739  3.18146  2.89801  2.37887  2.77519  2.98518  4.58477  3.61503
          0.02859  3.96463  4.68698  0.61958  0.77255  0.48576  0.95510
    154   2.52994  4.59234  2.72186  2.57578  4.37669  1.56726  3.95222  3.89998  2.87556  3.51848  4.36807  2.03194  3.77526  3.17210  3.28162  2.61471  2.94010  3.42085  5.64327  4.32403    162 g - - -
          2.68618  4.42225  2.77519  2.73123  3.46354  2.40513  3.72494  3.29354  2.67741  2.69355  4.24690  2.90347  2.73739  3.18146  2.89801  2.37887  2.77519  2.98518  4.58477  3.61503
          0.02859  3.96463  4.68698  0.61958  0.77255  0.48576  0.95510
    155   3.11096  4.94267  3.61116  3.10369  4.32066  3.58063  3.89353  3.86916  2.27804  3.36838  4.36660  3.45617  4.07913  3.10966  0.84645  3.19095  3.37089  3.58924  5.36660  4.22846    163 r - - -
          2.68618  4.42225  2.77519  2.73123  3.46354  2.40513  3.72494  3.29354  2.67741  2.69355  4.24690  2.90347  2.73739  3.18146  2.89801  2.37887  2.77519  2.98518  4.58477  3.61503
          0.02859  3.96463  4.68698  0.61958  0.77255  0.48576  0.95510
    156   2.87699  5.16813  2.72216  1.91057  4.52762  3.41890  3.64768  3.93262  1.48905  3.44297  4.28975  2.92416  3.89409  2.79139  2.53503  2.84121  3.10402  3.57874  5.56183  4.25695    164 k - - -
          2.68618  4.42225  2.77519  2.73123  3.46354  2.40513  3.72494  3.29354  2.67741  2.69355  4.24690  2.90347  2.73739  3.18146  2.89801  2.37887  2.77519  2.98518  4.58477  3.61503
          0.02859  3.96463  4.68698  0.61958  0.77255  0.48576  0.95510
    157   1.63065  4.71978  2.70583  1.92398  4.20760  3.24777  3.81183  3.50221  2.66912  3.21655  4.10206  2.96135  3.82218  3.00541  3.08823  2.68795  2.95125  3.16637  5.50494  4.18202    165 a - - -
          2.68618  4.42225  2.77519  2.73123  3.46354  2.40513  3.72494  3.29354  2.67741  2.69355  4.24690  2.90347  2.73739  3.18146  2.89801  2.37887  2.77519  2.98518  4.58477  3.61503
          0.02859  3.96463  4.68698  0.61958  0.77255  0.48576  0.95510
    158   3.03327  5.16144  2.52902  0.90117  4.51948  3.33470  3.93019  3.99174  2.82243  3.59432  4.56485  2.98771  3.94382  3.14429  3.24040  3.00665  3.33839  3.66629  5.67372  4.39666    166 e - - -
          2.68618  4.42225  2.77519  2.73123  3.46354  2.40513  3.72494  3.29354  2.67741  2.69355  4.24690  2.90347  2.73739  3.18146  2.89801  2.37887  2.77519  2.98518  4.58477  3.61503
          0.02859  3.96463  4.68698  0.61958  0.77255  0.48576  0.95510
    159   2.71781  4.86376  2.93845  2.05840  4.10714  3.44671  3.63710  3.46862  1.92910  2.40527  3.94248  2.98226  3.86535  2.79819  2.64397  2.74816  2.94278  3.17378  5.32749  4.02616    167 k - - -
          2.68618  4.42225  2.77519  2.73123  3.46354  2.40513  3.72494  3.29354  2.67741  2.69355  4.24690  2.90347  2.73739  3.18146  2.89801  2.37887  2.77519  2.98518  4.58477  3.61503
          0.02859  3.96463  4.68698  0.61958  0.77255  0.48576  0.95510
    160   1.85195  4.42802  2.96653  2.66536  4.22958  3.08494  3.90629  3.65155  2.79513  3.29920  4.12591  2.18686  3.72760  3.11128  3.19899  1.91684  2.78766  3.19995  5.52697  4.23324    168 a - - -
          2.68618  4.42225  2.77519  2.73123  3.46354  2.40513  3.72494  3.29354  2.67741  2.69355  4.24690  2.90347  2.73739  3.18146  2.89801  2.37887  2.77519  2.98518  4.58477  3.61503
          0.02859  3.96463  4.68698  0.61958  0.77255  0.48576  0.95510
    161   3.23043  4.62383  4.60188  4.05800  3.05265  4.38796  4.67723  2.19846  3.86044  1.00871  2.11254  4.35118  4.62234  4.07669  4.02790  3.74096  3.46121  2.31117  5.09594  3.97241    169 l - - -
          2.68618  4.42225  2.77519  2.73123  3.46354  2.40513  3.72494  3.29354  2.67741  2.69355  4.24690  2.90347  2.73739  3.18146  2.89801  2.37887  2.77519  2.98518  4.58477  3.61503
          0.02859  3.96463  4.68698  0.61958  0.77255  0.48576  0.95510
    162   2.64740  4.87010  1.89508  2.32272  4.41795  3.17030  3.80417  3.90307  2.75267  3.50256  4.34367  2.84245  3.78630  2.98659  3.25334  1.60292  2.99077  3.47662  5.67782  4.27950    170 s - - -
          2.68618  4.42225  2.77519  2.73123  3.46354  2.40513  3.72494  3.29354  2.67741  2.69355  4.24690  2.90347  2.73739  3.18146  2.89801  2.37887  2.77519  2.98518  4.58477  3.61503
          0.02859  3.96463  4.68698  0.61958  0.77255  0.48576  0.95510
    163   2.70877  4.40577  3.62368  3.04785  3.45837  3.66247  3.91615  2.59126  2.75789  1.92867  3.39656  3.42821  4.04929  3.22111  2.36000  2.95309  2.94943  2.00924  5.00028  3.76378    171 l - - -
          2.68618  4.42225  2.77519  2.73123  3.46354  2.40513  3.72494  3.29354  2.67741  2.69355  4.24690  2.90347  2.73739  3.18146  2.89801  2.37887  2.77519  2.98518  4.58477  3.61503
          0.02859  3.96463  4.68698  0.61958  0.77255  0.48576  0.95510
    164   2.70119  4.89097  2.60774  1.56288  4.29292  3.28497  3.74857  3.61814  2.57179  3.28651  4.16180  2.89565  3.83088  2.92176  3.00273  2.71959  2.22188  3.28178  5.54604  4.19574    172 e - - -
          2.68618  4.42225  2.77519  2.73123  3.46354  2.40513  3.72494  3.29354  2.67741  2.69355  4.24690  2.90347  2.73739  3.18146  2.89801  2.37887  2.77519  2.98518  4.58477  3.61503
          0.02859  3.96463  4.68698  0.61958  0.77255  0.48576  0.95510
    165   3.38194  4.83355  3.97500  3.72215  2.30053  3.93804  3.66432  3.37846  3.57704  2.80850  4.04405  3.83811  4.40997  3.86090  3.74166  3.50928  3.66920  3.25344  3.94766  0.82532    173 y - - -
          2.68618  4.42225  2.77519  2.73123  3.46354  2.40513  3.72494  3.29354  2.67741  2.69355  4.24690  2.90347  2.73739  3.18146  2.89801  2.37887  2.77519  2.98518  4.58477  3.61503
          0.02859  3.96463  4.68698  0.61958  0.77255  0.48576  0.95510
    166   3.15255  4.49443  4.71768  4.16427  2.17969  4.37286  4.56166  1.71084  4.03820  1.29862  2.93885  4.36881  4.60440  4.15547  4.16217  3.70797  3.37804  2.16328  4.90130  3.63660    174 l - - -
          2.68618  4.42225  2.77519  2.73123  3.46354  2.40513  3.72494  3.29354  2.67741  2.69355  4.24690  2.90347  2.73739  3.18146  2.89801  2.37887  2.77519  2.98518  4.58477  3.61503
          0.02859  3.96463  4.68698  0.61958  0.77255  0.48576  0.95510
    167   2.77216  4.80238  2.86883  1.65771  3.89414  3.45447  3.78001  3.16519  2.57816  2.15846  3.84882  3.05172  3.92777  2.98456  2.96148  2.83947  3.02570  2.95295  5.30352  3.97394    175 e - - -
          2.68618  4.42225  2.77519  2.73123  3.46354  2.40513  3.72494  3.29354  2.67741  2.69355  4.24690  2.90347  2.73739  3.18146  2.89801  2.37887  2.77519  2.98518  4.58477  3.61503
          0.02859  3.96463  4.68698  0.61958  0.77255  0.48576  0.95510
    168   2.72224  5.09369  2.22261  2.33877  4.42731  3.38024  3.59507  3.87042  1.90032  3.37597  4.17440  2.86875  3.81933  2.72165  2.16004  2.69138  2.95178  3.48819  5.51477  4.16271    176 k - - -
          2.68618  4.42225  2.77519  2.73123  3.46354  2.40513  3.72494  3.29354  2.67741  2.69355  4.24690  2.90347  2.73739  3.18146  2.89801  2.37887  2.77519  2.98518  4.58477  3.61503
          0.02859  3.96463  4.68698  0.61958  0.77255  0.48576  0.95510
    169   3.02807  4.43483  4.49311  3.99862  3.35790  4.20672  4.70027  1.92441  3.83927  1.54651  3.22802  4.24853  4.56265  4.12910  4.04784  3.58696  3.30041  1.25153  5.27703  4.05627    177 v - - -
          2.68618  4.42225  2.77519  2.73123  3.46354  2.40513  3.72494  3.29354  2.67741  2.69355  4.24690  2.90347  2.73739  3.18146  2.89801  2.37887  2.77519  2.98518  4.58477  3.61503
          0.02859  3.96463  4.68698  0.61958  0.77255  0.48576  0.95510
    170   2.85651  5.26003  2.30927  1.42633  4.57611  3.25330  3.73072  4.07200  2.61437  3.61152  4.46209  2.05720  3.83659  2.89711  3.09926  2.78925  3.13814  3.67888  5.75832  4.32688    178 e - - -
          2.68618  4.42225  2.77519  2.73123  3.46354  2.40513  3.72494  3.29354  2.67741  2.69355  4.24690  2.90347  2.73739  3.18146  2.89801  2.37887  2.77519  2.98518  4.58477  3.61503
          0.02859  3.96463  4.68698  0.61958  0.77255  0.48576  0.95510
    171   2.33173  2.60079  3.37735  2.91921  3.88344  3.13168  3.94546  3.25617  2.88509  2.96122  3.81801  2.30512  3.74734  3.21074  3.23793  2.06751  2.51449  2.89195  5.26353  4.02209    179 s - - -
          2.68618  4.42225  2.77519  2.73123  3.46354  2.40513  3.72494  3.29354  2.67741  2.69355  4.24690  2.90347  2.73739  3.18146  2.89801  2.37887  2.77519  2.98518  4.58477  3.61503
          0.02859  3.96463  4.68698  0.61958  0.77255  0.48576  0.95510
    172   3.38194  4.83355  3.97500  3.72215  2.30053  3.93804  3.66432  3.37846  3.57704  2.80850  4.04405  3.83811  4.40997  3.86090  3.74166  3.50928  3.66920  3.25344  3.94766  0.82532    180 y - - -
          2.68618  4.42225  2.77519  2.73123  3.46354  2.40513  3.72494  3.29354  2.67741  2.69355  4.24690  2.90347  2.73739  3.18146  2.89801  2.37887  2.77519  2.98518  4.58477  3.61503
          0.02859  3.96463  4.68698  0.61958  0.77255  0.48576  0.95510
    173   2.59764  4.57235  3.06329  2.67687  3.78975  3.33039  2.52420  3.35211  2.57774  3.00081  3.89747  3.10562  3.85396  3.01973  2.92085  2.70392  1.77710  3.04560  5.16592  3.80919    181 t - - -
          2.68618  4.42225  2.77519  2.73123  3.46354  2.40513  3.72494  3.29354  2.67741  2.69355  4.24690  2.90347  2.73739  3.18146  2.89801  2.37887  2.77519  2.98518  4.58477  3.61503
          0.02859  3.96463  4.68698  0.61958  0.77255  0.48576  0.95510
    174   2.73327  5.10899  2.62315  1.91401  4.43294  3.34567  3.61949  3.87507  1.94351  3.39559  4.20068  2.36781  3.81503  2.75384  2.75683  2.69760  2.76756  3.49502  5.55412  4.18538    182 e - - -
          2.68618  4.42225  2.77519  2.73123  3.46354  2.40513  3.72494  3.29354  2.67741  2.69355  4.24690  2.90347  2.73739  3.18146  2.89801  2.37887  2.77519  2.98518  4.58477  3.61503
          0.02859  3.96463  4.68698  0.61958  0.77255  0.48576  0.95510
    175   2.64714  4.67137  3.13940  2.59530  3.88992  3.45835  3.65854  3.28597  2.34918  2.91400  2.74803  2.42912  3.86506  2.84829  2.21521  2.72746  2.88098  3.00732  5.18175  3.89536    183 r - - -
          2.68618  4.42225  2.77519  2.73123  3.46354  2.40513  3.72494  3.29354  2.67741  2.69355  4.24690  2.90347  2.73739  3.18146  2.89801  2.37887  2.77519  2.98518  4.58477  3.61503
          0.02859  3.96463  4.68698  0.61958  0.77255  0.48576  0.95510
    176   2.86410  4.41590  3.91449  3.44721  2.71269  3.80567  3.84986  2.60423  3.30465  2.32948  3.46110  3.68040  4.21838  3.59916  3.54104  3.14822  3.12812  1.91144  4.35959  1.68118    184 y - - -
          2.68618  4.42225  2.77519  2.73123  3.46354  2.40513  3.72494  3.29354  2.67741  2.69355  4.24690  2.90347  2.73739  3.18146  2.89801  2.37887  2.77519  2.98518  4.58477  3.61503
          0.02859  3.96463  4.68698  0.61958  0.77255  0.48576  0.95510
    177   3.02807  4.43483  4.49311  3.99862  3.35790  4.20672  4.70027  1.92441  3.83927  1.54651  3.22802  4.24853  4.56265  4.12910  4.04784  3.58696  3.30041  1.25153  5.27703  4.05627    185 v - - -
          2.68618  4.42225  2.77519  2.73123  3.46354  2.40513  3.72494  3.29354  2.67741  2.69355  4.24690  2.90347  2.73739  3.18146  2.89801  2.37887  2.77519  2.98518  4.58477  3.61503
          0.02859  3.96463  4.68698  0.61958  0.77255  0.48576  0.95510
    178   2.64678  4.96125  2.16737  2.31595  4.32022  3.30579  3.63980  3.77557  2.42048  3.32670  4.13042  2.84818  3.78704  2.78096  2.28789  2.14952  2.90781  3.39218  5.50588  4.13238    186 s - - -
          2.68618  4.42225  2.77519  2.73123  3.46354  2.40513  3.72494  3.29354  2.67741  2.69355  4.24690  2.90347  2.73739  3.18146  2.89801  2.37887  2.77519  2.98518  4.58477  3.61503
          0.02859  3.96463  4.68698  0.61958  0.77255  0.48576  0.95510
    179   2.73602  5.12204  1.87991  2.19785  4.52594  3.21855  3.71669  4.01974  2.64130  3.55733  4.37567  2.10936  3.79251  2.87403  3.17381  2.07631  3.03036  3.59952  5.72993  4.29443    187 d - - -
          2.68618  4.42225  2.77519  2.73123  3.46354  2.40513  3.72494  3.29354  2.67741  2.69355  4.24690  2.90347  2.73739  3.18146  2.89801  2.37887  2.77519  2.98518  4.58477  3.61503
          0.02859  3.96463  4.68698  0.61958  0.77255  0.48576  0.95510
    180   2.64000  4.68166  2.91360  2.59826  3.75994  3.30604  1.92513  3.58018  2.56967  3.17546  4.05707  3.04621  3.85197  3.00290  2.92450  2.05924  2.95456  3.23513  5.14975  3.71060    188 h - - -
          2.68618  4.42225  2.77519  2.73123  3.46354  2.40513  3.72494  3.29354  2.67741  2.69355  4.24690  2.90347  2.73739  3.18146  2.89801  2.37887  2.77519  2.98518  4.58477  3.61503
          0.02859  3.96463  4.68698  0.61958  0.77255  0.48576  0.95510
    181   2.36190  4.28323  3.28813  3.10869  4.16880  3.01148  4.21575  3.70411  3.18867  3.41742  4.33616  3.31837  3.75800  3.53089  3.47151  0.96015  2.84902  3.21901  5.53403  4.25294    189 s - - -
          2.68618  4.42225  2.77519  2.73123  3.46354  2.40513  3.72494  3.29354  2.67741  2.69355  4.24690  2.90347  2.73739  3.18146  2.89801  2.37887  2.77519  2.98518  4.58477  3.61503
          0.02859  3.96463  4.68698  0.61958  0.77255  0.48576  0.95510
    182   2.36190  4.28323  3.28813  3.10869  4.16880  3.01148  4.21575  3.70411  3.18867  3.41742  4.33616  3.31837  3.75800  3.53089  3.47151  0.96015  2.84902  3.21901  5.53403  4.25294    190 s - - -
          2.68643  4.42250  2.77511  2.73148  3.46379  2.40538  3.72432  3.29379  2.67735  2.69380  4.24715  2.90257  2.73732  3.18171  2.89826  2.37821  2.77545  2.98543  4.58296  3.61528
          0.18814  1.81840  4.68698  2.04007  0.13928  0.48576  0.95510
    183   2.88105  4.39876  4.25227  3.91879  3.61844  3.81852  4.70489  2.04897  3.78796  2.28984  3.57014  4.09366  4.37428  4.14137  3.99149  3.32827  3.24061  0.91630  5.41826  4.15536    203 v - - -
          2.68618  4.42225  2.77519  2.73123  3.46354  2.40513  3.72494  3.29354  2.67741  2.69355  4.24690  2.90347  2.73739  3.18146  2.89801  2.37887  2.77519  2.98518  4.58477  3.61503
          0.02859  3.96463  4.68698  0.61958  0.77255  0.48576  0.95510
    184   3.53522  4.81525  4.49707  4.15878  1.46283  4.30148  3.45766  3.24838  4.01483  2.60029  3.85535  3.99314  4.62046  4.03104  4.08623  3.66577  3.76088  3.16816  3.61567  1.11974    204 y - - -
          2.68618  4.42225  2.77519  2.73123  3.46354  2.40513  3.72494  3.29354  2.67741  2.69355  4.24690  2.90347  2.73739  3.18146  2.89801  2.37887  2.77519  2.98518  4.58477  3.61503
          0.02859  3.96463  4.68698  0.61958  0.77255  0.48576  0.95510
    185   2.59090  4.53427  3.07718  2.15363  3.83147  3.40898  3.78596  2.95762  2.64289  2.81007  3.72610  3.10356  3.87305  3.00306  3.04097  2.71861  2.28441  2.19327  5.22130  3.93850    205 e - - -
          2.68618  4.42225  2.77519  2.73123  3.46354  2.40513  3.72494  3.29354  2.67741  2.69355  4.24690  2.90347  2.73739  3.18146  2.89801  2.37887  2.77519  2.98518  4.58477  3.61503
          0.02859  3.96463  4.68698  0.61958  0.77255  0.48576  0.95510
    186   3.18021  4.51498  4.71902  4.20382  3.25024  4.44862  4.83613  1.29000  4.03323  1.39927  3.08966  4.46068  4.70670  4.27146  4.20599  3.82439  3.42623  1.86995  5.26564  4.08383    206 i - - -
          2.68618  4.42225  2.77519  2.73123  3.46354  2.40513  3.72494  3.29354  2.67741  2.69355  4.24690  2.90347  2.73739  3.18146  2.89801  2.37887  2.77519  2.98518  4.58477  3.61503
          0.02859  3.96463  4.68698  0.61958  0.77255  0.48576  0.95510
    187   2.89138  5.36232  1.37066  2.12604  4.68000  3.20026  3.77173  4.23803  2.78992  3.76462  4.62327  1.98617  3.82845  2.94782  3.36782  2.80102  3.19623  3.81187  5.89320  4.40236    207 d - - -
          2.68618  4.42225  2.77519  2.73123  3.46354  2.40513  3.72494  3.29354  2.67741  2.69355  4.24690  2.90347  2.73739  3.18146  2.89801  2.37887  2.77519  2.98518  4.58477  3.61503
          0.02859  3.96463  4.68698  0.61958  0.77255  0.48576  0.95510
    188   2.78257  4.54838  3.47517  3.38654  4.52621  0.60008  4.50074  4.14866  3.58031  3.79112  4.76796  3.63952  3.94246  3.89722  3.80581  2.95721  3.27099  3.65920  5.59658  4.63138    208 G - - -
          2.68618  4.42225  2.77519  2.73123  3.46354  2.40513  3.72494  3.29354  2.67741  2.69355  4.24690  2.90347  2.73739  3.18146  2.89801  2.37887  2.77519  2.98518  4.58477  3.61503
          0.02859  3.96463  4.68698  0.61958  0.77255  0.48576  0.95510
    189   2.86034  5.29305  1.73237  2.15258  4.61921  3.20871  3.76440  4.17101  2.75579  3.70705  4.56041  1.59505  3.82537  2.93928  3.31311  2.78414  3.16326  3.75174  5.83613  4.36297    209 n - - -
          2.68618  4.42225  2.77519  2.73123  3.46354  2.40513  3.72494  3.29354  2.67741  2.69355  4.24690  2.90347  2.73739  3.18146  2.89801  2.37887  2.77519  2.98518  4.58477  3.61503
          0.02859  3.96463  4.68698  0.61958  0.77255  0.48576  0.95510
    190   2.62564  4.56998  3.22650  2.70131  3.82498  2.52882  3.72293  3.20672  2.43298  2.25491  3.75408  3.13495  3.87799  2.93951  2.19621  2.74096  2.88452  2.93626  5.15373  3.88297    210 r - - -
          2.68618  4.42225  2.77519  2.73123  3.46354  2.40513  3.72494  3.29354  2.67741  2.69355  4.24690  2.90347  2.73739  3.18146  2.89801  2.37887  2.77519  2.98518  4.58477  3.61503
          0.02859  3.96463  4.68698  0.61958  0.77255  0.48576  0.95510
    191   2.24222  2.44117  3.61018  3.17247  3.91028  3.03292  4.10054  3.27839  3.11051  3.00410  3.86796  3.33545  2.35342  3.41323  3.41179  1.84839  2.68022  2.87930  5.31425  4.10113    211 s - - -
          2.68618  4.42225  2.77519  2.73123  3.46354  2.40513  3.72494  3.29354  2.67741  2.69355  4.24690  2.90347  2.73739  3.18146  2.89801  2.37887  2.77519  2.98518  4.58477  3.61503
          0.02859  3.96463  4.68698  0.61958  0.77255  0.48576  0.95510
    192   2.81657  4.94992  3.05112  2.60786  4.32442  3.44905  3.66479  3.80070  2.15639  3.32861  4.18750  2.23460  3.91262  2.82472  1.56731  2.83805  3.06169  3.45487  5.41291  4.13490    212 r - - -
          2.68618  4.42225  2.77519  2.73123  3.46354  2.40513  3.72494  3.29354  2.67741  2.69355  4.24690  2.90347  2.73739  3.18146  2.89801  2.37887  2.77519  2.98518  4.58477  3.61503
          0.02859  3.96463  4.68698  0.61958  0.77255  0.48576  0.95510
    193   3.03327  5.16144  2.52902  0.90117  4.51948  3.33470  3.93019  3.99174  2.82243  3.59432  4.56485  2.98771  3.94382  3.14429  3.24040  3.00665  3.33839  3.66629  5.67372  4.39666    213 e - - -
          2.68618  4.42225  2.77519  2.73123  3.46354  2.40513  3.72494  3.29354  2.67741  2.69355  4.24690  2.90347  2.73739  3.18146  2.89801  2.37887  2.77519  2.98518  4.58477  3.61503
          0.02859  3.96463  4.68698  0.61958  0.77255  0.48576  0.95510
    194   2.84466  5.23154  1.49516  2.20865  4.30615  3.27009  2.42560  4.02756  2.65455  3.55198  4.40624  2.77276  3.83773  2.90124  3.16867  2.78136  3.11979  3.64485  5.58487  4.10665    214 d - - -
          2.68618  4.42225  2.77519  2.73123  3.46354  2.40513  3.72494  3.29354  2.67741  2.69355  4.24690  2.90347  2.73739  3.18146  2.89801  2.37887  2.77519  2.98518  4.58477  3.61503
          0.02859  3.96463  4.68698  0.61958  0.77255  0.48576  0.95510
    195   3.05149  4.39309  4.69113  4.19809  3.53705  4.35300  4.92969  1.43828  4.08029  2.05536  3.35499  4.42709  4.68784  4.35756  4.29012  3.73951  3.32282  1.12651  5.48445  4.27175    215 v - - -
          2.68618  4.42225  2.77519  2.73123  3.46354  2.40513  3.72494  3.29354  2.67741  2.69355  4.24690  2.90347  2.73739  3.18146  2.89801  2.37887  2.77519  2.98518  4.58477  3.61503
          0.02859  3.96463  4.68698  0.61958  0.77255  0.48576  0.95510
    196   2.17335  4.33342  3.94807  3.40243  3.27905  3.81197  4.18746  2.32457  3.27829  1.64724  2.37386  3.72235  4.19441  3.57548  3.54425  3.12179  3.02588  2.23826  4.99493  3.80913    216 l - - -
          2.68618  4.42225  2.77519  2.73123  3.46354  2.40513  3.72494  3.29354  2.67741  2.69355  4.24690  2.90347  2.73739  3.18146  2.89801  2.37887  2.77519  2.98518  4.58477  3.61503
          0.02859  3.96463  4.68698  0.61958  0.77255  0.48576  0.95510
    197   1.93476  4.22910  3.49373  3.04401  3.68966  2.36350  4.00731  2.13924  3.00674  2.69557  3.63596  3.34345  3.85962  3.32347  3.33220  2.65647  2.78775  2.53589  5.15500  3.92290    217 a - - -
          2.68618  4.42225  2.77519  2.73123  3.46354  2.40513  3.72494  3.29354  2.67741  2.69355  4.24690  2.90347  2.73739  3.18146  2.89801  2.37887  2.77519  2.98518  4.58477  3.61503
          0.02859  3.96463  4.68698  0.61958  0.77255  0.48576  0.95510
    198   2.72435  5.05779  2.56580  1.89043  4.38141  3.31464  3.65217  3.83146  2.42823  3.37540  4.19361  2.82712  3.81211  2.20603  2.86968  2.14906  2.97887  3.45877  5.55505  4.17917    218 e - - -
          2.68618  4.42225  2.77519  2.73123  3.46354  2.40513  3.72494  3.29354  2.67741  2.69355  4.24690  2.90347  2.73739  3.18146  2.89801  2.37887  2.77519  2.98518  4.58477  3.61503
          0.02859  3.96463  4.68698  0.61958  0.77255  0.48576  0.95510
    199   3.04597  4.42905  4.54178  3.99423  2.21667  4.22618  4.44877  2.13778  3.87420  1.40001  3.01561  4.21014  4.50717  4.03787  4.03326  3.55567  3.28103  1.72069  4.87100  3.57941    219 l - - -
          2.68618  4.42225  2.77519  2.73123  3.46354  2.40513  3.72494  3.29354  2.67741  2.69355  4.24690  2.90347  2.73739  3.18146  2.89801  2.37887  2.77519  2.98518  4.58477  3.61503
          0.02859  3.96463  4.68698  0.61958  0.77255  0.48576  0.95510
    200   2.55154  4.39549  3.24509  2.78169  2.56482  3.40715  3.78764  2.97471  2.77037  2.68984  3.60633  2.44018  3.87802  3.09993  3.14102  2.71787  2.25480  2.72376  4.94091  3.59243    220 t - - -
          2.68618  4.42225  2.77519  2.73123  3.46354  2.40513  3.72494  3.29354  2.67741  2.69355  4.24690  2.90347  2.73739  3.18146  2.89801  2.37887  2.77519  2.98518  4.58477  3.61503
          0.02859  3.96463  4.68698  0.61958  0.77255  0.48576  0.95510
    201   2.18704  4.89519  3.15283  2.59343  4.27380  3.47922  3.62086  3.64577  1.78168  3.20169  4.04409  3.05278  3.89075  2.76816  1.97762  2.78521  2.97990  3.31894  5.36783  4.11199    221 k - - -
          2.68618  4.42225  2.77519  2.73123  3.46354  2.40513  3.72494  3.29354  2.67741  2.69355  4.24690  2.90347  2.73739  3.18146  2.89801  2.37887  2.77519  2.98518  4.58477  3.61503
          0.02859  3.96463  4.68698  0.61958  0.77255  0.48576  0.95510
    202   2.95719  4.38385  4.40721  3.91211  2.20935  4.07042  4.36801  2.10662  3.79980  1.92940  3.21299  4.10196  4.44108  4.01093  3.98408  3.43217  3.22505  1.35772  4.83424  3.44089    222 v - - -
          2.68618  4.42225  2.77519  2.73123  3.46354  2.40513  3.72494  3.29354  2.67741  2.69355  4.24690  2.90347  2.73739  3.18146  2.89801  2.37887  2.77519  2.98518  4.58477  3.61503
          0.02859  3.96463  4.68698  0.61958  0.77255  0.48576  0.95510
    203   3.22224  4.56722  4.71736  4.19315  3.15991  4.46022  4.80683  1.61360  4.01762  1.08936  2.99263  4.46102  4.69891  4.23067  4.18052  3.83070  3.46189  2.01543  5.20274  4.04682    223 l - - -
          2.68618  4.42225  2.77519  2.73123  3.46354  2.40513  3.72494  3.29354  2.67741  2.69355  4.24690  2.90347  2.73739  3.18146  2.89801  2.37887  2.77519  2.98518  4.58477  3.61503
          0.02859  3.96463  4.68698  0.61958  0.77255  0.48576  0.95510
    204   2.73281  5.03307  1.46343  2.23961  4.52114  3.17765  3.79437  4.02230  2.77466  3.60299  4.45113  2.78408  3.80111  2.97408  3.30764  2.00943  3.06557  3.59430  5.76680  4.33330    224 d - - -
          2.68618  4.42225  2.77519  2.73123  3.46354  2.40513  3.72494  3.29354  2.67741  2.69355  4.24690  2.90347  2.73739  3.18146  2.89801  2.37887  2.77519  2.98518  4.58477  3.61503
          0.02859  3.96463  4.68698  0.61958  0.77255  0.48576  0.95510
    205   2.62692  4.84800  2.56434  1.87621  4.35736  2.33204  3.74620  3.80233  2.61923  3.38630  4.21164  2.85791  3.78382  2.91486  3.08830  2.05604  2.94173  3.39961  5.59221  4.22640    225 e - - -
          2.68618  4.42225  2.77519  2.73123  3.46354  2.40513  3.72494  3.29354  2.67741  2.69355  4.24690  2.90347  2.73739  3.18146  2.89801  2.37887  2.77519  2.98518  4.58477  3.61503
          0.02859  3.96463  4.68698  0.61958  0.77255  0.48576  0.95510
    206   3.15255  4.49443  4.71768  4.16427  2.17969  4.37286  4.56166  1.71084  4.03820  1.29862  2.93885  4.36881  4.60440  4.15547  4.16217  3.70797  3.37804  2.16328  4.90130  3.63660    226 l - - -
          2.68618  4.42225  2.77519  2.73123  3.46354  2.40513  3.72494  3.29354  2.67741  2.69355  4.24690  2.90347  2.73739  3.18146  2.89801  2.37887  2.77519  2.98518  4.58477  3.61503
          0.02859  3.96463  4.68698  0.61958  0.77255  0.48576  0.95510
    207   2.56772  4.43086  3.36293  2.81947  3.73785  3.42789  3.80737  2.93864  2.59295  2.72507  3.65088  3.21988  3.89014  3.05070  2.29408  2.73312  2.25636  2.16664  5.13034  3.88266    227 v - - -
          2.68618  4.42225  2.77519  2.73123  3.46354  2.40513  3.72494  3.29354  2.67741  2.69355  4.24690  2.90347  2.73739  3.18146  2.89801  2.37887  2.77519  2.98518  4.58477  3.61503
          0.02859  3.96463  4.68698  0.61958  0.77255  0.48576  0.95510
    208   2.60030  4.57722  2.99819  2.12993  3.81891  3.40380  3.73158  2.43528  2.58847  2.84234  3.73127  3.04950  3.85360  2.94621  2.99407  2.21503  2.85801  2.83184  5.18653  3.89254    228 e - - -
          2.68618  4.42225  2.77519  2.73123  3.46354  2.40513  3.72494  3.29354  2.67741  2.69355  4.24690  2.90347  2.73739  3.18146  2.89801  2.37887  2.77519  2.98518  4.58477  3.61503
          0.18814  3.96463  1.88043  0.61958  0.77255  0.48576  0.95510
    209   2.19762  4.16176  3.06885  2.86200  4.20901  2.06502  4.04613  3.67217  3.00901  3.35029  4.18995  3.11360  3.61117  3.30940  3.34093  1.55095  2.67356  3.13738  5.53487  4.28491    229 s - - -
          2.68618  4.42225  2.77519  2.73123  3.46354  2.40513  3.72494  3.29354  2.67741  2.69355  4.24690  2.90347  2.73739  3.18146  2.89801  2.37887  2.77519  2.98518  4.58477  3.61503
          0.03346  3.80995  4.53230  0.61958  0.77255  0.61985  0.77224
    210   2.64691  4.94447  2.17650  2.21428  4.24049  3.22210  3.22061  3.73316  2.50770  3.30084  4.12611  2.56628  3.74810  2.79549  2.99785  2.07262  2.91922  3.36306  5.48536  4.08670    230 s - - -
          2.68624  4.42231  2.77526  2.73129  3.46360  2.40519  3.72501  3.29360  2.67747  2.69330  4.24549  2.90353  2.73746  3.18152  2.89807  2.37893  2.77492  2.98524  4.58483  3.61509
          0.21257  1.65291        *  0.92222  0.50689  0.00000        *
//
