HMMER3/f [3.3.1 | Jul 2020]
NAME  vHMM_18082
LENG  106
ALPH  amino
RF    no
MM    no
CONS  yes
CS    no
MAP   yes
DATE  Thu Feb 11 23:28:20 2021
NSEQ  16
EFFN  0.738281
CKSUM 14634972
STATS LOCAL MSV       -9.5117  0.71624
STATS LOCAL VITERBI  -10.2549  0.71624
STATS LOCAL FORWARD   -4.3080  0.71624
CUTOFF SCORE	105.12
TAXON	Nanoviridae
TXID	251095
PROTEIN	U4
TYPE	Full-length
RANGE	Wide
HMM          A        C        D        E        F        G        H        I        K        L        M        N        P        Q        R        S        T        V        W        Y   
            m->m     m->i     m->d     i->m     i->i     d->m     d->d
  COMPO   2.78266  4.59710  2.84280  2.58096  3.27342  3.01921  3.83977  2.69816  2.71585  2.10682  3.34683  3.06604  3.75930  3.18420  3.03286  2.79539  3.02061  2.45667  4.52327  3.51871
          2.68618  4.42225  2.77519  2.73123  3.46354  2.40513  3.72494  3.29354  2.67741  2.69355  4.24690  2.90347  2.73739  3.18146  2.89801  2.37887  2.77519  2.98518  4.58477  3.61503
          0.02660  4.03601  4.75836  0.61958  0.77255  0.00000        *
      1   3.10490  4.62944  4.22854  3.83718  3.28931  3.95795  4.53457  2.48168  3.59545  1.86182  1.09601  4.09362  4.42194  3.96800  3.78099  3.46976  3.41472  2.50618  5.15027  3.92508      1 m - - -
          2.68618  4.42225  2.77519  2.73123  3.46354  2.40513  3.72494  3.29354  2.67741  2.69355  4.24690  2.90347  2.73739  3.18146  2.89801  2.37887  2.77519  2.98518  4.58477  3.61503
          0.02660  4.03601  4.75836  0.61958  0.77255  0.48576  0.95510
      2   3.10170  5.23765  2.56845  0.81334  4.60573  3.38582  3.99061  4.09258  2.89242  3.68470  4.65457  3.03753  3.99909  3.20480  3.31600  3.06924  3.40818  3.76068  5.74645  4.47242      2 e - - -
          2.68618  4.42225  2.77519  2.73123  3.46354  2.40513  3.72494  3.29354  2.67741  2.69355  4.24690  2.90347  2.73739  3.18146  2.89801  2.37887  2.77519  2.98518  4.58477  3.61503
          0.02660  4.03601  4.75836  0.61958  0.77255  0.48576  0.95510
      3   2.57337  3.75625  3.24125  2.67609  3.64443  3.47772  3.31883  3.02234  2.59734  2.53951  3.57382  3.13186  2.68316  2.95926  2.59992  2.71435  2.80919  2.59480  5.02821  3.76145      3 l - - -
          2.68618  4.42225  2.77519  2.73123  3.46354  2.40513  3.72494  3.29354  2.67741  2.69355  4.24690  2.90347  2.73739  3.18146  2.89801  2.37887  2.77519  2.98518  4.58477  3.61503
          0.02660  4.03601  4.75836  0.61958  0.77255  0.48576  0.95510
      4   2.88309  4.82384  3.51988  2.89176  3.99218  3.62443  3.74211  3.35798  2.19198  2.89952  3.21420  3.28499  4.03075  2.93216  1.31083  2.97464  3.10817  3.14123  5.25865  4.01208      4 r - - -
          2.68618  4.42225  2.77519  2.73123  3.46354  2.40513  3.72494  3.29354  2.67741  2.69355  4.24690  2.90347  2.73739  3.18146  2.89801  2.37887  2.77519  2.98518  4.58477  3.61503
          0.02660  4.03601  4.75836  0.61958  0.77255  0.48576  0.95510
      5   3.15305  4.58662  4.46171  4.04127  1.20780  4.12291  4.08903  2.49570  3.91226  1.95948  3.30382  4.12458  4.51364  4.06715  4.05350  3.51686  3.43394  2.21751  4.37788  2.79591      5 f - - -
          2.68618  4.42225  2.77519  2.73123  3.46354  2.40513  3.72494  3.29354  2.67741  2.69355  4.24690  2.90347  2.73739  3.18146  2.89801  2.37887  2.77519  2.98518  4.58477  3.61503
          0.02660  4.03601  4.75836  0.61958  0.77255  0.48576  0.95510
      6   3.30450  4.63005  4.85692  4.30376  2.64793  4.54629  4.76202  1.90946  4.17612  0.93014  2.90120  4.54336  4.73324  4.27139  4.29467  3.89238  3.52603  2.25353  5.05146  3.86211      6 l - - -
          2.68618  4.42225  2.77519  2.73123  3.46354  2.40513  3.72494  3.29354  2.67741  2.69355  4.24690  2.90347  2.73739  3.18146  2.89801  2.37887  2.77519  2.98518  4.58477  3.61503
          0.02660  4.03601  4.75836  0.61958  0.77255  0.48576  0.95510
      7   3.22593  4.56151  4.80401  4.24185  2.70558  4.47647  4.75513  1.95697  4.12606  1.00466  2.92940  4.48284  4.68508  4.23620  4.25580  3.81420  3.45039  2.00066  5.09906  3.95822      7 l - - -
          2.68618  4.42225  2.77519  2.73123  3.46354  2.40513  3.72494  3.29354  2.67741  2.69355  4.24690  2.90347  2.73739  3.18146  2.89801  2.37887  2.77519  2.98518  4.58477  3.61503
          0.02660  4.03601  4.75836  0.61958  0.77255  0.48576  0.95510
      8   2.42110  4.23414  3.65404  3.16359  2.07567  3.43520  3.95646  2.78178  3.10615  2.52138  3.49112  3.44469  3.94775  3.39283  3.40243  2.01304  2.84278  2.44795  4.84598  3.51018      8 s - - -
          2.68618  4.42225  2.77519  2.73123  3.46354  2.40513  3.72494  3.29354  2.67741  2.69355  4.24690  2.90347  2.73739  3.18146  2.89801  2.37887  2.77519  2.98518  4.58477  3.61503
          0.02660  4.03601  4.75836  0.61958  0.77255  0.48576  0.95510
      9   2.72391  3.74380  4.30519  3.72547  2.58987  3.87569  4.19056  1.87336  3.59170  1.62945  3.11725  3.89983  4.22252  3.78798  3.74013  3.00791  2.95949  2.10883  4.77043  3.56353      9 l - - -
          2.68618  4.42225  2.77519  2.73123  3.46354  2.40513  3.72494  3.29354  2.67741  2.69355  4.24690  2.90347  2.73739  3.18146  2.89801  2.37887  2.77519  2.98518  4.58477  3.61503
          0.02660  4.03601  4.75836  0.61958  0.77255  0.48576  0.95510
     10   3.22373  4.54800  4.83507  4.27592  2.92785  4.50332  4.82198  1.76730  4.16228  1.05945  2.96540  4.51869  4.71187  4.28213  4.29596  3.84604  3.45104  1.91608  5.17360  4.05582     10 l - - -
          2.68618  4.42225  2.77519  2.73123  3.46354  2.40513  3.72494  3.29354  2.67741  2.69355  4.24690  2.90347  2.73739  3.18146  2.89801  2.37887  2.77519  2.98518  4.58477  3.61503
          0.02660  4.03601  4.75836  0.61958  0.77255  0.48576  0.95510
     11   3.34297  4.75837  4.45142  4.09484  3.20526  4.18827  4.69948  2.42117  3.86099  0.69720  3.18218  4.35439  4.59732  4.18998  4.00915  3.78247  3.63080  2.50043  5.14094  3.90107     11 l - - -
          2.68618  4.42225  2.77519  2.73123  3.46354  2.40513  3.72494  3.29354  2.67741  2.69355  4.24690  2.90347  2.73739  3.18146  2.89801  2.37887  2.77519  2.98518  4.58477  3.61503
          0.02660  4.03601  4.75836  0.61958  0.77255  0.48576  0.95510
     12   2.44974  4.11992  4.00755  3.43242  2.49000  3.26697  4.04338  2.22171  3.32773  1.96177  3.18799  3.67916  4.09599  3.56502  3.54191  3.01618  2.86490  1.96647  4.75869  3.55507     12 l - - -
          2.68618  4.42225  2.77519  2.73123  3.46354  2.40513  3.72494  3.29354  2.67741  2.69355  4.24690  2.90347  2.73739  3.18146  2.89801  2.37887  2.77519  2.98518  4.58477  3.61503
          0.02660  4.03601  4.75836  0.61958  0.77255  0.48576  0.95510
     13   3.05611  4.44991  4.57105  4.08844  3.44895  4.25214  4.79029  1.90095  3.92858  1.72412  3.32041  4.32197  4.61978  4.22725  4.13424  3.64374  3.33461  1.07883  5.36539  4.13136     13 v - - -
          2.68618  4.42225  2.77519  2.73123  3.46354  2.40513  3.72494  3.29354  2.67741  2.69355  4.24690  2.90347  2.73739  3.18146  2.89801  2.37887  2.77519  2.98518  4.58477  3.61503
          0.02660  4.03601  4.75836  0.61958  0.77255  0.48576  0.95510
     14   2.56906  4.28483  4.25866  3.71531  3.51498  4.00676  4.46104  1.83330  3.61839  2.10277  3.39158  3.98598  4.38181  3.89721  3.86811  3.33186  2.76262  1.29306  5.21443  4.00852     14 v - - -
          2.68618  4.42225  2.77519  2.73123  3.46354  2.40513  3.72494  3.29354  2.67741  2.69355  4.24690  2.90347  2.73739  3.18146  2.89801  2.37887  2.77519  2.98518  4.58477  3.61503
          0.02660  4.03601  4.75836  0.61958  0.77255  0.48576  0.95510
     15   2.63547  4.31941  4.46170  3.90164  3.09450  4.15216  4.52226  1.86714  3.79873  1.58310  3.18821  4.14173  4.46423  4.01407  3.99267  3.47113  3.16869  1.49071  5.11028  3.93689     15 v - - -
          2.68618  4.42225  2.77519  2.73123  3.46354  2.40513  3.72494  3.29354  2.67741  2.69355  4.24690  2.90347  2.73739  3.18146  2.89801  2.37887  2.77519  2.98518  4.58477  3.61503
          0.02660  4.03601  4.75836  0.61958  0.77255  0.48576  0.95510
     16   3.26245  4.58678  4.85564  4.29804  2.37400  4.50098  4.70234  1.85025  4.17069  1.03637  2.90674  4.51090  4.69878  4.25542  4.27544  3.84250  3.48345  2.25404  4.99399  3.78337     16 l - - -
          2.68618  4.42225  2.77519  2.73123  3.46354  2.40513  3.72494  3.29354  2.67741  2.69355  4.24690  2.90347  2.73739  3.18146  2.89801  2.37887  2.77519  2.98518  4.58477  3.61503
          0.02660  4.03601  4.75836  0.61958  0.77255  0.48576  0.95510
     17   2.83230  5.05152  2.55117  2.39508  4.34623  3.30921  3.79253  3.95653  2.58358  3.50823  4.38802  1.34044  3.89166  2.60887  2.97372  2.82325  3.13592  3.57983  5.59165  4.18872     17 n - - -
          2.68618  4.42225  2.77519  2.73123  3.46354  2.40513  3.72494  3.29354  2.67741  2.69355  4.24690  2.90347  2.73739  3.18146  2.89801  2.37887  2.77519  2.98518  4.58477  3.61503
          0.02660  4.03601  4.75836  0.61958  0.77255  0.48576  0.95510
     18   2.37681  4.34190  3.19035  2.95969  4.27947  3.05275  4.13129  3.74482  3.05309  3.41726  4.27890  3.23935  1.38887  3.38921  3.38344  1.99297  2.83564  3.25245  5.60971  4.34509     18 p - - -
          2.68618  4.42225  2.77519  2.73123  3.46354  2.40513  3.72494  3.29354  2.67741  2.69355  4.24690  2.90347  2.73739  3.18146  2.89801  2.37887  2.77519  2.98518  4.58477  3.61503
          0.02660  4.03601  4.75836  0.61958  0.77255  0.48576  0.95510
     19   2.37179  4.47809  3.18096  2.69584  3.19026  3.38268  3.26337  3.16840  2.68099  2.83600  3.71058  3.13111  3.85328  3.02183  3.07594  1.75012  2.82905  2.88362  5.05461  3.71476     19 s - - -
          2.68618  4.42225  2.77519  2.73123  3.46354  2.40513  3.72494  3.29354  2.67741  2.69355  4.24690  2.90347  2.73739  3.18146  2.89801  2.37887  2.77519  2.98518  4.58477  3.61503
          0.02660  4.03601  4.75836  0.61958  0.77255  0.48576  0.95510
     20   2.95399  4.45262  4.11231  3.58080  2.19100  3.99723  4.11138  2.50640  3.43768  1.28662  3.10299  3.85956  4.32170  3.12312  3.65865  3.30410  3.18386  2.51140  4.66041  3.27789     20 l - - -
          2.68618  4.42225  2.77519  2.73123  3.46354  2.40513  3.72494  3.29354  2.67741  2.69355  4.24690  2.90347  2.73739  3.18146  2.89801  2.37887  2.77519  2.98518  4.58477  3.61503
          0.02660  4.03601  4.75836  0.61958  0.77255  0.48576  0.95510
     21   3.10257  4.43490  4.73186  4.21552  3.51008  4.42321  4.92380  1.67240  4.08974  1.87741  3.33218  4.45826  4.72523  4.35677  4.29661  3.79315  3.36164  1.03655  5.45921  4.25373     21 v - - -
          2.68618  4.42225  2.77519  2.73123  3.46354  2.40513  3.72494  3.29354  2.67741  2.69355  4.24690  2.90347  2.73739  3.18146  2.89801  2.37887  2.77519  2.98518  4.58477  3.61503
          0.02660  4.03601  4.75836  0.61958  0.77255  0.48576  0.95510
     22   3.13338  4.46830  4.80270  4.22513  2.72918  4.38455  4.69861  1.77730  4.10323  1.25695  2.35951  4.42861  4.61005  4.19983  4.20463  3.71447  3.35599  2.00560  5.06516  3.97719     22 l - - -
          2.68618  4.42225  2.77519  2.73123  3.46354  2.40513  3.72494  3.29354  2.67741  2.69355  4.24690  2.90347  2.73739  3.18146  2.89801  2.37887  2.77519  2.98518  4.58477  3.61503
          0.02660  4.03601  4.75836  0.61958  0.77255  0.48576  0.95510
     23   2.67639  4.66805  2.98892  2.68274  3.85774  3.36580  3.86113  2.82256  2.70438  3.03237  3.99581  1.45251  3.91474  3.10575  3.07062  2.77648  2.99559  2.98677  5.27823  3.88733     23 n - - -
          2.68618  4.42225  2.77519  2.73123  3.46354  2.40513  3.72494  3.29354  2.67741  2.69355  4.24690  2.90347  2.73739  3.18146  2.89801  2.37887  2.77519  2.98518  4.58477  3.61503
          0.02660  4.03601  4.75836  0.61958  0.77255  0.48576  0.95510
     24   3.23133  4.63632  4.59445  4.05499  3.09149  4.37138  4.67041  2.24291  3.84677  1.24725  1.57352  4.34116  4.62498  4.08002  4.01640  3.72728  3.46629  2.34419  5.11147  3.97259     24 l - - -
          2.68618  4.42225  2.77519  2.73123  3.46354  2.40513  3.72494  3.29354  2.67741  2.69355  4.24690  2.90347  2.73739  3.18146  2.89801  2.37887  2.77519  2.98518  4.58477  3.61503
          0.02660  4.03601  4.75836  0.61958  0.77255  0.48576  0.95510
     25   3.12563  4.42682  4.84284  4.32934  3.55211  4.50225  5.02728  1.39182  4.21823  1.97068  3.35469  4.55652  4.78536  4.47019  4.41319  3.87834  3.38230  1.12433  5.52264  4.32674     25 v - - -
          2.68618  4.42225  2.77519  2.73123  3.46354  2.40513  3.72494  3.29354  2.67741  2.69355  4.24690  2.90347  2.73739  3.18146  2.89801  2.37887  2.77519  2.98518  4.58477  3.61503
          0.02660  4.03601  4.75836  0.61958  0.77255  0.48576  0.95510
     26   3.18828  4.51903  4.83848  4.26118  2.55603  4.43795  4.73054  1.85373  4.14015  1.11040  2.56861  4.47503  4.64490  4.22155  4.23800  3.76991  3.40799  2.14039  5.06529  3.97703     26 l - - -
          2.68618  4.42225  2.77519  2.73123  3.46354  2.40513  3.72494  3.29354  2.67741  2.69355  4.24690  2.90347  2.73739  3.18146  2.89801  2.37887  2.77519  2.98518  4.58477  3.61503
          0.02660  4.03601  4.75836  0.61958  0.77255  0.48576  0.95510
     27   2.88064  4.63699  3.58768  3.50928  4.64316  0.51612  4.61696  4.28510  3.71263  3.91790  4.89695  3.75237  4.03322  4.02407  3.92820  3.05769  3.37462  3.78186  5.69244  4.75151     27 G - - -
          2.68618  4.42225  2.77519  2.73123  3.46354  2.40513  3.72494  3.29354  2.67741  2.69355  4.24690  2.90347  2.73739  3.18146  2.89801  2.37887  2.77519  2.98518  4.58477  3.61503
          0.02660  4.03601  4.75836  0.61958  0.77255  0.48576  0.95510
     28   3.58927  4.89179  4.47013  4.14367  1.79492  4.32141  3.50432  3.33080  3.99908  2.68460  3.94856  4.01400  4.65674  4.05101  4.09138  3.70029  3.82239  3.24770  3.67021  0.88227     28 y - - -
          2.68618  4.42225  2.77519  2.73123  3.46354  2.40513  3.72494  3.29354  2.67741  2.69355  4.24690  2.90347  2.73739  3.18146  2.89801  2.37887  2.77519  2.98518  4.58477  3.61503
          0.02660  4.03601  4.75836  0.61958  0.77255  0.48576  0.95510
     29   3.08120  4.40413  4.75061  4.20246  3.39142  4.40609  4.82547  1.57927  4.09311  1.83431  2.65417  4.43072  4.67315  4.29621  4.26578  3.75061  3.32233  1.26402  5.31353  4.16296     29 v - - -
          2.68618  4.42225  2.77519  2.73123  3.46354  2.40513  3.72494  3.29354  2.67741  2.69355  4.24690  2.90347  2.73739  3.18146  2.89801  2.37887  2.77519  2.98518  4.58477  3.61503
          0.02660  4.03601  4.75836  0.61958  0.77255  0.48576  0.95510
     30   3.16335  4.51963  4.72012  4.14911  2.71001  4.38731  4.67273  2.16960  4.03213  1.07639  2.59299  4.38982  4.61293  4.15113  4.16607  3.71449  3.38644  1.90616  5.05832  3.94005     30 l - - -
          2.68618  4.42225  2.77519  2.73123  3.46354  2.40513  3.72494  3.29354  2.67741  2.69355  4.24690  2.90347  2.73739  3.18146  2.89801  2.37887  2.77519  2.98518  4.58477  3.61503
          0.02660  4.03601  4.75836  0.61958  0.77255  0.48576  0.95510
     31   2.88064  4.63699  3.58768  3.50928  4.64316  0.51612  4.61696  4.28510  3.71263  3.91790  4.89695  3.75237  4.03322  4.02407  3.92820  3.05769  3.37462  3.78186  5.69244  4.75151     31 G - - -
          2.68618  4.42225  2.77519  2.73123  3.46354  2.40513  3.72494  3.29354  2.67741  2.69355  4.24690  2.90347  2.73739  3.18146  2.89801  2.37887  2.77519  2.98518  4.58477  3.61503
          0.02660  4.03601  4.75836  0.61958  0.77255  0.48576  0.95510
     32   2.42422  4.18427  3.68630  3.11792  3.30019  3.61385  3.90485  2.26849  3.04019  2.10755  3.28724  3.45531  3.99490  3.32256  3.33275  2.35682  2.81916  2.22966  4.79915  3.19828     32 l - - -
          2.68618  4.42225  2.77519  2.73123  3.46354  2.40513  3.72494  3.29354  2.67741  2.69355  4.24690  2.90347  2.73739  3.18146  2.89801  2.37887  2.77519  2.98518  4.58477  3.61503
          0.02660  4.03601  4.75836  0.61958  0.77255  0.48576  0.95510
     33   2.93026  4.37241  4.31701  3.74446  3.08581  4.06474  4.32136  2.29765  3.61279  1.22223  2.70157  4.00482  4.36593  3.82442  3.80426  3.36705  3.15813  2.04867  4.88483  3.14140     33 l - - -
          2.68618  4.42225  2.77519  2.73123  3.46354  2.40513  3.72494  3.29354  2.67741  2.69355  4.24690  2.90347  2.73739  3.18146  2.89801  2.37887  2.77519  2.98518  4.58477  3.61503
          0.02660  4.03601  4.75836  0.61958  0.77255  0.48576  0.95510
     34   2.75086  4.18983  4.23706  3.66250  2.77316  3.89880  4.21608  1.95759  3.54667  1.65681  3.14342  3.88252  4.24190  3.76144  3.73029  2.87028  2.98627  1.85752  4.84216  3.64395     34 l - - -
          2.68618  4.42225  2.77519  2.73123  3.46354  2.40513  3.72494  3.29354  2.67741  2.69355  4.24690  2.90347  2.73739  3.18146  2.89801  2.37887  2.77519  2.98518  4.58477  3.61503
          0.02660  4.03601  4.75836  0.61958  0.77255  0.48576  0.95510
     35   2.87300  4.88720  3.41994  2.80161  4.22673  3.58918  3.68312  3.55605  2.01699  3.14368  4.04545  3.20823  3.99457  2.84847  1.34877  2.93403  3.09028  2.86731  5.34076  4.11952     35 r - - -
          2.68618  4.42225  2.77519  2.73123  3.46354  2.40513  3.72494  3.29354  2.67741  2.69355  4.24690  2.90347  2.73739  3.18146  2.89801  2.37887  2.77519  2.98518  4.58477  3.61503
          0.02660  4.03601  4.75836  0.61958  0.77255  0.48576  0.95510
     36   2.69458  4.94581  2.80141  2.42583  4.36065  3.35533  3.67703  3.79993  1.82788  3.34767  4.16267  2.44618  3.83876  2.82270  2.75119  2.01004  2.95893  3.42072  5.51296  4.17723     36 k - - -
          2.68618  4.42225  2.77519  2.73123  3.46354  2.40513  3.72494  3.29354  2.67741  2.69355  4.24690  2.90347  2.73739  3.18146  2.89801  2.37887  2.77519  2.98518  4.58477  3.61503
          0.02660  4.03601  4.75836  0.61958  0.77255  0.48576  0.95510
     37   2.86691  4.86391  2.81145  2.71494  4.25395  3.30000  4.06476  4.00266  2.98391  3.63169  4.58815  0.89806  3.96116  3.34018  3.34208  2.92936  3.25564  3.60816  5.54125  4.19238     37 n - - -
          2.68618  4.42225  2.77519  2.73123  3.46354  2.40513  3.72494  3.29354  2.67741  2.69355  4.24690  2.90347  2.73739  3.18146  2.89801  2.37887  2.77519  2.98518  4.58477  3.61503
          0.02660  4.03601  4.75836  0.61958  0.77255  0.48576  0.95510
     38   2.83844  4.31291  4.13258  3.57866  2.92307  3.91627  4.04176  1.94962  3.43643  2.04090  2.84131  3.81501  4.25779  3.68239  3.64462  3.21527  3.07108  2.31606  4.59227  1.91512     38 y - - -
          2.68618  4.42225  2.77519  2.73123  3.46354  2.40513  3.72494  3.29354  2.67741  2.69355  4.24690  2.90347  2.73739  3.18146  2.89801  2.37887  2.77519  2.98518  4.58477  3.61503
          0.02660  4.03601  4.75836  0.61958  0.77255  0.48576  0.95510
     39   2.06005  4.34536  3.30390  2.81791  3.54039  3.20655  3.89317  3.29454  2.80851  2.98194  3.83303  3.18002  3.19212  3.12901  3.19792  1.72206  2.50358  2.94173  5.28280  4.02300     39 s - - -
          2.68618  4.42225  2.77519  2.73123  3.46354  2.40513  3.72494  3.29354  2.67741  2.69355  4.24690  2.90347  2.73739  3.18146  2.89801  2.37887  2.77519  2.98518  4.58477  3.61503
          0.02660  4.03601  4.75836  0.61958  0.77255  0.48576  0.95510
     40   2.92393  5.07049  3.28140  2.69738  4.50651  3.05756  3.63688  3.87660  1.76063  3.36422  4.21298  3.13353  3.98039  2.77536  1.43072  2.93137  3.12426  3.54227  5.45396  4.24104     40 r - - -
          2.68618  4.42225  2.77519  2.73123  3.46354  2.40513  3.72494  3.29354  2.67741  2.69355  4.24690  2.90347  2.73739  3.18146  2.89801  2.37887  2.77519  2.98518  4.58477  3.61503
          0.02660  4.03601  4.75836  0.61958  0.77255  0.48576  0.95510
     41   3.31769  4.70917  4.66679  4.15705  3.08344  4.44458  4.75283  2.22754  3.90922  0.80582  2.74185  4.43773  4.69821  4.16348  4.06765  3.83375  3.56089  2.34124  5.14346  3.97346     41 l - - -
          2.68618  4.42225  2.77519  2.73123  3.46354  2.40513  3.72494  3.29354  2.67741  2.69355  4.24690  2.90347  2.73739  3.18146  2.89801  2.37887  2.77519  2.98518  4.58477  3.61503
          0.02660  4.03601  4.75836  0.61958  0.77255  0.48576  0.95510
     42   3.07442  5.18235  3.45983  2.81511  4.63779  3.67744  3.63753  3.99089  1.13988  3.43351  4.30846  3.21724  4.05414  2.77421  1.81324  3.07002  3.24426  3.67255  5.47208  4.30428     42 k - - -
          2.68618  4.42225  2.77519  2.73123  3.46354  2.40513  3.72494  3.29354  2.67741  2.69355  4.24690  2.90347  2.73739  3.18146  2.89801  2.37887  2.77519  2.98518  4.58477  3.61503
          0.02660  4.03601  4.75836  0.61958  0.77255  0.48576  0.95510
     43   2.16298  4.47270  3.20897  2.65972  3.69942  3.11270  3.72667  3.06357  2.32138  2.75049  2.96375  3.11565  3.85350  2.95975  3.01239  2.51941  2.80226  2.61271  5.07520  3.80601     43 a - - -
          2.68618  4.42225  2.77519  2.73123  3.46354  2.40513  3.72494  3.29354  2.67741  2.69355  4.24690  2.90347  2.73739  3.18146  2.89801  2.37887  2.77519  2.98518  4.58477  3.61503
          0.02660  4.03601  4.75836  0.61958  0.77255  0.48576  0.95510
     44   3.25900  4.60926  4.77219  4.20359  3.09102  4.49005  4.78211  1.99494  4.05535  1.14942  1.81721  4.47651  4.68802  4.19590  4.19660  3.82699  3.48030  2.25974  5.14573  4.07164     44 l - - -
          2.68618  4.42225  2.77519  2.73123  3.46354  2.40513  3.72494  3.29354  2.67741  2.69355  4.24690  2.90347  2.73739  3.18146  2.89801  2.37887  2.77519  2.98518  4.58477  3.61503
          0.02660  4.03601  4.75836  0.61958  0.77255  0.48576  0.95510
     45   2.69790  3.47166  4.24314  3.65681  2.82403  3.83686  4.14536  2.05158  3.52355  1.53926  2.92234  3.84581  4.18038  3.72161  3.41729  3.13456  2.92928  2.19985  4.74700  3.56981     45 l - - -
          2.68618  4.42225  2.77519  2.73123  3.46354  2.40513  3.72494  3.29354  2.67741  2.69355  4.24690  2.90347  2.73739  3.18146  2.89801  2.37887  2.77519  2.98518  4.58477  3.61503
          0.02660  4.03601  4.75836  0.61958  0.77255  0.48576  0.95510
     46   2.56227  4.29264  3.43855  2.87203  3.43008  3.18215  3.79066  2.80167  2.79368  2.14067  3.40612  3.27383  3.91684  3.11985  2.89120  2.31837  2.79843  2.42665  3.92171  3.63147     46 l - - -
          2.68618  4.42225  2.77519  2.73123  3.46354  2.40513  3.72494  3.29354  2.67741  2.69355  4.24690  2.90347  2.73739  3.18146  2.89801  2.37887  2.77519  2.98518  4.58477  3.61503
          0.02660  4.03601  4.75836  0.61958  0.77255  0.48576  0.95510
     47   2.25874  4.22971  3.31646  3.03792  4.36245  1.67695  4.17603  3.78956  3.13600  3.45875  4.27413  3.25376  3.70670  3.42453  3.47735  1.62360  2.38731  3.23161  5.68295  4.45332     47 s - - -
          2.68618  4.42225  2.77519  2.73123  3.46354  2.40513  3.72494  3.29354  2.67741  2.69355  4.24690  2.90347  2.73739  3.18146  2.89801  2.37887  2.77519  2.98518  4.58477  3.61503
          0.02660  4.03601  4.75836  0.61958  0.77255  0.48576  0.95510
     48   2.62809  4.94768  2.86965  2.13768  4.23586  3.22916  3.59387  3.28722  2.10847  3.22245  4.01496  2.33273  3.79805  2.72244  2.67941  2.62486  2.76002  3.30885  5.41327  4.05779     48 k - - -
          2.68618  4.42225  2.77519  2.73123  3.46354  2.40513  3.72494  3.29354  2.67741  2.69355  4.24690  2.90347  2.73739  3.18146  2.89801  2.37887  2.77519  2.98518  4.58477  3.61503
          0.02660  4.03601  4.75836  0.61958  0.77255  0.48576  0.95510
     49   2.70546  5.06248  2.65906  2.38660  4.39440  3.42046  3.59368  3.82880  1.66366  3.33848  4.12998  2.90980  3.83126  2.52736  2.44888  2.68445  2.70102  3.45092  5.48436  4.14215     49 k - - -
          2.68618  4.42225  2.77519  2.73123  3.46354  2.40513  3.72494  3.29354  2.67741  2.69355  4.24690  2.90347  2.73739  3.18146  2.89801  2.37887  2.77519  2.98518  4.58477  3.61503
          0.12793  4.03601  2.27867  0.61958  0.77255  0.48576  0.95510
     50   2.56341  4.77719  2.72221  2.26609  3.74878  3.37537  3.59009  3.27696  2.32995  2.92810  3.85073  2.56042  3.77404  2.73906  2.85311  2.52008  2.55301  3.11105  5.27871  3.93957     50 e - - -
          2.68618  4.42225  2.77519  2.73123  3.46354  2.40513  3.72494  3.29354  2.67741  2.69355  4.24690  2.90347  2.73739  3.18146  2.89801  2.37887  2.77519  2.98518  4.58477  3.61503
          0.02939  3.93747  4.65982  0.61958  0.77255  0.58190  0.81833
     51   2.83768  5.24025  2.38816  1.41721  4.54221  3.29171  3.66978  4.00389  2.33996  3.52162  4.35764  2.61963  3.83150  2.66428  2.88572  2.77374  3.09245  3.62479  5.67803  4.28097     51 e - - -
          2.68618  4.42225  2.77519  2.73123  3.46354  2.40513  3.72494  3.29354  2.67741  2.69355  4.24690  2.90347  2.73739  3.18146  2.89801  2.37887  2.77519  2.98518  4.58477  3.61503
          0.14217  3.93747  2.18013  0.61958  0.77255  0.58190  0.81833
     52   2.67705  5.06283  2.36627  2.11678  4.34131  2.89322  3.11121  3.80153  2.42437  3.34148  4.14958  2.31850  3.75562  2.50444  2.91101  2.63824  2.92525  3.42628  5.52736  4.12910     52 e - - -
          2.68618  4.42225  2.77519  2.73123  3.46354  2.40513  3.72494  3.29354  2.67741  2.69355  4.24690  2.90347  2.73739  3.18146  2.89801  2.37887  2.77519  2.98518  4.58477  3.61503
          0.03285  3.82815  4.55049  0.61958  0.77255  0.51772  0.90603
     53   2.68776  5.13081  2.33943  1.75965  4.43598  3.29383  3.60890  3.90542  2.42039  3.42107  4.20989  2.54683  3.25422  2.73902  2.66152  2.64118  2.93423  3.50568  5.58731  4.17666     53 e - - -
          2.68618  4.42225  2.77519  2.73123  3.46354  2.40513  3.72494  3.29354  2.67741  2.69355  4.24690  2.90347  2.73739  3.18146  2.89801  2.37887  2.77519  2.98518  4.58477  3.61503
          0.02939  3.93747  4.65982  0.61958  0.77255  0.58190  0.81833
     54   3.00856  5.13261  2.51563  0.93643  4.48703  3.31622  3.90872  3.95384  2.79744  3.56055  4.53177  2.97039  3.92390  3.12306  3.21298  2.98440  3.31331  3.63100  5.64637  4.36870     54 e - - -
          2.68618  4.42225  2.77519  2.73123  3.46354  2.40513  3.72494  3.29354  2.67741  2.69355  4.24690  2.90347  2.73739  3.18146  2.89801  2.37887  2.77519  2.98518  4.58477  3.61503
          0.02939  3.93747  4.65982  0.61958  0.77255  0.58190  0.81833
     55   2.86602  5.36842  1.92004  1.34718  4.67845  2.95902  3.72291  4.17544  2.69810  3.69389  4.53455  2.68728  3.81049  2.88576  3.26341  2.77244  3.14968  3.76133  5.85824  4.38623     55 e - - -
          2.68621  4.42228  2.77510  2.73109  3.46357  2.40511  3.72497  3.29357  2.67733  2.69358  4.24693  2.90349  2.73742  3.18149  2.89804  2.37890  2.77522  2.98521  4.58480  3.61506
          0.08419  2.64119  4.65982  0.93566  0.49812  0.43002  1.05124
     56   2.98355  5.56590  1.44896  1.42903  4.85119  3.24172  3.79401  4.37456  2.82085  3.87244  4.72942  2.70404  3.86848  2.96161  3.42286  2.86144  3.27383  3.94457  6.02098  4.51147     61 e - - -
          2.68618  4.42225  2.77519  2.73123  3.46354  2.40513  3.72494  3.29354  2.67741  2.69355  4.24690  2.90347  2.73739  3.18146  2.89801  2.37887  2.77519  2.98518  4.58477  3.61503
          0.07598  4.03601  2.89137  0.61958  0.77255  0.48576  0.95510
     57   2.57420  4.30033  2.64658  2.16392  4.08037  3.09999  3.59187  3.50406  2.37638  3.09150  3.89546  2.90214  3.77918  2.65156  2.59139  2.59423  2.80733  2.74529  5.31843  3.97255     62 e - - -
          2.68618  4.42225  2.77519  2.73123  3.46354  2.40513  3.72494  3.29354  2.67741  2.69355  4.24690  2.90347  2.73739  3.18146  2.89801  2.37887  2.77519  2.98518  4.58477  3.61503
          0.02793  3.98795  4.71030  0.61958  0.77255  0.53499  0.88111
     58   2.61268  4.90736  2.68127  1.95986  4.17290  3.05222  2.95468  3.23162  2.39981  3.18201  3.98355  2.86537  3.78315  2.74284  2.87390  2.45753  2.85000  3.25859  5.39415  4.03113     63 e - - -
          2.68618  4.42225  2.77519  2.73123  3.46354  2.40513  3.72494  3.29354  2.67741  2.69355  4.24690  2.90347  2.73739  3.18146  2.89801  2.37887  2.77519  2.98518  4.58477  3.61503
          0.02793  3.98795  4.71030  0.61958  0.77255  0.53499  0.88111
     59   2.43277  4.67425  2.90619  2.34167  3.88878  3.41346  3.14246  3.03074  2.44792  2.73503  3.75365  2.97028  3.80456  2.55841  2.89394  2.55461  2.79851  2.79346  5.19358  3.88030     64 e - - -
          2.68618  4.42225  2.77519  2.73123  3.46354  2.40513  3.72494  3.29354  2.67741  2.69355  4.24690  2.90347  2.73739  3.18146  2.89801  2.37887  2.77519  2.98518  4.58477  3.61503
          0.02793  3.98795  4.71030  0.61958  0.77255  0.45617  1.00433
     60   2.37405  4.22716  3.68166  3.11053  3.36665  3.64616  3.92657  2.00106  2.75875  2.23930  3.32766  3.46252  4.02214  3.31524  3.12601  2.91524  2.85108  2.07029  4.86706  3.65103     65 i - - -
          2.68618  4.42225  2.77519  2.73123  3.46354  2.40513  3.72494  3.29354  2.67741  2.69355  4.24690  2.90347  2.73739  3.18146  2.89801  2.37887  2.77519  2.98518  4.58477  3.61503
          0.02660  4.03601  4.75836  0.61958  0.77255  0.48576  0.95510
     61   2.39627  4.27085  3.43425  2.94943  3.81495  3.22569  3.95532  3.11825  2.91401  2.87167  3.74808  3.26725  3.19211  3.23180  3.26940  2.02183  2.12026  2.14076  5.21851  3.98092     66 s - - -
          2.68618  4.42225  2.77519  2.73123  3.46354  2.40513  3.72494  3.29354  2.67741  2.69355  4.24690  2.90347  2.73739  3.18146  2.89801  2.37887  2.77519  2.98518  4.58477  3.61503
          0.02660  4.03601  4.75836  0.61958  0.77255  0.48576  0.95510
     62   2.73831  5.20619  2.10712  1.86067  4.50619  3.31537  3.64840  3.98084  2.47648  3.49210  4.28288  2.78556  3.80793  2.07841  2.98243  2.68328  2.98705  3.32792  5.65568  4.23273     67 e - - -
          2.68618  4.42225  2.77519  2.73123  3.46354  2.40513  3.72494  3.29354  2.67741  2.69355  4.24690  2.90347  2.73739  3.18146  2.89801  2.37887  2.77519  2.98518  4.58477  3.61503
          0.02660  4.03601  4.75836  0.61958  0.77255  0.48576  0.95510
     63   2.58569  4.60568  2.67631  2.40536  3.80257  3.44968  3.67404  3.15226  2.39194  2.74228  3.16956  3.03396  3.84223  2.87101  2.95634  2.67630  2.81800  2.28577  5.14720  3.85183     68 v - - -
          2.68618  4.42225  2.77519  2.73123  3.46354  2.40513  3.72494  3.29354  2.67741  2.69355  4.24690  2.90347  2.73739  3.18146  2.89801  2.37887  2.77519  2.98518  4.58477  3.61503
          0.02660  4.03601  4.75836  0.61958  0.77255  0.48576  0.95510
     64   2.63742  4.90446  2.62774  2.38914  4.22895  3.36970  3.63634  3.64802  1.74974  3.22660  4.03427  2.91084  3.81019  2.77699  2.81998  2.32145  2.88440  2.97960  5.42941  4.08055     69 k - - -
          2.68618  4.42225  2.77519  2.73123  3.46354  2.40513  3.72494  3.29354  2.67741  2.69355  4.24690  2.90347  2.73739  3.18146  2.89801  2.37887  2.77519  2.98518  4.58477  3.61503
          0.02660  4.03601  4.75836  0.61958  0.77255  0.48576  0.95510
     65   2.58292  4.55472  3.15343  2.68544  3.85635  3.39280  3.80257  3.09983  2.63292  2.86878  3.40215  1.76120  3.87488  3.01687  3.01970  2.70294  2.78133  2.59173  5.24277  3.93940     70 n - - -
          2.68618  4.42225  2.77519  2.73123  3.46354  2.40513  3.72494  3.29354  2.67741  2.69355  4.24690  2.90347  2.73739  3.18146  2.89801  2.37887  2.77519  2.98518  4.58477  3.61503
          0.02660  4.03601  4.75836  0.61958  0.77255  0.48576  0.95510
     66   2.48718  4.37788  3.30010  2.89424  3.07879  3.27551  3.91795  3.19977  2.89439  2.88626  3.80869  3.24547  1.69676  3.22560  3.25026  2.39848  2.84266  2.89670  5.11533  3.76083     71 p - - -
          2.68618  4.42225  2.77519  2.73123  3.46354  2.40513  3.72494  3.29354  2.67741  2.69355  4.24690  2.90347  2.73739  3.18146  2.89801  2.37887  2.77519  2.98518  4.58477  3.61503
          0.02660  4.03601  4.75836  0.61958  0.77255  0.48576  0.95510
     67   3.08556  4.51434  4.46587  4.00719  1.38256  4.11559  4.18623  2.37177  3.88234  1.92302  3.24667  4.12780  4.49122  4.04912  4.03384  3.49124  3.35730  1.94096  4.52174  2.99521     72 f - - -
          2.68618  4.42225  2.77519  2.73123  3.46354  2.40513  3.72494  3.29354  2.67741  2.69355  4.24690  2.90347  2.73739  3.18146  2.89801  2.37887  2.77519  2.98518  4.58477  3.61503
          0.02660  4.03601  4.75836  0.61958  0.77255  0.48576  0.95510
     68   2.55004  5.30719  2.11595  1.28455  4.63070  3.26662  3.74768  4.08579  2.68511  3.63675  4.47287  2.75470  3.84538  2.90611  3.22699  2.78198  3.13427  3.68772  5.82287  4.37127     73 e - - -
          2.68618  4.42225  2.77519  2.73123  3.46354  2.40513  3.72494  3.29354  2.67741  2.69355  4.24690  2.90347  2.73739  3.18146  2.89801  2.37887  2.77519  2.98518  4.58477  3.61503
          0.02660  4.03601  4.75836  0.61958  0.77255  0.48576  0.95510
     69   2.66094  4.89540  1.69973  2.35283  4.36584  2.23836  3.77629  3.78077  2.68259  3.40395  4.23779  2.87746  3.81348  2.94464  3.17991  2.67467  2.97278  2.93761  5.62096  4.23898     74 d - - -
          2.68618  4.42225  2.77519  2.73123  3.46354  2.40513  3.72494  3.29354  2.67741  2.69355  4.24690  2.90347  2.73739  3.18146  2.89801  2.37887  2.77519  2.98518  4.58477  3.61503
          0.02660  4.03601  4.75836  0.61958  0.77255  0.48576  0.95510
     70   2.32302  4.31533  4.32836  3.82906  3.61534  3.97309  4.60929  1.79494  3.72972  2.29607  3.47122  4.06160  4.41429  4.02234  3.97651  3.34115  3.13943  1.16721  5.37301  4.15886     75 v - - -
          2.68618  4.42225  2.77519  2.73123  3.46354  2.40513  3.72494  3.29354  2.67741  2.69355  4.24690  2.90347  2.73739  3.18146  2.89801  2.37887  2.77519  2.98518  4.58477  3.61503
          0.02660  4.03601  4.75836  0.61958  0.77255  0.48576  0.95510
     71   2.30867  5.30540  1.38766  2.00512  4.64427  3.25315  3.76305  4.09815  2.73102  3.65623  4.49653  2.74801  3.84504  2.92560  3.29056  2.78545  3.14559  3.69714  5.84913  4.39025     76 d - - -
          2.68618  4.42225  2.77519  2.73123  3.46354  2.40513  3.72494  3.29354  2.67741  2.69355  4.24690  2.90347  2.73739  3.18146  2.89801  2.37887  2.77519  2.98518  4.58477  3.61503
          0.02660  4.03601  4.75836  0.61958  0.77255  0.48576  0.95510
     72   2.22852  4.69268  2.97625  2.10752  3.98083  3.37830  3.66547  3.06276  2.48857  3.00824  3.83802  2.97586  3.05610  2.83513  2.93603  2.46919  2.72239  3.05613  5.27425  3.95620     77 e - - -
          2.68618  4.42225  2.77519  2.73123  3.46354  2.40513  3.72494  3.29354  2.67741  2.69355  4.24690  2.90347  2.73739  3.18146  2.89801  2.37887  2.77519  2.98518  4.58477  3.61503
          0.02660  4.03601  4.75836  0.61958  0.77255  0.48576  0.95510
     73   3.17292  5.31723  0.70906  2.45131  4.71801  3.34143  4.08563  4.34504  3.20232  3.92534  4.90980  3.01484  4.00604  3.32701  3.73862  3.11875  3.51595  3.96771  5.85407  4.56750     78 d - - -
          2.68618  4.42225  2.77519  2.73123  3.46354  2.40513  3.72494  3.29354  2.67741  2.69355  4.24690  2.90347  2.73739  3.18146  2.89801  2.37887  2.77519  2.98518  4.58477  3.61503
          0.02660  4.03601  4.75836  0.61958  0.77255  0.48576  0.95510
     74   2.93877  4.43930  4.34932  4.02025  3.67453  3.89032  4.79528  2.05610  3.89055  2.33491  3.61747  4.18307  4.44373  4.23983  4.08689  3.40632  3.29761  0.84122  5.48569  4.22628     79 v - - -
          2.68618  4.42225  2.77519  2.73123  3.46354  2.40513  3.72494  3.29354  2.67741  2.69355  4.24690  2.90347  2.73739  3.18146  2.89801  2.37887  2.77519  2.98518  4.58477  3.61503
          0.02660  4.03601  4.75836  0.61958  0.77255  0.48576  0.95510
     75   2.59729  4.24998  3.59832  3.02385  3.36387  3.60048  3.86761  2.64689  2.90484  2.02483  2.68458  3.39204  3.97894  3.23502  2.71634  2.75613  2.72735  2.24854  4.85101  3.63301     80 l - - -
          2.68618  4.42225  2.77519  2.73123  3.46354  2.40513  3.72494  3.29354  2.67741  2.69355  4.24690  2.90347  2.73739  3.18146  2.89801  2.37887  2.77519  2.98518  4.58477  3.61503
          0.02660  4.03601  4.75836  0.61958  0.77255  0.48576  0.95510
     76   2.69397  5.12704  2.32142  2.27937  4.43820  3.35245  3.38150  3.90407  2.10555  3.41202  4.19345  2.82846  3.80248  2.05661  2.83152  2.47316  2.93160  3.50497  5.56615  4.17219     81 q - - -
          2.68618  4.42225  2.77519  2.73123  3.46354  2.40513  3.72494  3.29354  2.67741  2.69355  4.24690  2.90347  2.73739  3.18146  2.89801  2.37887  2.77519  2.98518  4.58477  3.61503
          0.02660  4.03601  4.75836  0.61958  0.77255  0.48576  0.95510
     77   3.11022  4.86154  3.49700  3.10195  2.49762  3.81453  1.49557  3.49170  2.92774  2.95760  4.01494  3.43454  4.22612  3.33507  3.21555  3.17180  3.34689  3.28326  4.11478  1.99169     82 h - - -
          2.68618  4.42225  2.77519  2.73123  3.46354  2.40513  3.72494  3.29354  2.67741  2.69355  4.24690  2.90347  2.73739  3.18146  2.89801  2.37887  2.77519  2.98518  4.58477  3.61503
          0.02660  4.03601  4.75836  0.61958  0.77255  0.48576  0.95510
     78   3.34297  4.75837  4.45142  4.09484  3.20526  4.18827  4.69948  2.42117  3.86099  0.69720  3.18218  4.35439  4.59732  4.18998  4.00915  3.78247  3.63080  2.50043  5.14094  3.90107     83 l - - -
          2.68618  4.42225  2.77519  2.73123  3.46354  2.40513  3.72494  3.29354  2.67741  2.69355  4.24690  2.90347  2.73739  3.18146  2.89801  2.37887  2.77519  2.98518  4.58477  3.61503
          0.02660  4.03601  4.75836  0.61958  0.77255  0.48576  0.95510
     79   2.86627  5.03367  2.98363  2.59409  4.47985  3.46315  3.69171  3.90088  1.21476  3.42303  4.27648  2.86124  3.94120  2.84410  2.44148  2.70906  3.11302  3.54314  5.51739  4.24750     84 k - - -
          2.68618  4.42225  2.77519  2.73123  3.46354  2.40513  3.72494  3.29354  2.67741  2.69355  4.24690  2.90347  2.73739  3.18146  2.89801  2.37887  2.77519  2.98518  4.58477  3.61503
          0.02660  4.03601  4.75836  0.61958  0.77255  0.48576  0.95510
     80   2.58650  4.53121  3.16702  2.81918  4.07855  3.29736  3.92051  3.33744  2.37937  3.08804  4.00534  3.20248  3.88098  3.14687  2.96397  2.71953  1.36415  3.02098  5.40387  4.14611     85 t - - -
          2.68618  4.42225  2.77519  2.73123  3.46354  2.40513  3.72494  3.29354  2.67741  2.69355  4.24690  2.90347  2.73739  3.18146  2.89801  2.37887  2.77519  2.98518  4.58477  3.61503
          0.02660  4.03601  4.75836  0.61958  0.77255  0.48576  0.95510
     81   3.34297  4.75837  4.45142  4.09484  3.20526  4.18827  4.69948  2.42117  3.86099  0.69720  3.18218  4.35439  4.59732  4.18998  4.00915  3.78247  3.63080  2.50043  5.14094  3.90107     86 l - - -
          2.68618  4.42225  2.77519  2.73123  3.46354  2.40513  3.72494  3.29354  2.67741  2.69355  4.24690  2.90347  2.73739  3.18146  2.89801  2.37887  2.77519  2.98518  4.58477  3.61503
          0.02660  4.03601  4.75836  0.61958  0.77255  0.48576  0.95510
     82   2.88064  4.63699  3.58768  3.50928  4.64316  0.51612  4.61696  4.28510  3.71263  3.91790  4.89695  3.75237  4.03322  4.02407  3.92820  3.05769  3.37462  3.78186  5.69244  4.75151     87 G - - -
          2.68618  4.42225  2.77519  2.73123  3.46354  2.40513  3.72494  3.29354  2.67741  2.69355  4.24690  2.90347  2.73739  3.18146  2.89801  2.37887  2.77519  2.98518  4.58477  3.61503
          0.02660  4.03601  4.75836  0.61958  0.77255  0.48576  0.95510
     83   3.34297  4.75837  4.45142  4.09484  3.20526  4.18827  4.69948  2.42117  3.86099  0.69720  3.18218  4.35439  4.59732  4.18998  4.00915  3.78247  3.63080  2.50043  5.14094  3.90107     88 l - - -
          2.68618  4.42225  2.77519  2.73123  3.46354  2.40513  3.72494  3.29354  2.67741  2.69355  4.24690  2.90347  2.73739  3.18146  2.89801  2.37887  2.77519  2.98518  4.58477  3.61503
          0.02660  4.03601  4.75836  0.61958  0.77255  0.48576  0.95510
     84   2.98475  5.57593  1.18261  1.92474  4.85748  3.23080  3.79415  4.38969  2.83588  3.88385  4.74159  2.39349  3.86556  2.96422  3.44620  2.86003  3.27887  3.95610  6.04167  4.51712     89 d - - -
          2.68618  4.42225  2.77519  2.73123  3.46354  2.40513  3.72494  3.29354  2.67741  2.69355  4.24690  2.90347  2.73739  3.18146  2.89801  2.37887  2.77519  2.98518  4.58477  3.61503
          0.02660  4.03601  4.75836  0.61958  0.77255  0.48576  0.95510
     85   2.56863  4.26121  3.56984  3.01359  3.45166  3.54366  3.90469  2.63139  2.94295  2.31070  3.05556  3.38027  3.96347  3.25215  3.27291  2.43847  2.16384  2.14785  4.93487  3.70788     90 v - - -
          2.68618  4.42225  2.77519  2.73123  3.46354  2.40513  3.72494  3.29354  2.67741  2.69355  4.24690  2.90347  2.73739  3.18146  2.89801  2.37887  2.77519  2.98518  4.58477  3.61503
          0.02660  4.03601  4.75836  0.61958  0.77255  0.48576  0.95510
     86   2.84592  5.04580  3.02464  2.56016  4.36363  3.49884  3.12273  3.82760  1.34703  3.34039  4.18096  3.03681  3.92770  2.79050  2.43351  2.57812  3.06583  3.48554  5.43760  4.14651     91 k - - -
          2.68618  4.42225  2.77519  2.73123  3.46354  2.40513  3.72494  3.29354  2.67741  2.69355  4.24690  2.90347  2.73739  3.18146  2.89801  2.37887  2.77519  2.98518  4.58477  3.61503
          0.02660  4.03601  4.75836  0.61958  0.77255  0.48576  0.95510
     87   3.10257  4.43490  4.73186  4.21552  3.51008  4.42321  4.92380  1.67240  4.08974  1.87741  3.33218  4.45826  4.72523  4.35677  4.29661  3.79315  3.36164  1.03655  5.45921  4.25373     92 v - - -
          2.68618  4.42225  2.77519  2.73123  3.46354  2.40513  3.72494  3.29354  2.67741  2.69355  4.24690  2.90347  2.73739  3.18146  2.89801  2.37887  2.77519  2.98518  4.58477  3.61503
          0.02660  4.03601  4.75836  0.61958  0.77255  0.48576  0.95510
     88   2.97621  5.55170  1.56428  1.34035  4.83846  3.24422  3.79048  4.35941  2.80956  3.85882  4.71358  2.70753  3.86729  2.95708  3.40654  2.85682  3.26514  3.93096  6.00737  4.50233     93 e - - -
          2.68618  4.42225  2.77519  2.73123  3.46354  2.40513  3.72494  3.29354  2.67741  2.69355  4.24690  2.90347  2.73739  3.18146  2.89801  2.37887  2.77519  2.98518  4.58477  3.61503
          0.02660  4.03601  4.75836  0.61958  0.77255  0.48576  0.95510
     89   2.87873  5.37176  1.77489  1.84130  4.70384  1.92696  3.75975  4.20221  2.73362  3.71706  4.54876  2.73307  3.84475  2.91970  3.30344  2.79267  3.16405  3.78187  5.88678  4.41629     94 d - - -
          2.68618  4.42225  2.77519  2.73123  3.46354  2.40513  3.72494  3.29354  2.67741  2.69355  4.24690  2.90347  2.73739  3.18146  2.89801  2.37887  2.77519  2.98518  4.58477  3.61503
          0.02660  4.03601  4.75836  0.61958  0.77255  0.48576  0.95510
     90   2.98355  5.56590  1.44896  1.42903  4.85119  3.24172  3.79401  4.37456  2.82085  3.87244  4.72942  2.70404  3.86848  2.96161  3.42286  2.86144  3.27383  3.94457  6.02098  4.51147     95 e - - -
          2.68618  4.42225  2.77519  2.73123  3.46354  2.40513  3.72494  3.29354  2.67741  2.69355  4.24690  2.90347  2.73739  3.18146  2.89801  2.37887  2.77519  2.98518  4.58477  3.61503
          0.02660  4.03601  4.75836  0.61958  0.77255  0.48576  0.95510
     91   3.17292  5.31723  0.70906  2.45131  4.71801  3.34143  4.08563  4.34504  3.20232  3.92534  4.90980  3.01484  4.00604  3.32701  3.73862  3.11875  3.51595  3.96771  5.85407  4.56750     96 d - - -
          2.68618  4.42225  2.77519  2.73123  3.46354  2.40513  3.72494  3.29354  2.67741  2.69355  4.24690  2.90347  2.73739  3.18146  2.89801  2.37887  2.77519  2.98518  4.58477  3.61503
          0.02660  4.03601  4.75836  0.61958  0.77255  0.48576  0.95510
     92   3.18269  4.55126  4.68502  4.13527  3.19564  4.40778  4.76709  2.07035  3.98401  1.05694  2.81371  4.40424  4.65897  4.18145  4.15570  3.75446  3.42099  1.72643  5.20923  4.09059     97 l - - -
          2.68618  4.42225  2.77519  2.73123  3.46354  2.40513  3.72494  3.29354  2.67741  2.69355  4.24690  2.90347  2.73739  3.18146  2.89801  2.37887  2.77519  2.98518  4.58477  3.61503
          0.02660  4.03601  4.75836  0.61958  0.77255  0.48576  0.95510
     93   2.68004  5.13608  2.44828  1.10762  4.52424  3.29896  3.83847  3.88571  2.71285  3.52807  4.44289  2.88050  3.89830  3.02041  3.16290  2.85229  3.18361  3.53958  5.75243  4.36913     98 e - - -
          2.68618  4.42225  2.77519  2.73123  3.46354  2.40513  3.72494  3.29354  2.67741  2.69355  4.24690  2.90347  2.73739  3.18146  2.89801  2.37887  2.77519  2.98518  4.58477  3.61503
          0.02660  4.03601  4.75836  0.61958  0.77255  0.48576  0.95510
     94   3.49109  4.91353  4.08332  3.84589  2.31724  4.02350  3.70669  3.47836  3.69886  2.88939  4.13689  3.93022  4.49472  3.96516  3.84790  3.61045  3.77924  3.35699  3.96639  0.73184     99 y - - -
          2.68618  4.42225  2.77519  2.73123  3.46354  2.40513  3.72494  3.29354  2.67741  2.69355  4.24690  2.90347  2.73739  3.18146  2.89801  2.37887  2.77519  2.98518  4.58477  3.61503
          0.02660  4.03601  4.75836  0.61958  0.77255  0.48576  0.95510
     95   3.35079  4.70989  4.71944  4.22659  2.53731  4.47039  4.58523  2.29266  4.07353  0.82991  2.95499  4.45090  4.70907  4.21298  4.20679  3.85486  3.58582  2.42093  4.86658  3.51648    100 l - - -
          2.68618  4.42225  2.77519  2.73123  3.46354  2.40513  3.72494  3.29354  2.67741  2.69355  4.24690  2.90347  2.73739  3.18146  2.89801  2.37887  2.77519  2.98518  4.58477  3.61503
          0.02660  4.03601  4.75836  0.61958  0.77255  0.48576  0.95510
     96   2.93488  5.08732  3.19677  2.67215  4.43130  3.56960  3.65273  3.87046  2.06119  3.34765  4.21981  3.12018  3.98208  1.60722  1.83897  2.93783  3.13999  3.54695  5.44160  4.19605    101 q - - -
          2.68618  4.42225  2.77519  2.73123  3.46354  2.40513  3.72494  3.29354  2.67741  2.69355  4.24690  2.90347  2.73739  3.18146  2.89801  2.37887  2.77519  2.98518  4.58477  3.61503
          0.02660  4.03601  4.75836  0.61958  0.77255  0.48576  0.95510
     97   2.62582  4.70954  3.14047  2.67296  4.28408  2.90168  3.75485  3.70362  2.35302  3.28075  4.11588  3.09743  3.85547  2.92216  1.58301  2.24354  2.93315  3.31981  5.44895  4.18126    102 r - - -
          2.68618  4.42225  2.77519  2.73123  3.46354  2.40513  3.72494  3.29354  2.67741  2.69355  4.24690  2.90347  2.73739  3.18146  2.89801  2.37887  2.77519  2.98518  4.58477  3.61503
          0.02660  4.03601  4.75836  0.61958  0.77255  0.48576  0.95510
     98   3.12049  4.46199  4.75337  4.18747  2.05537  4.35484  4.61144  1.83859  4.06324  1.34101  2.96664  4.38067  4.59661  4.17701  4.17653  3.68574  3.34662  1.98674  4.97944  3.78112    103 l - - -
          2.68618  4.42225  2.77519  2.73123  3.46354  2.40513  3.72494  3.29354  2.67741  2.69355  4.24690  2.90347  2.73739  3.18146  2.89801  2.37887  2.77519  2.98518  4.58477  3.61503
          0.02660  4.03601  4.75836  0.61958  0.77255  0.48576  0.95510
     99   3.62110  4.93513  4.35012  4.09861  2.85219  3.92087  4.11556  3.65459  3.81878  3.02001  4.28036  4.21534  4.45283  4.19791  3.91742  3.82312  3.93040  3.54937  0.61139  2.84619    104 W - - -
          2.68618  4.42225  2.77519  2.73123  3.46354  2.40513  3.72494  3.29354  2.67741  2.69355  4.24690  2.90347  2.73739  3.18146  2.89801  2.37887  2.77519  2.98518  4.58477  3.61503
          0.02660  4.03601  4.75836  0.61958  0.77255  0.48576  0.95510
    100   2.69896  5.15519  2.50372  1.85220  4.48451  3.36377  3.59962  3.94979  2.07190  3.43918  4.21346  2.83405  3.80425  2.36676  2.56945  2.65503  2.93235  3.54020  5.57701  4.18652    105 e - - -
          2.68618  4.42225  2.77519  2.73123  3.46354  2.40513  3.72494  3.29354  2.67741  2.69355  4.24690  2.90347  2.73739  3.18146  2.89801  2.37887  2.77519  2.98518  4.58477  3.61503
          0.02660  4.03601  4.75836  0.61958  0.77255  0.48576  0.95510
    101   2.66178  4.80930  2.65250  2.04381  4.34181  3.24071  3.83141  3.77855  2.68852  3.40016  4.25386  2.94704  3.83501  3.01912  3.11518  1.42374  2.99694  3.38768  5.60180  4.25235    106 s - - -
          2.68618  4.42225  2.77519  2.73123  3.46354  2.40513  3.72494  3.29354  2.67741  2.69355  4.24690  2.90347  2.73739  3.18146  2.89801  2.37887  2.77519  2.98518  4.58477  3.61503
          0.02660  4.03601  4.75836  0.61958  0.77255  0.48576  0.95510
    102   3.20532  4.54735  4.77294  4.20658  3.14000  4.45779  4.77596  1.68514  4.06605  1.36269  1.84974  4.46051  4.67287  4.21283  4.20633  3.79520  3.43070  2.13555  5.16087  4.07309    107 l - - -
          2.68618  4.42225  2.77519  2.73123  3.46354  2.40513  3.72494  3.29354  2.67741  2.69355  4.24690  2.90347  2.73739  3.18146  2.89801  2.37887  2.77519  2.98518  4.58477  3.61503
          0.02660  4.03601  4.75836  0.61958  0.77255  0.48576  0.95510
    103   2.63422  4.59721  3.24363  2.67355  3.81484  3.48264  3.70746  2.88441  2.44053  2.62606  3.72360  3.12664  3.88944  2.91505  2.03240  2.24479  2.87449  2.90539  5.14778  3.87190    108 r - - -
          2.68618  4.42225  2.77519  2.73123  3.46354  2.40513  3.72494  3.29354  2.67741  2.69355  4.24690  2.90347  2.73739  3.18146  2.89801  2.37887  2.77519  2.98518  4.58477  3.61503
          0.02660  4.03601  4.75836  0.61958  0.77255  0.48576  0.95510
    104   2.58681  3.38739  3.12081  2.55830  3.85611  3.43991  3.66571  3.10292  2.24898  2.88948  3.73439  2.85160  3.83900  2.85512  2.51140  2.25301  2.82380  2.95828  5.17011  3.88052    109 k - - -
          2.68618  4.42225  2.77519  2.73123  3.46354  2.40513  3.72494  3.29354  2.67741  2.69355  4.24690  2.90347  2.73739  3.18146  2.89801  2.37887  2.77519  2.98518  4.58477  3.61503
          0.02660  4.03601  4.75836  0.61958  0.77255  0.48576  0.95510
    105   2.77572  5.07222  3.01329  2.48155  4.42456  3.48241  3.42935  3.83954  1.72240  3.33884  4.14730  2.26609  3.87992  2.72421  2.20421  2.76134  2.84762  3.47788  5.46409  4.16483    110 k - - -
          2.68618  4.42225  2.77519  2.73123  3.46354  2.40513  3.72494  3.29354  2.67741  2.69355  4.24690  2.90347  2.73739  3.18146  2.89801  2.37887  2.77519  2.98518  4.58477  3.61503
          0.02660  4.03601  4.75836  0.61958  0.77255  0.48576  0.95510
    106   2.26066  4.85469  3.08921  2.66473  4.34940  3.42268  3.74767  3.66323  1.32057  3.28771  4.16768  3.10704  3.92007  2.91076  2.56553  2.81504  3.04176  3.32883  5.48136  4.22259    111 k - - -
          2.68624  4.42231  2.77525  2.73129  3.46360  2.40518  3.72500  3.29360  2.67730  2.69350  4.24644  2.90319  2.73745  3.18152  2.89806  2.37893  2.77525  2.98495  4.58483  3.61509
          0.17411  1.83383        *  0.84744  0.55951  0.00000        *
//
